10401   14.1111
10402   14.1667
10403   14.1111
10404   14.1111
10405   14.1111
10406   14.1111
10407   14.1667
10408   14.1111
10409   14.1111
10410   14.1111
10411   14.1111
10412   14.1667
10413   14.1111
10414   14.1111
10415   14.1111
10416   14.1111
10417   14.1111
10418   14.1111
10419   14.1111
10420   14.1111
10421   14.1111
10422   14.1111
10423   14.1111
10424   14.1111
10425   14.1111
10426   14.1111
10427   14.1111
10428   14.1111
10429   14.1111
10430   14.1111
10431   14.1111
10432   14.1111
10433   14.1111
10434   14.1667
10435   14.1111
10436   14.1667
10437   14.1111
10438   14.1111
10439   14.1111
10440   14.1111
10441   14.1111
10442   14.1111
10443   14.1111
10444   14.1111
10445   14.1111
10446   14.1111
10447   14.1111
10448   14.1111
10449   14.1111
10450   14.1667
10451   14.1667
10452   14.1111
10453   14.1111
10454   14.1111
10455   14.1111
10456   14.1111
10457   14.1111
10458   14.1111
10459   14.1111
10460   14.1111
10461   14.1111
10462   14.1667
10463   14.1111
10464   14.1111
10465   14.1667
10466   14.1667
10467   14.1111
10468   14.1111
10469   14.1111
10470   14.1667
10471   14.1111
10472   14.1667
10473   14.1111
10474   14.1111
10475   14.1111
10476   14.1111
10477   14.1111
10478   14.1111
10479   14.1667
10480   14.1111
10481   14.1667
10482   14.1667
10483   14.1667
10484   14.1111
10485   14.1111
10486   14.1111
10487   14.1111
10488   14.1111
10489   14.1667
10490   14.1667
10491   14.1111
10492   14.1111
10493   14.1111
10494   14.1667
10495   14.1111
10496   14.1111
10497   14.1111
10498   14.1667
10499   14.1111
10500   14.1111
10501   14.1111
10502   14.1111
10503   14.1667
10504   14.1111
10505   14.1111
10506   14.1111
10507   14.1111
10508   14.1111
10509   14.1111
10510   14.1111
10511   14.1111
10512   14.1111
10513   14.1111
10514   14.1111
10515   14.1111
10516   14.1111
10517   14.1111
10518   14.1111
10519   14.1111
10520   14.1111
10521   14.1111
10522   14.1111
10523   14.1111
10524   14.1111
10525   14.1111
10526   14.1667
10527   14.1111
10528   14.1111
10529   14.1111
10530   14.1111
10531   14.1111
10532   14.1111
10533   14.1667
10534   14.1667
10535   14.1111
10536   14.1667
10537   14.1111
10538   14.1667
10539   14.1111
10540   14.1667
10541   14.1111
10542   14.1111
10543   14.1111
10544   14.1111
10545   14.1111
10546   14.1667
10547   14.1111
10548   14.1111
10549   14.1111
10550   14.1111
10551   14.1111
10552   14.1667
10553   14.1111
10554   14.1111
10555   14.1111
10556   14.1111
10557   14.1667
10558   14.1667
10559   14.1111
10560   14.1111
10561   14.1111
10562   14.1667
10563   14.1667
10564   14.1667
10565   14.1111
10566   14.1111
10567   14.1111
10568   14.1111
10569   14.1111
10570   14.1667
10571   14.1667
10572   14.1111
10573   14.1667
10574   14.1667
10575   14.1667
10576   14.1111
10577   14.1667
10578   14.1667
10579   14.1111
10580   14.1667
10581   14.1111
10582   14.1111
10583   14.1111
10584   14.1111
10585   14.1111
10586   14.1667
10587   14.1667
10588   14.1111
10589   14.1111
10590   14.1111
10591   14.1667
10592   14.1667
10593   14.1111
10594   14.1111
10595   14.1111
10596   14.1667
10597   14.1111
10598   14.1111
10599   14.1667
10600   14.1667
10601   14.1667
10602   14.1667
10603   14.1667
10604   14.1667
10605   14.1111
10606   14.1111
10607   14.1111
10608   14.1111
10609   14.1111
10610   14.1667
10611   14.1111
10612   14.1111
10613   14.1667
10614   14.1667
10615   14.1111
10616   14.1111
10617   14.1111
10618   14.1667
10619   14.1111
10620   14.1111
10621   14.1111
10622   14.1111
10623   14.1111
10624   14.1111
10625   14.1667
10626   14.1111
10627   14.1111
10628   14.1667
10629   14.1667
10630   14.1111
10631   14.1111
10632   14.1667
10633   14.1667
10634   14.1111
10635   14.1111
10636   14.1111
10637   14.1111
10638   14.1667
10639   14.1111
10640   14.1111
10641   14.1111
10642   14.1111
10643   14.1111
10644   14.1111
10645   14.1111
10646   14.1667
10647   14.1667
10648   14.1667
10649   14.1667
10650   14.1667
10651   14.1667
10652   14.1667
10653   14.2222
10654   14.2222
10655   14.2222
10656   14.2222
10657   14.2222
10658   14.2778
10659   14.2778
10660   14.3333
10661   14.3333
10662   14.3889
10663   14.3889
10664   14.3889
10665   14.4444
10666   14.4444
10667   14.5
10668   14.5
10669   14.5556
10670   14.6111
10671   14.6111
10672   14.6667
10673   14.7222
10674   14.7222
10675   14.7778
10676   14.7778
10677   14.8333
10678   14.8889
10679   14.8889
10680   14.9444
10681   15
10682   15
10683   15.1111
10684   15.1667
10685   15.2222
10686   15.3333
10687   15.3889
10688   15.4444
10689   15.5
10690   15.5556
10691   15.6111
10692   15.6667
10693   15.6667
10694   15.7222
10695   15.7778
10696   15.7778
10697   15.7778
10698   15.7778
10699   15.7778
10700   15.7778
10701   15.7778
10702   15.7778
10703   15.7222
10704   15.7222
10705   15.7222
10706   15.7222
10707   15.7222
10708   15.7778
10709   15.7222
10710   15.7222
10711   15.7778
10712   15.7778
10713   15.7222
10714   15.7222
10715   15.7222
10716   15.6667
10717   15.6667
10718   15.6111
10719   15.5
10720   15.4444
10721   15.3889
10722   15.3889
10723   15.4444
10724   15.4444
10725   15.5
10726   15.5556
10727   15.5556
10728   15.6111
10729   15.6667
10730   15.6667
10731   15.7778
10732   15.8333
10733   15.8889
10734   15.9444
10735   16.0556
10736   16.1111
10737   16.2222
10738   16.3333
10739   16.3889
10740   16.5
10741   16.6111
10742   16.7778
10743   16.8333
10744   17
10745   17.1111
10746   17.2222
10747   17.3889
10748   17.5
10749   17.6111
10750   17.7778
10751   17.9444
10752   18.0556
10753   18.1667
10754   18.3333
10755   18.5
10756   18.6111
10757   18.7778
10758   19
10759   19.2222
10760   19.4444
10761   19.6667
10762   19.8889
10763   20.1111
10764   20.3333
10765   20.5556
10766   20.7778
10767   20.9444
10768   21.1667
10769   21.3333
10770   21.5
10771   21.6667
10772   21.8333
10773   22
10774   22.1667
10775   22.3333
10776   22.4444
10777   22.5556
10778   22.6667
10779   22.7778
10780   22.8889
10781   22.9444
10782   23.0556
10783   23.1111
10784   23.2222
10785   23.2778
10786   23.3333
10787   23.4444
10788   23.5
10789   23.5556
10790   23.6667
10791   23.7778
10792   23.8889
10793   23.9444
10794   24.1111
10795   24.3333
10796   24.3889
10797   24.5
10798   24.6667
10799   24.7778
10800   24.8889
10801   25
10802   25.1667
10803   25
10804   25.3889
10805   25.4444
10806   25.5556
10807   25.6667
10808   25.7222
10809   25.7778
10810   25.8333
10811   25.8889
10812   25.9444
10813   25.9444
10814   26
10815   26
10816   26.0556
10817   26.0556
10818   26.0556
10819   26
10820   26.0556
10821   26
10822   26.0556
10823   25.9444
10824   26
10825   25.8889
10826   25.8889
10827   25.8333
10828   25.7778
10829   25.7222
10830   25.8333
10831   26.0556
10832   26.2778
10833   26.5
10834   26.6667
10835   26.8333
10836   27
10837   27.1667
10838   27.3333
10839   27.5556
10840   27.7778
10841   27.9444
10842   28.1667
10843   28.3889
10844   28.6111
10845   28.7778
10846   29.0556
10847   29.2778
10848   29.5
10849   29.7778
10850   30.0556
10851   30.3333
10852   30.6111
10853   30.8333
10854   31.1111
10855   31.3333
10856   31.6111
10857   31.8333
10858   32.1111
10859   32.3889
10860   32.6667
10861   32.9444
10862   33.2222
10863   33.5
10864   33.7778
10865   34.0556
10866   34.3333
10867   34.6111
10868   34.8889
10869   35.1667
10870   35.3889
10871   35.6667
10872   35.9444
10873   36.2222
10874   36.5
10875   36.7222
10876   37
10877   37.2222
10878   37.4444
10879   37.7222
10880   37.9444
10881   38.1667
10882   38.3889
10883   38.6111
10884   38.8333
10885   39.0556
10886   39.3333
10887   39.6111
10888   39.8889
10889   40.1111
10890   40.3889
10891   40.6667
10892   40.8889
10893   41.1111
10894   41.3889
10895   41.6111
10896   41.8333
10897   42.0556
10898   42.2778
10899   42.5
10900   42.7222
10901   42.8889
10902   43.1111
10903   43.3333
10904   43.5
10905   43.6667
10906   43.8333
10907   44.0556
10908   44.1667
10909   44.2778
10910   44.4444
10911   44.5556
10912   44.6667
10913   44.7778
10914   44.8889
10915   44.9444
10916   45.0556
10917   45.1111
10918   45.1667
10919   45.2778
10920   45.3333
10921   45.3889
10922   45.5
10923   45.5556
10924   45.5556
10925   45.6111
10926   45.6667
10927   45.6667
10928   45.6667
10929   45.6667
10930   45.6667
10931   45.6667
10932   45.6667
10933   45.5556
10934   45.6111
10935   45.5
10936   45.4444
10937   45.3889
10938   45.3333
10939   45.2222
10940   45.1111
10941   44.9444
10942   44.8333
10943   44.6667
10944   44.5
10945   44.1111
10946   44.2222
10947   43.9444
10948   43.8333
10949   43.6111
10950   43.4444
10951   43.2222
10952   43.0556
10953   42.7778
10954   42.4444
10955   42.2778
10956   42.0556
10957   41.8889
10958   41.6667
10959   41.5
10960   41.2222
10961   41.0556
10962   40.8333
10963   40.6111
10964   40.3333
10965   40.1111
10966   39.7778
10967   39.2222
10968   38.8889
10969   38.5
10970   38.6667
10971   38.4444
10972   38.1111
10973   37.7778
10974   36.8889
10975   37.1667
10976   36.7222
10977   35.6111
10978   35.1111
10979   35.7222
10980   35.3889
10981   35
10982   33.5556
10983   34.1667
10984   32.7222
10985   32.2778
10986   31.7778
10987   30.6111
10988   32.2222
10989   31.6667
10990   29.8333
10991   30.7778
10992   30.5
10993   30
10994   29.4444
10995   29
10996   28.7222
10997   28.7222
10998   28.7222
10999   28.7778
11000   28.8333
11001   28.8889
11002   28.9444
11003   29.0556
11004   29.1667
11005   29.2222
11006   29.2778
11007   29.3889
11008   29.5
11009   29.6111
11010   29.7222
11011   29.8889
11012   30.0556
11013   30.2222
11014   30.3889
11015   30.5
11016   30.7222
11017   30.8889
11018   31.0556
11019   31.2222
11020   31.3889
11021   31.6111
11022   31.7778
11023   32
11024   32.1667
11025   32.3889
11026   32.6111
11027   32.8333
11028   33.1111
11029   33.3333
11030   33.6111
11031   33.8333
11032   34.1111
11033   34.3333
11034   34.6111
11035   34.8889
11036   35.1111
11037   35.3889
11038   35.6111
11039   35.9444
11040   36.2222
11041   36.5556
11042   36.8333
11043   37.1667
11044   37.4444
11045   37.7222
11046   38
11047   38.2778
11048   38.5556
11049   38.7222
11050   39.0556
11051   39.3333
11052   39.5556
11053   39.7778
11054   40
11055   40.2778
11056   40.4444
11057   40.6667
11058   40.8889
11059   41.1111
11060   41.2778
11061   41.4444
11062   41.1667
11063   41.8333
11064   42
11065   42.1111
11066   42.2222
11067   42.3889
11068   42.5556
11069   42.6111
11070   42.7778
11071   42.8333
11072   42.9444
11073   43
11074   43.1111
11075   43.2222
11076   43.2778
11077   43.3333
11078   43.4444
11079   43.5
11080   43.5556
11081   43.5556
11082   43.6111
11083   43.6111
