295 circulos
1737 43 5 1 146.167 1
1787 44 6 1 167.5 1
1799 43 6 1 178.667 1
1857 43 6 1 160 1
1823 45 5 1 168.667 1
1922 43 5 1 156.667 1
1950 44 5 1 160.333 1
1778 47 6 1 181.833 1
1966 44 6 1 167.333 1
1896 45 7 1 170.667 1
1713 42 4 0 115.5 1
1983 43 6 1 164.5 1
2011 47 5 1 169.167 1
1755 48 7 1 198.167 1
1992 45 5 1 169.833 1
2001 45 4 1 176.667 1
1985 51 4 1 173.5 1
2121 47 5 1 167.833 1
2519 42 5 1 215.667 2
2112 44 5 1 162.833 1
1879 41 5 1 155.667 1
1794 52 5 1 184.5 1
2227 47 5 1 144 1
2056 51 4 1 170.5 1
2039 41 5 1 143.5 1
2279 44 9 1 238.167 2
2188 51 5 1 165.167 1
2019 48 4 1 182.667 1
2299 47 5 1 161.833 1
2101 45 5 1 159.833 1
1873 50 7 1 168.167 1
1805 53 5 1 186.667 1
2507 47 4 1 214.833 2
1948 53 5 1 177 1
2047 41 4 1 151.333 1
2056 43 4 1 146.167 1
1764 54 6 1 184.167 1
1930 50 7 1 183 1
1906 46 5 1 176.167 1
1958 50 5 1 175.667 1
2204 41 4 1 123.833 1
1818 54 7 1 180.167 1
1915 46 5 1 172.667 1
2243 41 4 1 109.5 1
2318 44 4 1 117.833 1
2046 50 4 1 171 1
2027 46 6 1 162.833 1
2455 41 5 1 201.5 2
2337 44 5 1 246.333 2
2236 51 4 1 148.167 1
2150 50 4 1 156.333 1
2357 44 5 1 230.5 2
1852 55 6 1 170.167 1
1862 55 6 1 163.5 1
1894 56 7 1 174.833 1
1775 57 6 1 182.167 1
2384 44 4 1 215.833 2
2065 53 6 1 165.333 1
2091 43 5 1 144.833 1
1904 55 5 1 172 1
2129 53 5 1 158.667 1
1966 56 4 1 180.833 1
2037 48 4 1 165.167 1
1913 55 5 1 171.167 1
2325 53 5 1 151.667 1
2401 51 5 1 219 2
1738 59 5 1 158.667 1
2261 45 5 1 128.5 1
1753 59 5 1 189.667 1
2204 50 4 1 149.333 1
1786 57 5 1 161.5 1
2212 46 5 1 152.167 1
2471 51 5 1 224.667 2
1829 54 5 1 159 1
2119 57 6 1 165.333 1
2367 45 5 1 234 2
2010 59 6 1 176.5 1
2176 57 4 1 162.167 1
2446 45 5 1 217.333 2
1978 60 6 1 191.333 1
2478 45 5 1 203.167 2
2428 50 5 1 229.5 2
2336 53 5 1 231.5 2
1997 54 6 1 168.833 1
2315 57 5 1 225.5 2
2142 48 5 1 169 1
2134 43 6 1 154.833 1
2538 46 5 1 231.833 2
2220 43 5 1 127.5 1
2041 59 4 1 170.333 1
2169 48 5 1 170 1
2032 56 5 1 161.667 1
1942 62 7 1 174.167 1
2235 43 6 1 126.333 1
2249 59 5 1 156.5 1
2509 57 6 1 224.667 2
2290 43 5 1 144.833 1
2390 53 6 1 243.167 2
2528 45 5 1 222 2
2179 48 7 1 158.5 1
2458 50 6 1 232 2
2328 43 6 1 226.167 2
2099 55 5 1 166 1
1760 66 5 1 172.333 1
1965 67 6 1 179.333 1
1990 62 6 1 170.5 1
2394 43 5 1 223.667 2
2080 56 6 1 164.667 1
2367 55 4 1 238.833 2
2203 60 4 1 162.167 1
2486 44 5 1 230.833 2
2140 67 5 1 225.833 2
2060 62 5 1 166.667 1
2449 55 5 1 232.167 2
2072 62 6 1 164.833 1
2272 60 6 1 229.167 2
2497 44 5 1 230.333 2
2150 67 4 1 162.833 1
2540 60 5 1 222 2
2210 70 6 1 245 2
2160 67 6 1 154 1
2322 64 4 1 235.667 2
1932 71 6 1 175.833 1
2015 68 5 1 158.333 1
2435 43 5 1 212.667 2
2022 68 4 1 160.5 1
2437 53 5 1 235.833 2
2246 70 5 1 238.667 2
1743 65 5 1 158.667 1
2380 59 5 1 230.333 2
2276 70 7 1 242.833 2
2231 67 5 1 234.333 2
2287 70 4 1 178.333 2
2408 59 5 1 231 2
2256 67 5 1 235.5 2
2098 71 5 1 247.667 2
2381 70 6 1 224.5 2
2419 59 6 1 217 2
2039 68 6 1 155.833 1
2130 71 5 1 193.667 1
1769 69 6 1 190.167 1
2224 71 5 1 170.333 1
2464 59 6 1 223.667 2
2157 56 5 1 160.333 1
1874 69 5 1 181 1
2333 71 5 1 235.833 2
2467 43 5 1 213.167 2
2211 56 6 1 159.5 1
2355 71 4 1 231.5 2
2267 67 4 1 222.333 2
1742 75 5 1 124.833 1
1875 61 6 1 178.167 1
2519 53 6 1 230.833 2
2529 57 6 1 219.833 2
2090 52 6 1 160.667 1
1922 58 5 1 172.5 1
2412 70 5 1 223 2
1784 74 6 1 180.167 1
2021 58 5 1 186.833 1
2081 68 5 1 167.333 1
1897 78 4 1 118.833 1
1754 79 9 1 169.833 1
2166 76 5 1 240.667 2
1797 74 5 1 142.167 1
2309 48 5 1 232.667 2
1931 61 6 1 177.667 1
2393 76 6 1 225.667 2
1884 74 5 1 164.167 1
2110 75 6 1 249.333 2
1791 66 6 1 182.5 1
1844 77 8 1 161.167 1
2218 62 6 1 155.833 1
2051 58 5 1 167.5 1
1803 65 5 1 164.833 1
1957 61 6 1 178.667 1
2239 62 5 1 166.667 1
1886 63 5 1 178.167 1
2371 67 6 1 230.667 2
2185 61 5 1 168 1
2109 54 4 1 173.333 1
2118 68 5 1 157.167 1
2531 67 6 1 214.167 2
2004 74 4 1 160.5 1
2172 68 5 1 225.333 2
2284 61 5 1 215 2
2253 77 5 1 242.333 2
1929 81 5 1 166.333 1
2200 75 5 1 228.833 2
2410 48 4 1 227.833 2
1829 72 6 1 174.5 1
2235 75 5 1 243.333 2
1953 81 8 1 248.667 2
1766 82 5 1 150.167 1
2196 54 5 1 161 1
2312 68 6 1 227.333 2
2485 64 5 1 225 2
1965 78 6 1 170.5 1
2481 54 5 1 149.5 1
2540 71 5 1 221.167 2
2263 77 5 1 209.833 2
1942 80 5 1 165.5 1
1835 83 4 1 145.833 1
2419 77 5 1 218.667 2
1902 66 5 1 172.833 1
1863 83 4 1 124.5 1
2058 83 5 1 138.333 1
2031 66 5 1 175.333 1
1976 72 5 1 162 1
2293 62 7 1 224.833 2
2219 52 4 1 153 1
2068 72 5 1 161.667 1
2339 62 5 1 236.833 2
2423 68 4 1 231.833 2
2350 62 6 1 232 2
2013 78 5 1 133.167 1
2513 68 5 1 206.5 2
2512 77 6 1 225.5 2
2217 84 7 1 237.5 2
2139 58 4 1 178.667 1
2364 84 6 1 186.333 2
2385 84 6 1 218.167 2
1821 82 3 1 79.3333 1
2504 84 6 1 229.167 2
1920 82 5 1 161.333 1
2132 63 4 1 158.667 1
2002 65 5 1 180.333 1
2108 65 6 1 162 1
1981 80 5 1 138.5 1
2419 48 5 1 219 2
2430 61 5 1 231.667 2
2100 80 7 1 180.167 2
2360 62 4 1 230.5 2
2404 76 6 1 224.5 2
2494 76 5 1 206 2
2076 82 4 1 110.333 1
2088 82 7 1 177 1
2296 82 6 1 241.333 2
2311 82 5 1 190.833 2
2365 75 6 1 237.333 2
2483 75 7 1 232.167 2
1995 81 3 1 55.3333 1
2056 74 6 1 216.167 1
2192 81 6 1 229.667 2
2131 79 5 1 219.167 1
2304 74 5 1 240.167 2
2142 79 4 1 125.667 1
2321 83 3 1 92.6667 1
2283 79 4 1 203.167 2
2352 79 5 1 233.167 2
2376 79 5 1 221.5 2
2319 74 5 1 208.5 2
2456 74 5 1 230.167 2
2502 74 6 1 220.667 2
2190 72 4 1 162 1
2434 72 5 1 225.167 2
2194 63 5 1 155.333 1
2029 78 5 1 138 1
2441 63 4 1 224.167 2
2390 65 5 1 225.5 2
2474 63 6 1 229.333 2
2147 58 5 1 162 1
2166 58 6 1 175.5 1
2181 78 7 1 247.667 2
2228 58 5 1 160.333 1
2262 58 5 1 160.667 1
2230 78 4 1 243.667 2
2330 78 5 1 236 2
2304 58 6 1 227.667 2
2440 78 4 1 176 2
1920 73 6 1 174 1
2521 64 5 1 218.167 2
2496 65 5 1 216.333 2
2085 73 5 1 169.5 1
2153 73 4 1 157.667 1
2294 73 5 1 227.667 2
2345 73 5 1 229.667 2
2472 73 5 1 220.5 2
2505 65 4 1 202.5 2
2255 52 6 1 148.833 1
2288 52 5 1 242.667 2
2346 52 5 1 239.833 2
2356 52 4 1 236.5 2
2244 80 6 1 232 2
2522 80 6 1 218.833 2
2536 80 5 1 233.667 2
1885 49 5 1 183.5 1
1940 49 5 1 172.5 1
1975 49 5 1 175.333 1
2074 49 5 1 164.333 1
2245 49 5 1 143.667 1
2376 49 5 1 231.833 2
2090 66 5 1 161.833 1
2400 66 5 1 232.833 2
2455 66 5 1 243.667 2
2498 54 7 1 228.667 2
