299 circulos
1832 34 4 1 1
1741 36 3 1 1
1711 35 5 1 1
2348 33 3 0 1
1720 38 4 1 1
1960 37 3 1 1
1749 40 5 1 1
2074 37 3 1 1
1849 34 4 1 1
1708 42 4 1 1
1775 43 3 0 1
1735 44 4 1 1
1819 39 3 0 1
1988 45 5 1 1
1707 49 4 1 2
1856 36 4 1 1
1757 35 3 1 1
1873 40 5 1 1
1708 49 4 1 1
1856 43 4 1 1
1757 44 4 1 1
1727 42 4 1 1
1729 51 4 1 1
1891 41 5 1 1
1883 40 5 1 1
1736 53 5 1 1
1710 56 5 1 1
1837 39 3 1 1
1970 41 5 1 1
1833 48 4 1 1
2024 52 5 1 1
2031 45 4 1 1
1745 57 5 1 1
2186 37 3 0 1
1980 41 5 1 1
1852 50 3 1 1
1718 54 4 1 1
2017 40 4 1 1
2049 52 5 1 1
1877 48 5 1 1
1752 51 3 1 1
2070 45 3 1 1
1768 53 3 0 1
2312 34 3 1 2
2264 55 5 0 1
2063 40 4 1 1
1900 39 4 0 1
1865 43 5 1 2
1829 57 3 1 1
1887 48 4 1 1
2397 34 3 1 2
2206 52 5 1 1
2270 37 3 0 1
1991 54 4 1 1
2234 52 4 1 1
1989 36 3 1 1
1947 43 3 0 1
2197 47 5 1 1
2363 55 5 0 2
1982 53 5 1 1
1900 48 4 0 1
1837 57 4 1 1
2205 41 5 1 1
1893 56 5 1 1
1859 51 4 1 2
1973 50 4 1 1
1853 58 5 1 1
2054 44 4 1 1
1956 48 4 1 1
1844 57 5 1 2
1830 42 4 1 1
2412 37 4 1 2
2397 41 4 1 2
2053 36 4 1 1
2332 52 4 0 2
2297 43 5 1 1
1878 58 6 1 1
1964 48 5 1 1
2303 35 3 1 2
2006 39 4 1 1
2178 40 4 0 1
2354 52 5 0 2
1731 59 4 1 1
1975 58 4 1 1
1720 46 5 1 1
2158 36 3 0 1
2508 55 5 1 2
2164 45 3 0 1
1968 57 5 1 1
2036 39 5 1 1
2390 52 4 0 2
2199 36 3 1 1
1743 46 5 1 1
2310 43 5 1 2
2007 56 4 1 1
2225 50 5 1 1
1845 46 5 1 1
2498 41 5 1 2
2318 40 5 1 2
2290 50 4 1 1
2474 43 4 1 2
1868 60 5 1 1
2412 53 4 1 2
2216 47 5 1 1
2467 50 4 1 2
2533 55 5 1 2
2532 43 5 1 2
1868 51 5 1 1
1723 61 5 1 1
2429 39 3 1 2
2156 51 3 0 1
1707 64 6 1 1
2017 57 4 1 1
2284 59 6 1 1
2066 57 4 1 1
2307 51 5 1 2
2294 59 5 1 1
2229 58 3 1 1
1953 60 6 1 1
2442 51 4 1 2
1910 61 3 0 1
2472 59 4 1 2
2042 60 5 1 1
2404 58 5 1 2
2499 51 5 1 2
1730 66 5 1 1
1996 46 4 1 1
2045 42 5 1 1
2281 46 4 1 1
1896 67 5 0 1
2468 40 4 1 2
2014 48 5 1 1
2231 42 4 1 1
1999 54 5 1 1
1716 63 4 1 1
2513 40 4 1 2
2076 54 4 1 1
2444 42 4 1 2
1733 38 4 1 1
2247 54 5 0 1
1737 62 5 1 1
2489 42 4 1 2
2257 54 3 0 1
2308 60 4 1 2
1998 38 5 1 1
1770 62 3 0 1
2421 52 4 1 2
2452 39 5 1 2
2490 52 5 1 2
1848 65 5 1 1
2481 39 3 1 2
1968 67 4 1 1
1867 68 5 1 1
2348 46 4 0 2
2252 45 4 0 1
2522 39 4 1 2
2080 44 4 0 1
2363 46 4 0 2
1753 63 3 1 1
1836 64 5 1 1
1849 72 3 1 1
1719 69 5 1 1
2426 58 5 1 2
1874 66 3 1 1
2348 60 5 0 2
2034 66 5 1 1
1860 64 4 1 1
2062 66 4 1 1
2386 60 4 0 2
1912 69 4 0 1
2177 66 4 0 1
1972 73 3 1 1
1962 62 4 1 1
1886 64 5 1 1
2072 65 4 1 1
2008 67 5 1 1
2196 57 5 1 1
2197 69 3 1 1
2018 68 4 1 1
2213 57 4 1 1
2246 65 3 0 1
2044 68 4 1 1
1981 63 4 1 1
2051 61 4 1 1
2361 65 4 0 2
2033 56 5 1 1
2435 65 4 1 2
1988 72 4 1 1
2237 61 5 1 1
1960 70 5 1 1
2276 54 5 0 1
2318 61 5 1 2
2342 54 5 0 2
2182 72 3 0 1
2316 48 4 1 2
2002 73 3 1 1
2428 48 4 1 2
2217 73 3 1 1
1920 64 3 0 1
2024 62 5 1 1
2262 45 5 0 1
2204 62 5 1 1
2374 57 3 0 1
2406 46 5 1 2
2482 57 5 1 2
2228 69 4 1 1
2000 63 5 1 1
2298 75 3 1 2
2183 63 4 0 1
2264 68 4 0 1
2057 56 4 1 1
1980 70 5 1 1
2322 68 4 1 2
2434 56 5 1 2
2470 68 5 1 2
2328 61 4 0 2
2212 66 4 1 1
2499 61 4 1 2
2447 66 4 1 2
2440 72 4 1 2
2245 73 3 0 1
2456 66 4 1 2
1990 64 5 1 1
2271 45 4 0 1
2256 62 4 0 1
2385 45 4 0 2
2242 44 5 0 1
2395 62 4 1 2
2334 44 5 0 2
2414 62 5 1 2
2323 75 4 1 2
1753 71 3 1 1
2415 44 4 1 2
1996 70 4 1 1
2459 54 5 1 2
2039 49 4 1 1
2506 68 4 1 2
2450 48 4 1 2
2482 48 5 1 2
2525 48 5 1 2
2420 36 5 1 2
2289 67 5 1 1
2432 73 5 1 2
2449 58 6 1 2
2441 78 4 1 1
2436 45 4 1 2
2298 69 4 1 2
2316 76 5 1 2
2342 69 4 0 2
2347 76 4 0 2
2123 38 3 0 1
2464 62 5 1 2
2424 75 4 1 2
1859 71 3 1 1
2490 62 4 1 2
2422 44 4 1 2
2237 70 4 1 1
2478 66 4 1 2
2062 49 5 1 1
2333 77 4 0 2
2462 72 5 1 2
2396 77 4 1 1
2468 77 4 1 2
2460 45 5 1 2
2375 76 4 0 2
2502 76 5 1 2
2387 69 4 0 2
2213 38 4 1 1
2496 69 4 1 2
1880 71 4 1 1
2359 38 4 0 2
2476 75 4 1 2
2521 56 5 1 2
2254 70 5 0 1
2181 49 5 0 1
2438 36 4 1 2
2378 49 4 0 2
2426 67 4 1 2
2489 77 4 1 2
2506 45 4 1 2
2221 63 4 1 1
2513 76 4 1 2
2017 74 3 1 1
2376 38 4 0 2
2403 74 5 1 2
2311 70 4 1 2
2398 49 4 1 2
2281 71 4 1 1
2515 49 4 1 2
2405 38 5 1 2
2533 71 5 1 2
2275 63 4 0 1
2352 70 4 0 2
2453 74 5 1 2
2416 70 5 1 2
2515 63 5 1 2
2487 70 5 1 2
2528 63 5 1 2
2522 70 5 1 2
