14009 : 102433 102434
14010 : 102435 102436
14011 : 102437 102438
14012 : 102439 102440
14013 : 102441 102442
14014 : 102443 102444
14015 : 102445 102446
14016 : 102447 102448
14017 : 102449 102450
14018 : 102451 102452
14019 : 102453 102454
14020 : 102455 102456
14021 : 102457 102458
14022 : 102459 102460
14023 : 102461 102462
14024 : 102463 102464
14025 : 102465 102466
14026 : 102467 102468
14027 : 102469 102470
14028 : 102471 102472
14029 : 102473 102474
14030 : 102475 102476
14031 : 102477 102478
14032 : 102479 102480
14033 : 102481 102482
14034 : 102483 102484
14035 : 102485 102486
14036 : 102487 102488
14037 : 102489 102490
14038 : 102491 102492
14039 : 102493 102494
14040 : 102495 102496
14041 : 102497 102498
14042 : 102499 102500
14043 : 102501 102502
14044 : 102503 102504
14045 : 102505 102506
14046 : 102507 102508
14047 : 102509 102510
