34105 : 214166 214167
34236 : 214168 214169
34237 : 214170 214171
34238 : 214172 214173
34239 : 214174 214175
34240 : 214176 214177
34241 : 214178 214179
34242 : 214180 214181
34243 : 214182 214183
34244 : 214184 214185
34245 : 214186 214187
34246 : 214188 214189
34247 : 214190 214191
34248 : 214192 214193
34249 : 214194 214195
34250 : 214196 214197
34251 : 214198 214199
34252 : 214200 214201
34253 : 214202 214203
34254 : 214204 214205
34255 : 214206 214207
34256 : 214208 214209
34257 : 214210 214211
34258 : 214212 214213
34259 : 214214 214215
34260 : 214216 214217
34261 : 214218 214219
34262 : 214220 214221
34263 : 214222 214223
34264 : 214224 214225
34265 : 214226 214227
34266 : 214228 214229
34267 : 214230 214231
34268 : 214232 214233
34269 : 214234 214235
34270 : 214236 214237
34271 : 214238 214239
34272 : 214240 214241
34273 : 214242 214243
34274 : 214244 214245
34275 : 214246 214247
34276 : 214248 214249
34277 : 214250 214251
34278 : 214252 214253
34279 : 214254 214255
34280 : 214256 214257
34281 : 214258 214259
34282 : 214260 214261
34283 : 214262 214263
34284 : 214264 214265
34285 : 214266 214267
34286 : 214268 214269
34287 : 214270 214271
34288 : 214272 214273
34289 : 214274 214275
34290 : 214276 214277
34291 : 214278 214279
34292 : 214280 214281
34293 : 214282 214283
34294 : 214284 214285
34295 : 214286 214287
34296 : 214288 214289
34297 : 214290 214291
34298 : 214292 214293
34299 : 214294 214295
34300 : 214296 214297
34301 : 214298 214299
34302 : 214300 214301
34303 : 214302 214303
34304 : 214304 214305
34305 : 214306 214307
34306 : 214308 214309
34307 : 214310 214311
34308 : 214312 214313
34309 : 214314 214315
