39279 : 325222 325223
39280 : 325224 325225
39281 : 325226 325227
39282 : 325228 325229
39283 : 325230 325231
39284 : 325232 325233
39285 : 325234 325235
39286 : 325236 325237
39287 : 325238 325239
39288 : 325240 325241
39289 : 325242 325243
39290 : 325244 325245
39291 : 325246 325247
39292 : 325248 325249
39293 : 325250 325251
39294 : 325252 325253
39295 : 325254 325255
39296 : 325256 325257
39297 : 325258 325259
39298 : 325260 325261
39299 : 325262 325263
39300 : 325264 325265
39301 : 325266 325267
39302 : 325268 325269
39303 : 325270 325271
39304 : 325272 325273
