62608 : 350677 350678
62609 : 350679 350680
62610 : 350681 350682
62611 : 350683 350684
62612 : 350685 350686
62613 : 350687 350688
62614 : 350689 350690
62615 : 350691 350692
62616 : 350693 350694
62617 : 350695 350696
62618 : 350697 350698
62619 : 350699 350700
62620 : 350701 350702
62621 : 350703 350704
62622 : 350705 350706
62623 : 350707 350708
62624 : 350709 350710
62625 : 350711 350712
62626 : 350713 350714
62627 : 350715 350716
62628 : 350717 350718
62629 : 350719 350720
62630 : 350721 350722
62631 : 350723 350724
62632 : 350725 350726
62633 : 350727 350728
62634 : 350729 350730
62635 : 350731 350732
62636 : 350733 350734
62637 : 350735 350736
62638 : 350737 350738
62639 : 350739 350740
62640 : 350741 350742
62641 : 350743 350744
62642 : 350745 350746
62643 : 350747 350748
62644 : 350749 350750
62645 : 350751 350752
62646 : 350753 350754
62647 : 350755 350756
62648 : 350757 350758
62649 : 350759 350760
62650 : 350761 350762
62651 : 350763 350764
62652 : 350765 350766
62653 : 350767 350768
62654 : 350769 350770
62655 : 350771 350772
62656 : 350773 350774
62657 : 350775 350776
62658 : 350777 350778
62659 : 350779 350780
62660 : 350781 350782
62661 : 350783 350784
62662 : 350785 350786
62663 : 350787 350788
62664 : 350789 350790
62665 : 350791 350792
62666 : 350793 350794
62667 : 350795 350796
62668 : 350797 350798
62669 : 350799 350800
62670 : 350801 350802
62671 : 350803 350804
62672 : 350805 350806
62673 : 350807 350808
62674 : 350809 350810
62675 : 350811 350812
62676 : 350813 350814
62677 : 350815 350816
62678 : 350817 350818
62679 : 350819 350820
62680 : 350821 350822
62681 : 350823 350824
62682 : 350825 350826
62683 : 350827 350828
62684 : 350829 350830
62685 : 350831 350832
62686 : 350833 350834
62687 : 350835 350836
62688 : 350837 350838
62689 : 350839 350840
62690 : 350841 350842
62691 : 350843 350844
62692 : 350845 350846
62693 : 350847 350848
62694 : 350849 350850
62695 : 350851 350852
62696 : 350853 350854
62697 : 350855 350856
62698 : 350857 350858
62699 : 350859 350860
62700 : 350861 350862
