77179 : 432132 432133
77180 : 432134 432135
77181 : 432136 432137
77182 : 432138 432139
77183 : 432140 432141
77184 : 432142 432143
77185 : 432144 432145
77186 : 432146 432147
77187 : 432148 432149
77188 : 432150 432151
77189 : 432152 432153
77190 : 432154 432155
77191 : 432156 432157
77192 : 432158 432159
77193 : 432160 432161
77194 : 432162 432163
77195 : 432164 432165
77196 : 432166 432167
77197 : 432168 432169
77198 : 432170 432171
77199 : 432172 432173
77200 : 432174 432175
77201 : 432176 432177
77202 : 432178 432179
77203 : 432180 432181
77204 : 432182 432183
77205 : 432184 432185
77206 : 432186 432187
77207 : 432188 432189
77208 : 432190 432191
77209 : 432192 432193
77210 : 432194 432195
77211 : 432196 432197
77212 : 432198 432199
77213 : 432200 432201
77214 : 432202 432203
77215 : 432204 432205
77216 : 432206 432207
77217 : 432208 432209
77218 : 432210 432211
77219 : 432212 432213
77220 : 432214 432215
77221 : 432216 432217
77222 : 432218 432219
77223 : 432220 432221
77224 : 432222 432223
77225 : 432224 432225
77226 : 432226 432227
77227 : 432228 432229
77228 : 432230 432231
77229 : 432232 432233
77230 : 432234 432235
77231 : 432236 432237
77232 : 432238 432239
77233 : 432240 432241
77234 : 432242 432243
77235 : 432244 432245
77236 : 432246 432247
77237 : 432248 432249
77238 : 432250 432251
77239 : 432252 432253
77240 : 432254 432255
77241 : 432256 432257
77242 : 432258 432259
77243 : 432260 432261
77244 : 432262 432263
77245 : 432264 432265
77246 : 432266 432267
77247 : 432268 432269
77248 : 432270 432271
77249 : 432272 432273
77250 : 432274 432275
77251 : 432276 432277
