23728 : 162358 162359
23729 : 162360 162361
23730 : 162362 162363
23731 : 162364 162365
23732 : 162366 162367
23733 : 162368 162369
23734 : 162370 162371
23735 : 162372 162373
23736 : 162374 162375
23737 : 162376 162377
23738 : 162378 162379
23739 : 162380 162381
23740 : 162382 162383
23741 : 162384 162385
23742 : 162386 162387
23743 : 162388 162389
23744 : 162390 162391
23745 : 162392 162393
23746 : 162394 162395
23747 : 162396 162397
23748 : 162398 162399
23749 : 162400 162401
23750 : 162402 162403
23751 : 162404 162405
23752 : 162406 162407
23753 : 162408 162409
23754 : 162410 162411
23755 : 162412 162413
23756 : 162414 162415
23757 : 162416 162417
23758 : 162418 162419
23759 : 162420 162421
23760 : 162422 162423
23761 : 162424 162425
23762 : 162426 162427
23763 : 162428 162429
23764 : 162430 162431
23765 : 162432 162433
23766 : 162434 162435
23767 : 162436 162437
23768 : 162438 162439
23769 : 162440 162441
23770 : 162442 162443
23771 : 162444 162445
23772 : 162446 162447
23773 : 162448 162449
23774 : 162450 162451
23775 : 162452 162453
23776 : 162454 162455
23777 : 162456 162457
23778 : 162458 162459
23779 : 162460 162461
23780 : 162462 162463
23781 : 162464 162465
23782 : 162466 162467
23783 : 162468 162469
23784 : 162470 162471
23785 : 162472 162473
23786 : 162474 162475
23787 : 162476 162477
23788 : 162478 162479
23789 : 162480 162481
23790 : 162482 162483
23791 : 162484 162485
23792 : 162486 162487
23793 : 162488 162489
23794 : 162490 162491
23795 : 162492 162493
23796 : 162494 162495
23797 : 162496 162497
23798 : 162498 162499
23799 : 162500 162501
23800 : 162502 162503
23801 : 162504 162505
23802 : 162506 162507
23803 : 162508 162509
23804 : 162510 162511
23805 : 162512 162513
23806 : 162514 162515
23807 : 162516 162517
23808 : 162518 162519
23809 : 162520 162521
23810 : 162522 162523
23811 : 162524 162525
23812 : 162526 162527
23813 : 162528 162529
23814 : 162530 162531
23815 : 162532 162533
23816 : 162534 162535
23817 : 162536 162537
23818 : 162538 162539
23819 : 162540 162541
23820 : 162542 162543
23821 : 162544 162545
23822 : 162546 162547
23823 : 162548 162549
23824 : 162550 162551
