61299 : 375610 375611
61300 : 375612 375613
61301 : 375614 375615
61302 : 375616 375617
61303 : 375618 375619
61304 : 375620 375621
61305 : 375622 375623
61306 : 375624 375625
61307 : 375626 375627
61308 : 375628 375629
61309 : 375630 375631
61310 : 375632 375633
61311 : 375634 375635
61312 : 375636 375637
61313 : 375638 375639
61314 : 375640 375641
61315 : 375642 375643
61316 : 375644 375645
61317 : 375646 375647
61318 : 375648 375649
61319 : 375650 375651
61320 : 375652 375653
61321 : 375654 375655
61322 : 375656 375657
61323 : 375658 375659
61324 : 375660 375661
61325 : 375662 375663
61326 : 375664 375665
61327 : 375666 375667
61328 : 375668 375669
61329 : 375670 375671
61330 : 375672 375673
61331 : 375674 375675
61332 : 375676 375677
61333 : 375678 375679
61334 : 375680 375681
61335 : 375682 375683
61336 : 375684 375685
61337 : 375686 375687
61338 : 375688 375689
61339 : 375690 375691
61340 : 375692 375693
61341 : 375694 375695
61342 : 375696 375697
61343 : 375698 375699
61344 : 375700 375701
61345 : 375702 375703
61346 : 375704 375705
61347 : 375706 375707
61348 : 375708 375709
61349 : 375710 375711
61350 : 375712 375713
61351 : 375714 375715
61352 : 375716 375717
