62898 : 383689 383690
62899 : 383691 383692
62900 : 383693 383694
62901 : 383695 383696
62902 : 383697 383698
62903 : 383699 383700
62904 : 383701 383702
62905 : 383703 383704
62906 : 383705 383706
62907 : 383707 383708
62908 : 383709 383710
62909 : 383711 383712
62910 : 383713 383714
62911 : 383715 383716
62912 : 383717 383718
62913 : 383719 383720
62914 : 383721 383722
62915 : 383723 383724
62916 : 383725 383726
62917 : 383727 383728
62918 : 383729 383730
62919 : 383731 383732
62920 : 383733 383734
62921 : 383735 383736
62922 : 383737 383738
62923 : 383739 383740
62924 : 383741 383742
62925 : 383743 383744
62926 : 383745 383746
62927 : 383747 383748
62928 : 383749 383750
62929 : 383751 383752
62930 : 383753 383754
62931 : 383755 383756
62932 : 383757 383758
62933 : 383759 383760
62934 : 383761 383762
62935 : 383763 383764
62936 : 383765 383766
62937 : 383767 383768
62938 : 383769 383770
62939 : 383771 383772
62940 : 383773 383774
62941 : 383775 383776
62942 : 383777 383778
62943 : 383779 383780
62944 : 383781 383782
