4971 : 47682 47683
4972 : 47684 47685
4973 : 47686 47687
4974 : 47688 47689
4975 : 47690 47691
4976 : 47692 47693
4977 : 47694 47695
4978 : 47696 47697
4979 : 47698 47699
4980 : 47700 47701
4981 : 47702 47703
4982 : 47704 47705
4983 : 47706 47707
4984 : 47708 47709
4985 : 47710 47711
4986 : 47712 47713
4987 : 47714 47715
4988 : 47716 47717
4989 : 47718 47719
4990 : 47720 47721
4991 : 47722 47723
4992 : 47724 47725
4993 : 47726 47727
4994 : 47728 47729
4995 : 47730 47731
4996 : 47732 47733
4997 : 47734 47735
4998 : 47736 47737
4999 : 47738 47739
5000 : 47740 47741
5001 : 47742 47743
5002 : 47744 47745
