21233 : 186815 186816
21234 : 186817 186818
21235 : 186819 186820
21236 : 186821 186822
21237 : 186823 186824
21238 : 186825 186826
21239 : 186827 186828
21240 : 186829 186830
21241 : 186831 186832
21242 : 186833 186834
21243 : 186835 186836
21244 : 186837 186838
21245 : 186839 186840
21246 : 186841 186842
21247 : 186843 186844
21248 : 186845 186846
21249 : 186847 186848
21250 : 186849 186850
21251 : 186851 186852
21252 : 186853 186854
21253 : 186855 186856
21254 : 186857 186858
21255 : 186859 186860
