46229 : 290836 290837
46819 : 290838 290839
46820 : 290840 290841
46821 : 290842 290843
46822 : 290844 290845
46823 : 290846 290847
46824 : 290848 290849
46825 : 290850 290851
46826 : 290852 290853
46827 : 290854 290855
46828 : 290856 290857
46829 : 290858 290859
46830 : 290860 290861
46831 : 290862 290863
46832 : 290864 290865
46833 : 290866 290867
46834 : 290868 290869
46835 : 290870 290871
46836 : 290872 290873
46837 : 290874 290875
46838 : 290876 290877
46839 : 290878 290879
46840 : 290880 290881
46841 : 290882 290883
46842 : 290884 290885
46843 : 290886 290887
46844 : 290888 290889
46845 : 290890 290891
46846 : 290892 290893
46847 : 290894 290895
46848 : 290896 290897
46849 : 290898 290899
46850 : 290900 290901
46851 : 290902 290903
46852 : 290904 290905
46853 : 290906 290907
46854 : 290908 290909
46855 : 290910 290911
46856 : 290912 290913
46857 : 290914 290915
46858 : 290916 290917
46859 : 290918 290919
46860 : 290920 290921
46861 : 290922 290923
46862 : 290924 290925
46863 : 290926 290927
46864 : 290928 290929
46865 : 290930 290931
46866 : 290932 290933
46867 : 290934 290935
46868 : 290936 290937
46869 : 290938 290939
46870 : 290940 290941
46871 : 290942 290943
46872 : 290944 290945
46873 : 290946 290947
46874 : 290948 290949
46875 : 290950 290951
46876 : 290952 290953
46877 : 290954 290955
