9218 : 88316 88317
9219 : 88318 88319
9220 : 88320 88321
9221 : 88322 88323
9222 : 88324 88325
9223 : 88326 88327
9224 : 88328 88329
9225 : 88330 88331
9226 : 88332 88333
9227 : 88334 88335
9228 : 88336 88337
9229 : 88338 88339
9230 : 88340 88341
9231 : 88342 88343
9232 : 88344 88345
9233 : 88346 88347
9234 : 88348 88349
9235 : 88350 88351
9236 : 88352 88353
9237 : 88354 88355
9238 : 88356 88357
9239 : 88358 88359
9240 : 88360 88361
9241 : 88362 88363
9242 : 88364 88365
9243 : 88366 88367
9244 : 88368 88369
9245 : 88370 88371
9246 : 88372 88373
9247 : 88374 88375
9248 : 88376 88377
9249 : 88378 88379
9250 : 88380 88381
9251 : 88382 88383
9252 : 88384 88385
9253 : 88386 88387
9254 : 88388 88389
