13561 : 98785 98786
13562 : 98787 98788
13563 : 98789 98790
13564 : 98791 98792
13565 : 98793 98794
13566 : 98795 98796
13567 : 98797 98798
13568 : 98799 98800
13569 : 98801 98802
13570 : 98803 98804
13571 : 98805 98806
13572 : 98807 98808
13573 : 98809 98810
13574 : 98811 98812
13575 : 98813 98814
13576 : 98815 98816
13577 : 98817 98818
13578 : 98819 98820
13579 : 98821 98822
13580 : 98823 98824
13581 : 98825 98826
13582 : 98827 98828
13583 : 98829 98830
13584 : 98831 98832
13585 : 98833 98834
13586 : 98835 98836
13587 : 98837 98838
13588 : 98839 98840
13589 : 98841 98842
13590 : 98843 98844
13591 : 98845 98846
13592 : 98847 98848
13593 : 98849 98850
13594 : 98851 98852
13595 : 98853 98854
13596 : 98855 98856
13597 : 98857 98858
13598 : 98859 98860
13599 : 98861 98862
13600 : 98863 98864
13601 : 98865 98866
13602 : 98867 98868
13603 : 98869 98870
