28000 : 237234 237235
28001 : 237236 237237
28002 : 237238 237239
28003 : 237240 237241
28004 : 237242 237243
28005 : 237244 237245
28006 : 237246 237247
28007 : 237248 237249
28008 : 237250 237251
28009 : 237252 237253
28010 : 237254 237255
28011 : 237256 237257
28012 : 237258 237259
28013 : 237260 237261
28014 : 237262 237263
28015 : 237264 237265
28016 : 237266 237267
28017 : 237268 237269
28018 : 237270 237271
28019 : 237272 237273
28020 : 237274 237275
28021 : 237276 237277
28022 : 237278 237279
28023 : 237280 237281
28024 : 237282 237283
28025 : 237284 237285
28026 : 237286 237287
28027 : 237288 237289
28028 : 237290 237291
28029 : 237292 237293
28030 : 237294 237295
28031 : 237296 237297
28032 : 237298 237299
28033 : 237300 237301
28034 : 237302 237303
