4489 : 43982 43983
4490 : 43984 43985
4491 : 43986 43987
4492 : 43988 43989
4493 : 43990 43991
4494 : 43992 43993
4495 : 43994 43995
4496 : 43996 43997
4497 : 43998 43999
4498 : 44000 44001
4499 : 44002 44003
4500 : 44004 44005
4501 : 44006 44007
4502 : 44008 44009
4503 : 44010 44011
4504 : 44012 44013
4505 : 44014 44015
4506 : 44016 44017
4507 : 44018 44019
4508 : 44020 44021
4509 : 44022 44023
4510 : 44024 44025
4511 : 44026 44027
4512 : 44028 44029
4513 : 44030 44031
4514 : 44032 44033
4515 : 44034 44035
4516 : 44036 44037
4517 : 44038 44039
4518 : 44040 44041
4519 : 44042 44043
4520 : 44044 44045
4521 : 44046 44047
4522 : 44048 44049
4523 : 44050 44051
4524 : 44052 44053
