12873 : 94156 94157
12874 : 94158 94159
12875 : 94160 94161
12876 : 94162 94163
12877 : 94164 94165
12878 : 94166 94167
12879 : 94168 94169
12880 : 94170 94171
12881 : 94172 94173
12882 : 94174 94175
12883 : 94176 94177
12884 : 94178 94179
12885 : 94180 94181
12886 : 94182 94183
12887 : 94184 94185
12888 : 94186 94187
12889 : 94188 94189
12890 : 94190 94191
12891 : 94192 94193
12892 : 94194 94195
12893 : 94196 94197
12894 : 94198 94199
12895 : 94200 94201
12896 : 94202 94203
12897 : 94204 94205
12898 : 94206 94207
12899 : 94208 94209
12900 : 94210 94211
12901 : 94212 94213
12902 : 94214 94215
12903 : 94216 94217
12904 : 94218 94219
12905 : 94220 94221
12906 : 94222 94223
