8698 : 82787 82788
8699 : 82789 82790
8700 : 82791 82792
8701 : 82793 82794
8702 : 82795 82796
8703 : 82797 82798
8704 : 82799 82800
8705 : 82801 82802
8706 : 82803 82804
8707 : 82805 82806
8708 : 82807 82808
8709 : 82809 82810
8710 : 82811 82812
8711 : 82813 82814
8712 : 82815 82816
8713 : 82817 82818
8714 : 82819 82820
8715 : 82821 82822
8716 : 82823 82824
8717 : 82825 82826
8718 : 82827 82828
8719 : 82829 82830
8720 : 82831 82832
8721 : 82833 82834
8722 : 82835 82836
8723 : 82837 82838
8724 : 82839 82840
8725 : 82841 82842
8726 : 82843 82844
8727 : 82845 82846
8728 : 82847 82848
8729 : 82849 82850
8730 : 82851 82852
8731 : 82853 82854
