39335 : 325783 325784
39336 : 325785 325786
39337 : 325787 325788
39338 : 325789 325790
39339 : 325791 325792
39340 : 325793 325794
39341 : 325795 325796
39342 : 325797 325798
39343 : 325799 325800
39344 : 325801 325802
39345 : 325803 325804
39346 : 325805 325806
39347 : 325807 325808
39348 : 325809 325810
39349 : 325811 325812
39350 : 325813 325814
39351 : 325815 325816
39352 : 325817 325818
39353 : 325819 325820
39354 : 325821 325822
39355 : 325823 325824
39356 : 325825 325826
39357 : 325827 325828
39358 : 325829 325830
39359 : 325831 325832
39360 : 325833 325834
39361 : 325835 325836
39362 : 325837 325838
39363 : 325839 325840
39364 : 325841 325842
39365 : 325843 325844
39366 : 325845 325846
39367 : 325847 325848
39368 : 325849 325850
