46912 : 291799 291800
46913 : 291801 291802
46914 : 291803 291804
46915 : 291805 291806
46916 : 291807 291808
46917 : 291809 291810
46918 : 291811 291812
46919 : 291813 291814
46920 : 291815 291816
46921 : 291817 291818
46922 : 291819 291820
46923 : 291821 291822
46924 : 291823 291824
46925 : 291825 291826
46926 : 291827 291828
46927 : 291829 291830
46928 : 291831 291832
46929 : 291833 291834
46930 : 291835 291836
46931 : 291837 291838
46932 : 291839 291840
46933 : 291841 291842
46934 : 291843 291844
46935 : 291845 291846
46936 : 291847 291848
46937 : 291849 291850
46938 : 291851 291852
46939 : 291853 291854
46940 : 291855 291856
46941 : 291857 291858
46942 : 291859 291860
46943 : 291861 291862
46944 : 291863 291864
46945 : 291865 291866
46946 : 291867 291868
46947 : 291869 291870
46948 : 291871 291872
46949 : 291873 291874
46950 : 291875 291876
46951 : 291877 291878
46952 : 291879 291880
46953 : 291881 291882
46954 : 291883 291884
46955 : 291885 291886
46956 : 291887 291888
46957 : 291889 291890
46958 : 291891 291892
46959 : 291893 291894
46960 : 291895 291896
46961 : 291897 291898
46962 : 291899 291900
46963 : 291901 291902
46964 : 291903 291904
46965 : 291905 291906
46966 : 291907 291908
46967 : 291909 291910
46968 : 291911 291912
46969 : 291913 291914
46970 : 291915 291916
46971 : 291917 291918
46972 : 291919 291920
