7341 : 70011 70012
7342 : 70013 70014
7343 : 70015 70016
7344 : 70017 70018
7345 : 70019 70020
7346 : 70021 70022
7347 : 70023 70024
7348 : 70025 70026
7349 : 70027 70028
7350 : 70029 70030
7351 : 70031 70032
7352 : 70033 70034
7353 : 70035 70036
7354 : 70037 70038
7355 : 70039 70040
7356 : 70041 70042
7357 : 70043 70044
7358 : 70045 70046
7359 : 70047 70048
7360 : 70049 70050
7361 : 70051 70052
7362 : 70053 70054
7363 : 70055 70056
7364 : 70057 70058
7365 : 70059 70060
7366 : 70061 70062
7367 : 70063 70064
7368 : 70065 70066
7369 : 70067 70068
7370 : 70069 70070
7371 : 70071 70072
7372 : 70073 70074
7373 : 70075 70076
7374 : 70077 70078
