86402 : 509882 509883
86681 : 509884 509885
86682 : 509886 509887
86683 : 509888 509889
86684 : 509890 509891
86685 : 509892 509893
86686 : 509894 509895
86687 : 509896 509897
86688 : 509898 509899
86689 : 509900 509901
86690 : 509902 509903
86691 : 509904 509905
86692 : 509906 509907
86693 : 509908 509909
86694 : 509910 509911
86695 : 509912 509913
86696 : 509914 509915
86697 : 509916 509917
86698 : 509918 509919
86699 : 509920 509921
86700 : 509922 509923
86701 : 509924 509925
86702 : 509926 509927
86703 : 509928 509929
86704 : 509930 509931
86705 : 509932 509933
86706 : 509934 509935
86707 : 509936 509937
86708 : 509938 509939
86709 : 509940 509941
86710 : 509942 509943
86711 : 509944 509945
86712 : 509946 509947
86713 : 509948 509949
86714 : 509950 509951
86715 : 509952 509953
86716 : 509954 509955
86717 : 509956 509957
86718 : 509958 509959
86719 : 509960 509961
86720 : 509962 509963
86721 : 509964 509965
86722 : 509966 509967
86723 : 509968 509969
86724 : 509970 509971
86725 : 509972 509973
86726 : 509974 509975
86727 : 509976 509977
86728 : 509978 509979
86729 : 509980 509981
