95157 : 608701 608702
95953 : 608703 608704
95954 : 608705 608706
95955 : 608707 608708
95956 : 608709 608710
95957 : 608711 608712
95958 : 608713 608714
95959 : 608715 608716
95960 : 608717 608718
95961 : 608719 608720
95962 : 608721 608722
95963 : 608723 608724
95964 : 608725 608726
95965 : 608727 608728
95966 : 608729 608730
95967 : 608731 608732
95968 : 608733 608734
95969 : 608735 608736
95970 : 608737 608738
95971 : 608739 608740
95972 : 608741 608742
95973 : 608743 608744
95974 : 608745 608746
95975 : 608747 608748
95976 : 608749 608750
95977 : 608751 608752
95978 : 608753 608754
95979 : 608755 608756
95980 : 608757 608758
95981 : 608759 608760
95982 : 608761 608762
95983 : 608763 608764
95984 : 608765 608766
95985 : 608767 608768
95986 : 608769 608770
95987 : 608771 608772
95988 : 608773 608774
95989 : 608775 608776
95990 : 608777 608778
95991 : 608779 608780
95992 : 608781 608782
95993 : 608783 608784
95994 : 608785 608786
95995 : 608787 608788
95996 : 608789 608790
95997 : 608791 608792
