61580 : 376446 376447
61581 : 376448 376449
61582 : 376450 376451
61583 : 376452 376453
61584 : 376454 376455
61585 : 376456 376457
61586 : 376458 376459
61587 : 376460 376461
61588 : 376462 376463
61589 : 376464 376465
61590 : 376466 376467
61591 : 376468 376469
61592 : 376470 376471
61593 : 376472 376473
61594 : 376474 376475
61595 : 376476 376477
61596 : 376478 376479
61597 : 376480 376481
61598 : 376482 376483
61599 : 376484 376485
61600 : 376486 376487
61601 : 376488 376489
61602 : 376490 376491
61603 : 376492 376493
61604 : 376494 376495
61605 : 376496 376497
61606 : 376498 376499
61607 : 376500 376501
61608 : 376502 376503
61609 : 376504 376505
61610 : 376506 376507
61611 : 376508 376509
61612 : 376510 376511
61613 : 376512 376513
61614 : 376514 376515
61615 : 376516 376517
61616 : 376518 376519
61617 : 376520 376521
61618 : 376522 376523
61619 : 376524 376525
61620 : 376526 376527
61621 : 376528 376529
61622 : 376530 376531
61623 : 376532 376533
61624 : 376534 376535
61625 : 376536 376537
61626 : 376538 376539
61627 : 376540 376541
61628 : 376542 376543
61629 : 376544 376545
61630 : 376546 376547
61631 : 376548 376549
61632 : 376550 376551
61633 : 376552 376553
61634 : 376554 376555
61635 : 376556 376557
61636 : 376558 376559
61637 : 376560 376561
61638 : 376562 376563
61639 : 376564 376565
61640 : 376566 376567
61641 : 376568 376569
61642 : 376570 376571
61643 : 376572 376573
61644 : 376574 376575
61645 : 376576 376577
