17409 : 155007 155008
17410 : 155009 155010
17411 : 155011 155012
17412 : 155013 155014
17413 : 155015 155016
17414 : 155017 155018
17415 : 155019 155020
17416 : 155021 155022
17417 : 155023 155024
17418 : 155025 155026
17419 : 155027 155028
17420 : 155029 155030
17421 : 155031 155032
17422 : 155033 155034
17423 : 155035 155036
17424 : 155037 155038
17425 : 155039 155040
17426 : 155041 155042
17427 : 155043 155044
17428 : 155045 155046
17429 : 155047 155048
17430 : 155049 155050
17431 : 155051 155052
17432 : 155053 155054
17433 : 155055 155056
17434 : 155057 155058
17435 : 155059 155060
17436 : 155061 155062
17437 : 155063 155064
