98161 : 637920 637921
98162 : 637922 637923
98163 : 637924 637925
98164 : 637926 637927
98165 : 637928 637929
98166 : 637930 637931
98167 : 637932 637933
98168 : 637934 637935
98169 : 637936 637937
98170 : 637938 637939
98171 : 637940 637941
98172 : 637942 637943
98173 : 637944 637945
98174 : 637946 637947
98175 : 637948 637949
98176 : 637950 637951
98177 : 637952 637953
98178 : 637954 637955
98179 : 637956 637957
98180 : 637958 637959
98181 : 637960 637961
98182 : 637962 637963
98183 : 637964 637965
98184 : 637966 637967
98185 : 637968 637969
98186 : 637970 637971
98187 : 637972 637973
98188 : 637974 637975
98189 : 637976 637977
98190 : 637978 637979
98191 : 637980 637981
98192 : 637982 637983
98193 : 637984 637985
98194 : 637986 637987
98195 : 637988 637989
