79950 : 452557 452558
79951 : 452559 452560
79952 : 452561 452562
79953 : 452563 452564
79954 : 452565 452566
79955 : 452567 452568
79956 : 452569 452570
79957 : 452571 452572
79958 : 452573 452574
79959 : 452575 452576
79960 : 452577 452578
79961 : 452579 452580
79962 : 452581 452582
79963 : 452583 452584
79964 : 452585 452586
79965 : 452587 452588
79966 : 452589 452590
79967 : 452591 452592
79968 : 452593 452594
79969 : 452595 452596
79970 : 452597 452598
79971 : 452599 452600
79972 : 452601 452602
79973 : 452603 452604
79974 : 452605 452606
79975 : 452607 452608
79976 : 452609 452610
79977 : 452611 452612
79978 : 452613 452614
79979 : 452615 452616
79980 : 452617 452618
79981 : 452619 452620
79982 : 452621 452622
79983 : 452623 452624
79984 : 452625 452626
79985 : 452627 452628
79986 : 452629 452630
79987 : 452631 452632
79988 : 452633 452634
79989 : 452635 452636
79990 : 452637 452638
79991 : 452639 452640
79992 : 452641 452642
79993 : 452643 452644
79994 : 452645 452646
79995 : 452647 452648
79996 : 452649 452650
79997 : 452651 452652
79998 : 452653 452654
79999 : 452655 452656
80000 : 452657 452658
80001 : 452659 452660
80002 : 452661 452662
80003 : 452663 452664
80004 : 452665 452666
