20216 : 147580 147581
20217 : 147582 147583
20218 : 147584 147585
20219 : 147586 147587
20220 : 147588 147589
20221 : 147590 147591
20222 : 147592 147593
20223 : 147594 147595
20224 : 147596 147597
20225 : 147598 147599
20226 : 147600 147601
20227 : 147602 147603
20228 : 147604 147605
20229 : 147606 147607
20230 : 147608 147609
20231 : 147610 147611
20232 : 147612 147613
20233 : 147614 147615
20234 : 147616 147617
20235 : 147618 147619
20236 : 147620 147621
20237 : 147622 147623
20238 : 147624 147625
