39408 : 253038 253039
39409 : 253040 253041
39410 : 253042 253043
39411 : 253044 253045
39412 : 253046 253047
39413 : 253048 253049
39414 : 253050 253051
39415 : 253052 253053
39416 : 253054 253055
39417 : 253056 253057
39418 : 253058 253059
39419 : 253060 253061
39420 : 253062 253063
39421 : 253064 253065
39422 : 253066 253067
39423 : 253068 253069
39424 : 253070 253071
39425 : 253072 253073
39426 : 253074 253075
39427 : 253076 253077
39428 : 253078 253079
39429 : 253080 253081
39430 : 253082 253083
39431 : 253084 253085
39432 : 253086 253087
39433 : 253088 253089
39434 : 253090 253091
39435 : 253092 253093
39436 : 253094 253095
39437 : 253096 253097
39438 : 253098 253099
39439 : 253100 253101
39440 : 253102 253103
39441 : 253104 253105
39442 : 253106 253107
39443 : 253108 253109
39444 : 253110 253111
