94078 : 585130 585131
94079 : 585132 585133
94080 : 585134 585135
94081 : 585136 585137
94082 : 585138 585139
94083 : 585140 585141
94084 : 585142 585143
94085 : 585144 585145
94086 : 585146 585147
94087 : 585148 585149
94088 : 585150 585151
94089 : 585152 585153
94090 : 585154 585155
94091 : 585156 585157
94092 : 585158 585159
94093 : 585160 585161
94094 : 585162 585163
94095 : 585164 585165
94096 : 585166 585167
94097 : 585168 585169
94098 : 585170 585171
94099 : 585172 585173
94100 : 585174 585175
94101 : 585176 585177
94102 : 585178 585179
94103 : 585180 585181
94104 : 585182 585183
94105 : 585184 585185
94106 : 585186 585187
94107 : 585188 585189
94108 : 585190 585191
94109 : 585192 585193
94110 : 585194 585195
94111 : 585196 585197
94112 : 585198 585199
