44492 : 364637 364638
44493 : 364639 364640
44494 : 364641 364642
44495 : 364643 364644
44496 : 364645 364646
44497 : 364647 364648
44498 : 364649 364650
44499 : 364651 364652
44500 : 364653 364654
44501 : 364655 364656
44502 : 364657 364658
44503 : 364659 364660
44504 : 364661 364662
44505 : 364663 364664
44506 : 364665 364666
44507 : 364667 364668
44508 : 364669 364670
44509 : 364671 364672
44510 : 364673 364674
44511 : 364675 364676
44512 : 364677 364678
44513 : 364679 364680
44514 : 364681 364682
44515 : 364683 364684
44516 : 364685 364686
44517 : 364687 364688
44518 : 364689 364690
44519 : 364691 364692
44520 : 364693 364694
44521 : 364695 364696
44522 : 364697 364698
44523 : 364699 364700
44524 : 364701 364702
44525 : 364703 364704
44526 : 364705 364706
44527 : 364707 364708
44528 : 364709 364710
44529 : 364711 364712
44530 : 364713 364714
44531 : 364715 364716
