19487 : 143029 143030
19488 : 143031 143032
19489 : 143033 143034
19490 : 143035 143036
19491 : 143037 143038
19492 : 143039 143040
19493 : 143041 143042
19494 : 143043 143044
19495 : 143045 143046
19496 : 143047 143048
19497 : 143049 143050
19498 : 143051 143052
19499 : 143053 143054
19500 : 143055 143056
19501 : 143057 143058
19502 : 143059 143060
19503 : 143061 143062
19504 : 143063 143064
19505 : 143065 143066
19506 : 143067 143068
19507 : 143069 143070
19508 : 143071 143072
19509 : 143073 143074
19510 : 143075 143076
19511 : 143077 143078
19512 : 143079 143080
19513 : 143081 143082
19514 : 143083 143084
19515 : 143085 143086
19516 : 143087 143088
19517 : 143089 143090
19518 : 143091 143092
19519 : 143093 143094
19520 : 143095 143096
19521 : 143097 143098
19522 : 143099 143100
19523 : 143101 143102
19524 : 143103 143104
19525 : 143105 143106
19526 : 143107 143108
19527 : 143109 143110
19528 : 143111 143112
19529 : 143113 143114
19530 : 143115 143116
19531 : 143117 143118
19532 : 143119 143120
19533 : 143121 143122
19534 : 143123 143124
19535 : 143125 143126
19536 : 143127 143128
19537 : 143129 143130
19538 : 143131 143132
19539 : 143133 143134
19540 : 143135 143136
19541 : 143137 143138
19542 : 143139 143140
19543 : 143141 143142
19544 : 143143 143144
19545 : 143145 143146
19546 : 143147 143148
19547 : 143149 143150
19548 : 143151 143152
19549 : 143153 143154
19550 : 143155 143156
19551 : 143157 143158
19552 : 143159 143160
19553 : 143161 143162
19554 : 143163 143164
19555 : 143165 143166
19556 : 143167 143168
19557 : 143169 143170
19558 : 143171 143172
19559 : 143173 143174
19560 : 143175 143176
19561 : 143177 143178
19562 : 143179 143180
19563 : 143181 143182
19564 : 143183 143184
19565 : 143185 143186
19566 : 143187 143188
19567 : 143189 143190
19568 : 143191 143192
19569 : 143193 143194
19570 : 143195 143196
19571 : 143197 143198
19572 : 143199 143200
19573 : 143201 143202
19574 : 143203 143204
19575 : 143205 143206
19576 : 143207 143208
19577 : 143209 143210
19578 : 143211 143212
19579 : 143213 143214
19580 : 143215 143216
19581 : 143217 143218
19582 : 143219 143220
19583 : 143221 143222
19584 : 143223 143224
19585 : 143225 143226
19586 : 143227 143228
19587 : 143229 143230
19588 : 143231 143232
19589 : 143233 143234
