39582 : 254045 254046
39583 : 254047 254048
39584 : 254049 254050
39585 : 254051 254052
39586 : 254053 254054
39587 : 254055 254056
39588 : 254057 254058
39589 : 254059 254060
39590 : 254061 254062
39591 : 254063 254064
39592 : 254065 254066
39593 : 254067 254068
39594 : 254069 254070
39595 : 254071 254072
39596 : 254073 254074
39597 : 254075 254076
39598 : 254077 254078
39599 : 254079 254080
39600 : 254081 254082
39601 : 254083 254084
39602 : 254085 254086
39603 : 254087 254088
39604 : 254089 254090
39605 : 254091 254092
39606 : 254093 254094
39607 : 254095 254096
39608 : 254097 254098
39609 : 254099 254100
39610 : 254101 254102
39611 : 254103 254104
39612 : 254105 254106
39613 : 254107 254108
39614 : 254109 254110
39615 : 254111 254112
39616 : 254113 254114
39617 : 254115 254116
39618 : 254117 254118
39619 : 254119 254120
39620 : 254121 254122
39621 : 254123 254124
39622 : 254125 254126
39623 : 254127 254128
39624 : 254129 254130
39625 : 254131 254132
39626 : 254133 254134
39627 : 254135 254136
39628 : 254137 254138
39629 : 254139 254140
39630 : 254141 254142
39631 : 254143 254144
39632 : 254145 254146
39633 : 254147 254148
39634 : 254149 254150
