48821 : 396494 396495
48822 : 396496 396497
48823 : 396498 396499
48824 : 396500 396501
48825 : 396502 396503
48826 : 396504 396505
48827 : 396506 396507
48828 : 396508 396509
48829 : 396510 396511
48830 : 396512 396513
48831 : 396514 396515
48832 : 396516 396517
48833 : 396518 396519
48834 : 396520 396521
48835 : 396522 396523
48836 : 396524 396525
48837 : 396526 396527
48838 : 396528 396529
48839 : 396530 396531
48840 : 396532 396533
48841 : 396534 396535
48842 : 396536 396537
48843 : 396538 396539
48844 : 396540 396541
48845 : 396542 396543
48846 : 396544 396545
48847 : 396546 396547
48848 : 396548 396549
48849 : 396550 396551
48850 : 396552 396553
48851 : 396554 396555
48852 : 396556 396557
48853 : 396558 396559
48854 : 396560 396561
48855 : 396562 396563
48856 : 396564 396565
48857 : 396566 396567
48858 : 396568 396569
