1825 : 12143 12144
1826 : 12145 12146
1827 : 12147 12148
1828 : 12149 12150
1829 : 12151 12152
1830 : 12153 12154
1831 : 12155 12156
1832 : 12157 12158
1833 : 12159 12160
1834 : 12161 12162
1835 : 12163 12164
1836 : 12165 12166
1837 : 12167 12168
1838 : 12169 12170
1839 : 12171 12172
1840 : 12173 12174
1841 : 12175 12176
1842 : 12177 12178
1843 : 12179 12180
1844 : 12181 12182
1845 : 12183 12184
1846 : 12185 12186
1847 : 12187 12188
1848 : 12189 12190
1849 : 12191 12192
1850 : 12193 12194
1851 : 12195 12196
1852 : 12197 12198
