65340 : 398739 398740
65341 : 398741 398742
65342 : 398743 398744
65343 : 398745 398746
65344 : 398747 398748
65345 : 398749 398750
65346 : 398751 398752
65347 : 398753 398754
65348 : 398755 398756
65349 : 398757 398758
65350 : 398759 398760
65351 : 398761 398762
65352 : 398763 398764
65353 : 398765 398766
65354 : 398767 398768
65355 : 398769 398770
65356 : 398771 398772
65357 : 398773 398774
65358 : 398775 398776
65359 : 398777 398778
65360 : 398779 398780
65361 : 398781 398782
65362 : 398783 398784
65363 : 398785 398786
65364 : 398787 398788
65365 : 398789 398790
65366 : 398791 398792
65367 : 398793 398794
65368 : 398795 398796
65369 : 398797 398798
65370 : 398799 398800
65371 : 398801 398802
65372 : 398803 398804
65373 : 398805 398806
65374 : 398807 398808
65375 : 398809 398810
65376 : 398811 398812
65377 : 398813 398814
65378 : 398815 398816
65379 : 398817 398818
65380 : 398819 398820
65381 : 398821 398822
65382 : 398823 398824
65383 : 398825 398826
65384 : 398827 398828
65385 : 398829 398830
65386 : 398831 398832
65387 : 398833 398834
65388 : 398835 398836
65389 : 398837 398838
65390 : 398839 398840
65391 : 398841 398842
65392 : 398843 398844
65393 : 398845 398846
65394 : 398847 398848
65395 : 398849 398850
