52567 : 304031 304032
52893 : 304033 304034
53243 : 304035 304036
53244 : 304037 304038
53245 : 304039 304040
53246 : 304041 304042
53247 : 304043 304044
53248 : 304045 304046
53249 : 304047 304048
53250 : 304049 304050
53251 : 304051 304052
53252 : 304053 304054
53253 : 304055 304056
53254 : 304057 304058
53255 : 304059 304060
53256 : 304061 304062
53257 : 304063 304064
53258 : 304065 304066
53259 : 304067 304068
53260 : 304069 304070
53261 : 304071 304072
53262 : 304073 304074
53263 : 304075 304076
53264 : 304077 304078
53265 : 304079 304080
53266 : 304081 304082
53267 : 304083 304084
53268 : 304085 304086
53269 : 304087 304088
53270 : 304089 304090
53271 : 304091 304092
53272 : 304093 304094
53273 : 304095 304096
53274 : 304097 304098
53275 : 304099 304100
53276 : 304101 304102
53277 : 304103 304104
53278 : 304105 304106
53279 : 304107 304108
53280 : 304109 304110
53281 : 304111 304112
53282 : 304113 304114
53283 : 304115 304116
53284 : 304117 304118
53285 : 304119 304120
53286 : 304121 304122
53287 : 304123 304124
53288 : 304125 304126
53289 : 304127 304128
53290 : 304129 304130
53291 : 304131 304132
53292 : 304133 304134
53293 : 304135 304136
53294 : 304137 304138
53295 : 304139 304140
53296 : 304141 304142
53297 : 304143 304144
53298 : 304145 304146
53299 : 304147 304148
53300 : 304149 304150
53301 : 304151 304152
53302 : 304153 304154
53303 : 304155 304156
53304 : 304157 304158
53305 : 304159 304160
53306 : 304161 304162
53307 : 304163 304164
53308 : 304165 304166
53309 : 304167 304168
53310 : 304169 304170
53311 : 304171 304172
53312 : 304173 304174
53313 : 304175 304176
53314 : 304177 304178
53315 : 304179 304180
53316 : 304181 304182
53317 : 304183 304184
53318 : 304185 304186
53319 : 304187 304188
53320 : 304189 304190
53321 : 304191 304192
53322 : 304193 304194
53323 : 304195 304196
