1638 : 10488 10489
1639 : 10490 10491
1640 : 10492 10493
1641 : 10494 10495
1642 : 10496 10497
1643 : 10498 10499
1644 : 10500 10501
1645 : 10502 10503
1646 : 10504 10505
1647 : 10506 10507
1648 : 10508 10509
1649 : 10510 10511
1650 : 10512 10513
1651 : 10514 10515
1652 : 10516 10517
1653 : 10518 10519
1654 : 10520 10521
1655 : 10522 10523
1656 : 10524 10525
1657 : 10526 10527
1658 : 10528 10529
1659 : 10530 10531
1660 : 10532 10533
1661 : 10534 10535
1662 : 10536 10537
1663 : 10538 10539
1664 : 10540 10541
1665 : 10542 10543
1666 : 10544 10545
1667 : 10546 10547
1668 : 10548 10549
1669 : 10550 10551
