27973 : 238170 238171
27974 : 238172 238173
27975 : 238174 238175
27976 : 238176 238177
27977 : 238178 238179
27978 : 238180 238181
27979 : 238182 238183
27980 : 238184 238185
27981 : 238186 238187
27982 : 238188 238189
27983 : 238190 238191
27984 : 238192 238193
27985 : 238194 238195
27986 : 238196 238197
27987 : 238198 238199
27988 : 238200 238201
27989 : 238202 238203
27990 : 238204 238205
27991 : 238206 238207
27992 : 238208 238209
27993 : 238210 238211
27994 : 238212 238213
27995 : 238214 238215
27996 : 238216 238217
27997 : 238218 238219
27998 : 238220 238221
