66358 : 403933 403934
66359 : 403935 403936
66360 : 403937 403938
66361 : 403939 403940
66362 : 403941 403942
66363 : 403943 403944
66364 : 403945 403946
66365 : 403947 403948
66366 : 403949 403950
66367 : 403951 403952
66368 : 403953 403954
66369 : 403955 403956
66370 : 403957 403958
66371 : 403959 403960
66372 : 403961 403962
66373 : 403963 403964
66374 : 403965 403966
66375 : 403967 403968
66376 : 403969 403970
66377 : 403971 403972
66378 : 403973 403974
66379 : 403975 403976
66380 : 403977 403978
66381 : 403979 403980
66382 : 403981 403982
66383 : 403983 403984
66384 : 403985 403986
66385 : 403987 403988
66386 : 403989 403990
66387 : 403991 403992
66388 : 403993 403994
66389 : 403995 403996
66390 : 403997 403998
66391 : 403999 404000
66392 : 404001 404002
66393 : 404003 404004
