15584 : 112890 112891
15585 : 112892 112893
15586 : 112894 112895
15587 : 112896 112897
15588 : 112898 112899
15589 : 112900 112901
15590 : 112902 112903
15591 : 112904 112905
15592 : 112906 112907
15593 : 112908 112909
15594 : 112910 112911
15595 : 112912 112913
15596 : 112914 112915
15597 : 112916 112917
15598 : 112918 112919
15599 : 112920 112921
15600 : 112922 112923
15601 : 112924 112925
15602 : 112926 112927
15603 : 112928 112929
15604 : 112930 112931
15605 : 112932 112933
15606 : 112934 112935
15607 : 112936 112937
15608 : 112938 112939
15609 : 112940 112941
15610 : 112942 112943
15611 : 112944 112945
15612 : 112946 112947
15613 : 112948 112949
15614 : 112950 112951
15615 : 112952 112953
15616 : 112954 112955
15617 : 112956 112957
15618 : 112958 112959
