10853 : 149797 149798
10854 : 149799 149800
10855 : 149801 149802
10856 : 149803 149804
10857 : 149805 149806
10858 : 149807 149808
10859 : 149809 149810
10860 : 149811 149812
10861 : 149813 149814
10862 : 149815 149816
10863 : 149817 149818
10864 : 149819 149820
10865 : 149821 149822
10866 : 149823 149824
10867 : 149825 149826
10868 : 149827 149828
10869 : 149829 149830
10870 : 149831 149832
10871 : 149833 149834
10872 : 149835 149836
10873 : 149837 149838
10874 : 149839 149840
10875 : 149841 149842
