4405 : 30532 30533
4406 : 30534 30535
4407 : 30536 30537
4408 : 30538 30539
4409 : 30540 30541
4410 : 30542 30543
4411 : 30544 30545
4412 : 30546 30547
4413 : 30548 30549
4414 : 30550 30551
4415 : 30552 30553
4416 : 30554 30555
4417 : 30556 30557
4418 : 30558 30559
4419 : 30560 30561
4420 : 30562 30563
4421 : 30564 30565
4422 : 30566 30567
4423 : 30568 30569
4424 : 30570 30571
4425 : 30572 30573
4426 : 30574 30575
4427 : 30576 30577
4428 : 30578 30579
4429 : 30580 30581
4430 : 30582 30583
4431 : 30584 30585
4432 : 30586 30587
4433 : 30588 30589
4434 : 30590 30591
4435 : 30592 30593
4436 : 30594 30595
4437 : 30596 30597
4438 : 30598 30599
4439 : 30600 30601
