31280 : 214610 214611
31281 : 214612 214613
31282 : 214614 214615
31283 : 214616 214617
31284 : 214618 214619
31285 : 214620 214621
31286 : 214622 214623
31287 : 214624 214625
31288 : 214626 214627
31289 : 214628 214629
31290 : 214630 214631
31291 : 214632 214633
31292 : 214634 214635
31293 : 214636 214637
31294 : 214638 214639
31295 : 214640 214641
31296 : 214642 214643
31297 : 214644 214645
31298 : 214646 214647
31299 : 214648 214649
31300 : 214650 214651
31301 : 214652 214653
31302 : 214654 214655
31303 : 214656 214657
31304 : 214658 214659
31305 : 214660 214661
31306 : 214662 214663
31307 : 214664 214665
31308 : 214666 214667
31309 : 214668 214669
31310 : 214670 214671
31311 : 214672 214673
31312 : 214674 214675
31313 : 214676 214677
31314 : 214678 214679
31315 : 214680 214681
31316 : 214682 214683
31317 : 214684 214685
31318 : 214686 214687
31319 : 214688 214689
31320 : 214690 214691
31321 : 214692 214693
31322 : 214694 214695
31323 : 214696 214697
31324 : 214698 214699
31325 : 214700 214701
31326 : 214702 214703
31327 : 214704 214705
31328 : 214706 214707
31329 : 214708 214709
31330 : 214710 214711
31331 : 214712 214713
31332 : 214714 214715
31333 : 214716 214717
31334 : 214718 214719
31335 : 214720 214721
31336 : 214722 214723
31337 : 214724 214725
31338 : 214726 214727
31339 : 214728 214729
