96897 : 620233 620234
96898 : 620235 620236
96899 : 620237 620238
96900 : 620239 620240
96901 : 620241 620242
96902 : 620243 620244
96903 : 620245 620246
96904 : 620247 620248
96905 : 620249 620250
96906 : 620251 620252
96907 : 620253 620254
96908 : 620255 620256
96909 : 620257 620258
96910 : 620259 620260
96911 : 620261 620262
96912 : 620263 620264
96913 : 620265 620266
96914 : 620267 620268
96915 : 620269 620270
96916 : 620271 620272
96917 : 620273 620274
96918 : 620275 620276
96919 : 620277 620278
96920 : 620279 620280
96921 : 620281 620282
96922 : 620283 620284
96923 : 620285 620286
96924 : 620287 620288
96925 : 620289 620290
96926 : 620291 620292
96927 : 620293 620294
96928 : 620295 620296
96929 : 620297 620298
96930 : 620299 620300
