9105 : 87297 87298
9106 : 87299 87300
9107 : 87301 87302
9108 : 87303 87304
9109 : 87305 87306
9110 : 87307 87308
9111 : 87309 87310
9112 : 87311 87312
9113 : 87313 87314
9114 : 87315 87316
9115 : 87317 87318
9116 : 87319 87320
9117 : 87321 87322
9118 : 87323 87324
9119 : 87325 87326
9120 : 87327 87328
9121 : 87329 87330
9122 : 87331 87332
9123 : 87333 87334
9124 : 87335 87336
9125 : 87337 87338
9126 : 87339 87340
9127 : 87341 87342
9128 : 87343 87344
9129 : 87345 87346
9130 : 87347 87348
9131 : 87349 87350
9132 : 87351 87352
9133 : 87353 87354
9134 : 87355 87356
9135 : 87357 87358
9136 : 87359 87360
