11452 : 106739 106740
11453 : 106741 106742
11454 : 106743 106744
11455 : 106745 106746
11456 : 106747 106748
11457 : 106749 106750
11458 : 106751 106752
11459 : 106753 106754
11460 : 106755 106756
11461 : 106757 106758
11462 : 106759 106760
11463 : 106761 106762
11464 : 106763 106764
11465 : 106765 106766
11466 : 106767 106768
11467 : 106769 106770
11468 : 106771 106772
11469 : 106773 106774
11470 : 106775 106776
11471 : 106777 106778
11472 : 106779 106780
11473 : 106781 106782
11474 : 106783 106784
11475 : 106785 106786
11476 : 106787 106788
11477 : 106789 106790
11478 : 106791 106792
11479 : 106793 106794
11480 : 106795 106796
11481 : 106797 106798
11482 : 106799 106800
11483 : 106801 106802
11484 : 106803 106804
11485 : 106805 106806
11486 : 106807 106808
11487 : 106809 106810
11488 : 106811 106812
11489 : 106813 106814
11490 : 106815 106816
11491 : 106817 106818
11492 : 106819 106820
11493 : 106821 106822
11494 : 106823 106824
11495 : 106825 106826
11496 : 106827 106828
11497 : 106829 106830
11498 : 106831 106832
11499 : 106833 106834
11500 : 106835 106836
