16685 : 149191 149192
16686 : 149193 149194
16687 : 149195 149196
16688 : 149197 149198
16689 : 149199 149200
16690 : 149201 149202
16691 : 149203 149204
16692 : 149205 149206
16693 : 149207 149208
16694 : 149209 149210
16695 : 149211 149212
16696 : 149213 149214
16697 : 149215 149216
16698 : 149217 149218
16699 : 149219 149220
16700 : 149221 149222
16701 : 149223 149224
16702 : 149225 149226
16703 : 149227 149228
16704 : 149229 149230
16705 : 149231 149232
16706 : 149233 149234
16707 : 149235 149236
16708 : 149237 149238
16709 : 149239 149240
16710 : 149241 149242
16711 : 149243 149244
16712 : 149245 149246
16713 : 149247 149248
16714 : 149249 149250
16715 : 149251 149252
16716 : 149253 149254
16717 : 149255 149256
16718 : 149257 149258
16719 : 149259 149260
16720 : 149261 149262
16721 : 149263 149264
16722 : 149265 149266
16723 : 149267 149268
16724 : 149269 149270
16725 : 149271 149272
16726 : 149273 149274
16727 : 149275 149276
