23808 : 173038 173039
23809 : 173040 173041
23810 : 173042 173043
23811 : 173044 173045
23812 : 173046 173047
23813 : 173048 173049
23814 : 173050 173051
23815 : 173052 173053
23816 : 173054 173055
23817 : 173056 173057
23818 : 173058 173059
23819 : 173060 173061
23820 : 173062 173063
23821 : 173064 173065
23822 : 173066 173067
23823 : 173068 173069
23824 : 173070 173071
23825 : 173072 173073
23826 : 173074 173075
23827 : 173076 173077
23828 : 173078 173079
23829 : 173080 173081
23830 : 173082 173083
23831 : 173084 173085
23832 : 173086 173087
23833 : 173088 173089
23834 : 173090 173091
23835 : 173092 173093
23836 : 173094 173095
23837 : 173096 173097
23838 : 173098 173099
23839 : 173100 173101
23840 : 173102 173103
23841 : 173104 173105
23842 : 173106 173107
23843 : 173108 173109
23844 : 173110 173111
23845 : 173112 173113
23846 : 173114 173115
