21622 : 153303 153304
21623 : 153305 153306
21624 : 153307 153308
21625 : 153309 153310
21626 : 153311 153312
21627 : 153313 153314
21628 : 153315 153316
21629 : 153317 153318
21630 : 153319 153320
21631 : 153321 153322
21632 : 153323 153324
21633 : 153325 153326
21634 : 153327 153328
21635 : 153329 153330
21636 : 153331 153332
21637 : 153333 153334
21638 : 153335 153336
21639 : 153337 153338
21640 : 153339 153340
21641 : 153341 153342
21642 : 153343 153344
21643 : 153345 153346
21644 : 153347 153348
21645 : 153349 153350
21646 : 153351 153352
21647 : 153353 153354
21648 : 153355 153356
21649 : 153357 153358
21650 : 153359 153360
21651 : 153361 153362
21652 : 153363 153364
21653 : 153365 153366
21654 : 153367 153368
21655 : 153369 153370
21656 : 153371 153372
21657 : 153373 153374
21658 : 153375 153376
21659 : 153377 153378
21660 : 153379 153380
21661 : 153381 153382
21662 : 153383 153384
21663 : 153385 153386
21664 : 153387 153388
21665 : 153389 153390
21666 : 153391 153392
21667 : 153393 153394
21668 : 153395 153396
21669 : 153397 153398
21670 : 153399 153400
21671 : 153401 153402
21672 : 153403 153404
21673 : 153405 153406
21674 : 153407 153408
21675 : 153409 153410
21676 : 153411 153412
21677 : 153413 153414
21678 : 153415 153416
21679 : 153417 153418
21680 : 153419 153420
21681 : 153421 153422
21682 : 153423 153424
21683 : 153425 153426
21684 : 153427 153428
21685 : 153429 153430
21686 : 153431 153432
21687 : 153433 153434
21688 : 153435 153436
21689 : 153437 153438
21690 : 153439 153440
21691 : 153441 153442
21692 : 153443 153444
21693 : 153445 153446
21694 : 153447 153448
21695 : 153449 153450
21696 : 153451 153452
21697 : 153453 153454
21698 : 153455 153456
21699 : 153457 153458
21700 : 153459 153460
21701 : 153461 153462
21702 : 153463 153464
21703 : 153465 153466
21704 : 153467 153468
21705 : 153469 153470
21706 : 153471 153472
21707 : 153473 153474
21708 : 153475 153476
21709 : 153477 153478
21710 : 153479 153480
21711 : 153481 153482
