36377 : 302850 302851
36378 : 302852 302853
36379 : 302854 302855
36380 : 302856 302857
36381 : 302858 302859
36382 : 302860 302861
36383 : 302862 302863
36384 : 302864 302865
36385 : 302866 302867
36386 : 302868 302869
36387 : 302870 302871
36388 : 302872 302873
36389 : 302874 302875
36390 : 302876 302877
36391 : 302878 302879
36392 : 302880 302881
36393 : 302882 302883
36394 : 302884 302885
36395 : 302886 302887
36396 : 302888 302889
36397 : 302890 302891
36398 : 302892 302893
36399 : 302894 302895
36400 : 302896 302897
36401 : 302898 302899
36402 : 302900 302901
36403 : 302902 302903
36404 : 302904 302905
36405 : 302906 302907
36406 : 302908 302909
36407 : 302910 302911
36408 : 302912 302913
36409 : 302914 302915
36410 : 302916 302917
36411 : 302918 302919
36412 : 302920 302921
36413 : 302922 302923
36414 : 302924 302925
36415 : 302926 302927
36416 : 302928 302929
36417 : 302930 302931
36418 : 302932 302933
36419 : 302934 302935
