41941 : 267045 267046
41942 : 267047 267048
41943 : 267049 267050
41944 : 267051 267052
41945 : 267053 267054
41946 : 267055 267056
41947 : 267057 267058
41948 : 267059 267060
41949 : 267061 267062
41950 : 267063 267064
41951 : 267065 267066
41952 : 267067 267068
41953 : 267069 267070
41954 : 267071 267072
41955 : 267073 267074
41956 : 267075 267076
41957 : 267077 267078
41958 : 267079 267080
41959 : 267081 267082
41960 : 267083 267084
41961 : 267085 267086
41962 : 267087 267088
41963 : 267089 267090
41964 : 267091 267092
41965 : 267093 267094
41966 : 267095 267096
41967 : 267097 267098
41968 : 267099 267100
41969 : 267101 267102
41970 : 267103 267104
41971 : 267105 267106
41972 : 267107 267108
41973 : 267109 267110
41974 : 267111 267112
41975 : 267113 267114
41976 : 267115 267116
41977 : 267117 267118
41978 : 267119 267120
41979 : 267121 267122
