46979 : 381812 381813
46980 : 381814 381815
46981 : 381816 381817
46982 : 381818 381819
46983 : 381820 381821
46984 : 381822 381823
46985 : 381824 381825
46986 : 381826 381827
46987 : 381828 381829
46988 : 381830 381831
46989 : 381832 381833
46990 : 381834 381835
46991 : 381836 381837
46992 : 381838 381839
46993 : 381840 381841
46994 : 381842 381843
46995 : 381844 381845
46996 : 381846 381847
46997 : 381848 381849
46998 : 381850 381851
46999 : 381852 381853
47000 : 381854 381855
47001 : 381856 381857
47002 : 381858 381859
47003 : 381860 381861
47004 : 381862 381863
47005 : 381864 381865
47006 : 381866 381867
47007 : 381868 381869
