59230 : 362888 362889
59231 : 362890 362891
59232 : 362892 362893
59233 : 362894 362895
59234 : 362896 362897
59235 : 362898 362899
59236 : 362900 362901
59237 : 362902 362903
59238 : 362904 362905
59239 : 362906 362907
59240 : 362908 362909
59241 : 362910 362911
59242 : 362912 362913
59243 : 362914 362915
59244 : 362916 362917
59245 : 362918 362919
59246 : 362920 362921
59247 : 362922 362923
59248 : 362924 362925
59249 : 362926 362927
59250 : 362928 362929
59251 : 362930 362931
59252 : 362932 362933
59253 : 362934 362935
59254 : 362936 362937
59255 : 362938 362939
59256 : 362940 362941
59257 : 362942 362943
59258 : 362944 362945
59259 : 362946 362947
59260 : 362948 362949
59261 : 362950 362951
59262 : 362952 362953
59263 : 362954 362955
59264 : 362956 362957
59265 : 362958 362959
59266 : 362960 362961
59267 : 362962 362963
59268 : 362964 362965
59269 : 362966 362967
59270 : 362968 362969
59271 : 362970 362971
59272 : 362972 362973
59273 : 362974 362975
59274 : 362976 362977
59275 : 362978 362979
