50067 : 308521 308522
50068 : 308523 308524
50069 : 308525 308526
50070 : 308527 308528
50071 : 308529 308530
50072 : 308531 308532
50073 : 308533 308534
50074 : 308535 308536
50075 : 308537 308538
50076 : 308539 308540
50077 : 308541 308542
50078 : 308543 308544
50079 : 308545 308546
50080 : 308547 308548
50081 : 308549 308550
50082 : 308551 308552
50083 : 308553 308554
50084 : 308555 308556
50085 : 308557 308558
50086 : 308559 308560
50087 : 308561 308562
50088 : 308563 308564
50089 : 308565 308566
50090 : 308567 308568
50091 : 308569 308570
50092 : 308571 308572
50093 : 308573 308574
50094 : 308575 308576
50095 : 308577 308578
50096 : 308579 308580
50097 : 308581 308582
50098 : 308583 308584
50099 : 308585 308586
50100 : 308587 308588
50101 : 308589 308590
50102 : 308591 308592
50103 : 308593 308594
50104 : 308595 308596
50105 : 308597 308598
50106 : 308599 308600
50107 : 308601 308602
50108 : 308603 308604
50109 : 308605 308606
50110 : 308607 308608
50111 : 308609 308610
50112 : 308611 308612
