12171 : 88404 88405
12172 : 88406 88407
12173 : 88408 88409
12174 : 88410 88411
12175 : 88412 88413
12176 : 88414 88415
12177 : 88416 88417
12178 : 88418 88419
12179 : 88420 88421
12180 : 88422 88423
12181 : 88424 88425
12182 : 88426 88427
12183 : 88428 88429
12184 : 88430 88431
12185 : 88432 88433
12186 : 88434 88435
12187 : 88436 88437
12188 : 88438 88439
12189 : 88440 88441
12190 : 88442 88443
12191 : 88444 88445
12192 : 88446 88447
12193 : 88448 88449
12194 : 88450 88451
12195 : 88452 88453
12196 : 88454 88455
12197 : 88456 88457
12198 : 88458 88459
12199 : 88460 88461
12200 : 88462 88463
12201 : 88464 88465
