26584 : 191971 191972
26585 : 191973 191974
26586 : 191975 191976
26587 : 191977 191978
26588 : 191979 191980
26589 : 191981 191982
26590 : 191983 191984
26591 : 191985 191986
26592 : 191987 191988
26593 : 191989 191990
26594 : 191991 191992
26595 : 191993 191994
26596 : 191995 191996
26597 : 191997 191998
26598 : 191999 192000
26599 : 192001 192002
26600 : 192003 192004
26601 : 192005 192006
26602 : 192007 192008
26603 : 192009 192010
26604 : 192011 192012
26605 : 192013 192014
26606 : 192015 192016
26607 : 192017 192018
26608 : 192019 192020
26609 : 192021 192022
26610 : 192023 192024
26611 : 192025 192026
26612 : 192027 192028
26613 : 192029 192030
26614 : 192031 192032
26615 : 192033 192034
26616 : 192035 192036
26617 : 192037 192038
26618 : 192039 192040
26619 : 192041 192042
26620 : 192043 192044
26621 : 192045 192046
26622 : 192047 192048
26623 : 192049 192050
26624 : 192051 192052
26625 : 192053 192054
26626 : 192055 192056
