17098 : 131814 131815
17099 : 131816 131817
17100 : 131818 131819
17101 : 131820 131821
17102 : 131822 131823
17103 : 131824 131825
17104 : 131826 131827
17105 : 131828 131829
17106 : 131830 131831
17107 : 131832 131833
17108 : 131834 131835
17109 : 131836 131837
17110 : 131838 131839
17111 : 131840 131841
17112 : 131842 131843
17113 : 131844 131845
17114 : 131846 131847
17115 : 131848 131849
17116 : 131850 131851
17117 : 131852 131853
17118 : 131854 131855
17119 : 131856 131857
17120 : 131858 131859
17121 : 131860 131861
17122 : 131862 131863
17123 : 131864 131865
17124 : 131866 131867
17125 : 131868 131869
17126 : 131870 131871
17127 : 131872 131873
17128 : 131874 131875
17129 : 131876 131877
17130 : 131878 131879
17131 : 131880 131881
17132 : 131882 131883
17133 : 131884 131885
17134 : 131886 131887
17135 : 131888 131889
17136 : 131890 131891
17137 : 131892 131893
17138 : 131894 131895
17139 : 131896 131897
17140 : 131898 131899
17141 : 131900 131901
17142 : 131902 131903
17143 : 131904 131905
17144 : 131906 131907
17145 : 131908 131909
17146 : 131910 131911
17147 : 131912 131913
17148 : 131914 131915
17149 : 131916 131917
17150 : 131918 131919
17151 : 131920 131921
17152 : 131922 131923
17153 : 131924 131925
17154 : 131926 131927
17155 : 131928 131929
17156 : 131930 131931
17157 : 131932 131933
17158 : 131934 131935
17159 : 131936 131937
17160 : 131938 131939
17161 : 131940 131941
17162 : 131942 131943
17163 : 131944 131945
17164 : 131946 131947
17165 : 131948 131949
17166 : 131950 131951
17167 : 131952 131953
17168 : 131954 131955
17169 : 131956 131957
17170 : 131958 131959
17171 : 131960 131961
17172 : 131962 131963
17173 : 131964 131965
17174 : 131966 131967
17175 : 131968 131969
17176 : 131970 131971
17177 : 131972 131973
