7088 : 55398 55399
7089 : 55400 55401
7090 : 55402 55403
7091 : 55404 55405
7092 : 55406 55407
7093 : 55408 55409
7094 : 55410 55411
7095 : 55412 55413
7096 : 55414 55415
7097 : 55416 55417
7098 : 55418 55419
7099 : 55420 55421
7100 : 55422 55423
7101 : 55424 55425
7102 : 55426 55427
7103 : 55428 55429
7104 : 55430 55431
7105 : 55432 55433
7106 : 55434 55435
7107 : 55436 55437
7108 : 55438 55439
7109 : 55440 55441
7110 : 55442 55443
7111 : 55444 55445
7112 : 55446 55447
7113 : 55448 55449
7114 : 55450 55451
7115 : 55452 55453
7116 : 55454 55455
7117 : 55456 55457
7118 : 55458 55459
7119 : 55460 55461
7120 : 55462 55463
7121 : 55464 55465
7122 : 55466 55467
7123 : 55468 55469
7124 : 55470 55471
7125 : 55472 55473
7126 : 55474 55475
7127 : 55476 55477
7128 : 55478 55479
7129 : 55480 55481
7130 : 55482 55483
7131 : 55484 55485
7132 : 55486 55487
7133 : 55488 55489
7134 : 55490 55491
7135 : 55492 55493
7136 : 55494 55495
7137 : 55496 55497
7138 : 55498 55499
