76366 : 426657 426658
76367 : 426659 426660
76368 : 426661 426662
76369 : 426663 426664
76370 : 426665 426666
76371 : 426667 426668
76372 : 426669 426670
76373 : 426671 426672
76374 : 426673 426674
76375 : 426675 426676
76376 : 426677 426678
76377 : 426679 426680
76378 : 426681 426682
76379 : 426683 426684
76380 : 426685 426686
76381 : 426687 426688
76382 : 426689 426690
76383 : 426691 426692
76384 : 426693 426694
76385 : 426695 426696
76386 : 426697 426698
76387 : 426699 426700
76388 : 426701 426702
76389 : 426703 426704
76390 : 426705 426706
76391 : 426707 426708
76392 : 426709 426710
76393 : 426711 426712
76394 : 426713 426714
76395 : 426715 426716
76396 : 426717 426718
76397 : 426719 426720
76398 : 426721 426722
76399 : 426723 426724
76400 : 426725 426726
76401 : 426727 426728
76402 : 426729 426730
76403 : 426731 426732
76404 : 426733 426734
76405 : 426735 426736
76406 : 426737 426738
76407 : 426739 426740
76408 : 426741 426742
76409 : 426743 426744
76410 : 426745 426746
76411 : 426747 426748
76412 : 426749 426750
76413 : 426751 426752
76414 : 426753 426754
76415 : 426755 426756
76416 : 426757 426758
76417 : 426759 426760
76418 : 426761 426762
76419 : 426763 426764
76420 : 426765 426766
76421 : 426767 426768
76422 : 426769 426770
76423 : 426771 426772
76424 : 426773 426774
76425 : 426775 426776
76426 : 426777 426778
76427 : 426779 426780
76428 : 426781 426782
76429 : 426783 426784
76430 : 426785 426786
76431 : 426787 426788
76432 : 426789 426790
76433 : 426791 426792
76434 : 426793 426794
76435 : 426795 426796
76436 : 426797 426798
76437 : 426799 426800
76438 : 426801 426802
76439 : 426803 426804
76440 : 426805 426806
76441 : 426807 426808
76442 : 426809 426810
76443 : 426811 426812
