22081 : 193731 193732
22082 : 193733 193734
22083 : 193735 193736
22084 : 193737 193738
22085 : 193739 193740
22086 : 193741 193742
22087 : 193743 193744
22088 : 193745 193746
22089 : 193747 193748
22090 : 193749 193750
22091 : 193751 193752
22092 : 193753 193754
22093 : 193755 193756
22094 : 193757 193758
22095 : 193759 193760
22096 : 193761 193762
22097 : 193763 193764
22098 : 193765 193766
22099 : 193767 193768
22100 : 193769 193770
22101 : 193771 193772
22102 : 193773 193774
22103 : 193775 193776
22104 : 193777 193778
22105 : 193779 193780
22106 : 193781 193782
22107 : 193783 193784
22108 : 193785 193786
22109 : 193787 193788
22110 : 193789 193790
22111 : 193791 193792
22112 : 193793 193794
22113 : 193795 193796
22114 : 193797 193798
22115 : 193799 193800
