84666 : 491226 491227
84667 : 491228 491229
84668 : 491230 491231
84669 : 491232 491233
84670 : 491234 491235
84671 : 491236 491237
84672 : 491238 491239
84673 : 491240 491241
84674 : 491242 491243
84675 : 491244 491245
84676 : 491246 491247
84677 : 491248 491249
84678 : 491250 491251
84679 : 491252 491253
84680 : 491254 491255
84681 : 491256 491257
84682 : 491258 491259
84683 : 491260 491261
84684 : 491262 491263
84685 : 491264 491265
84686 : 491266 491267
84687 : 491268 491269
84688 : 491270 491271
84689 : 491272 491273
84690 : 491274 491275
84691 : 491276 491277
84692 : 491278 491279
84693 : 491280 491281
84694 : 491282 491283
84695 : 491284 491285
84696 : 491286 491287
84697 : 491288 491289
84698 : 491290 491291
84699 : 491292 491293
84700 : 491294 491295
84701 : 491296 491297
84702 : 491298 491299
84703 : 491300 491301
84704 : 491302 491303
84705 : 491304 491305
84706 : 491306 491307
84707 : 491308 491309
84708 : 491310 491311
84709 : 491312 491313
84710 : 491314 491315
84711 : 491316 491317
84712 : 491318 491319
84713 : 491320 491321
