49282 : 303961 303962
49342 : 303963 303964
49343 : 303965 303966
49344 : 303967 303968
49345 : 303969 303970
49346 : 303971 303972
49347 : 303973 303974
49348 : 303975 303976
49349 : 303977 303978
49350 : 303979 303980
49351 : 303981 303982
49352 : 303983 303984
49353 : 303985 303986
49354 : 303987 303988
49355 : 303989 303990
49356 : 303991 303992
49357 : 303993 303994
49358 : 303995 303996
49359 : 303997 303998
49360 : 303999 304000
49361 : 304001 304002
49362 : 304003 304004
49363 : 304005 304006
49364 : 304007 304008
49365 : 304009 304010
49366 : 304011 304012
49367 : 304013 304014
49368 : 304015 304016
49369 : 304017 304018
49370 : 304019 304020
49371 : 304021 304022
49372 : 304023 304024
49373 : 304025 304026
49374 : 304027 304028
49375 : 304029 304030
49376 : 304031 304032
49377 : 304033 304034
49378 : 304035 304036
49379 : 304037 304038
49380 : 304039 304040
49381 : 304041 304042
49382 : 304043 304044
49383 : 304045 304046
49384 : 304047 304048
49385 : 304049 304050
49386 : 304051 304052
49387 : 304053 304054
49388 : 304055 304056
49389 : 304057 304058
49390 : 304059 304060
49391 : 304061 304062
49392 : 304063 304064
