98115 : 637134 637135
98116 : 637136 637137
98117 : 637138 637139
98118 : 637140 637141
98119 : 637142 637143
98120 : 637144 637145
98121 : 637146 637147
98122 : 637148 637149
98123 : 637150 637151
98124 : 637152 637153
98125 : 637154 637155
98126 : 637156 637157
98127 : 637158 637159
98128 : 637160 637161
98129 : 637162 637163
98130 : 637164 637165
98131 : 637166 637167
98132 : 637168 637169
98133 : 637170 637171
98134 : 637172 637173
98135 : 637174 637175
98136 : 637176 637177
98137 : 637178 637179
98138 : 637180 637181
98139 : 637182 637183
98140 : 637184 637185
98141 : 637186 637187
98142 : 637188 637189
98143 : 637190 637191
98144 : 637192 637193
98145 : 637194 637195
