-5 : 236169 236170
36067 : 236171 236172
36072 : 236173 236174
36197 : 236175 236176
36198 : 236177 236178
36199 : 236179 236180
36200 : 236181 236182
36201 : 236183 236184
36202 : 236185 236186
36203 : 236187 236188
36204 : 236189 236190
36205 : 236191 236192
36206 : 236193 236194
36207 : 236195 236196
36208 : 236197 236198
36209 : 236199 236200
36210 : 236201 236202
36211 : 236203 236204
36212 : 236205 236206
36213 : 236207 236208
36214 : 236209 236210
36215 : 236211 236212
36216 : 236213 236214
36217 : 236215 236216
36218 : 236217 236218
36219 : 236219 236220
36220 : 236221 236222
36221 : 236223 236224
36222 : 236225 236226
36223 : 236227 236228
36224 : 236229 236230
36225 : 236231 236232
36226 : 236233 236234
36227 : 236235 236236
36228 : 236237 236238
36229 : 236239 236240
36230 : 236241 236242
36231 : 236243 236244
36232 : 236245 236246
36233 : 236247 236248
36234 : 236249 236250
36235 : 236251 236252
36236 : 236253 236254
36237 : 236255 236256
36238 : 236257 236258
36239 : 236259 236260
36240 : 236261 236262
36241 : 236263 236264
36242 : 236265 236266
36243 : 236267 236268
36244 : 236269 236270
36245 : 236271 236272
36246 : 236273 236274
36247 : 236275 236276
36248 : 236277 236278
36249 : 236279 236280
36250 : 236281 236282
36251 : 236283 236284
36252 : 236285 236286
36253 : 236287 236288
36254 : 236289 236290
36255 : 236291 236292
36256 : 236293 236294
36257 : 236295 236296
36258 : 236297 236298
36259 : 236299 236300
36260 : 236301 236302
36261 : 236303 236304
36262 : 236305 236306
36263 : 236307 236308
36264 : 236309 236310
36265 : 236311 236312
36266 : 236313 236314
36267 : 236315 236316
