9151 : 86842 86843
9152 : 86844 86845
9153 : 86846 86847
9154 : 86848 86849
9155 : 86850 86851
9156 : 86852 86853
9157 : 86854 86855
9158 : 86856 86857
9159 : 86858 86859
9160 : 86860 86861
9161 : 86862 86863
9162 : 86864 86865
9163 : 86866 86867
9164 : 86868 86869
9165 : 86870 86871
9166 : 86872 86873
9167 : 86874 86875
9168 : 86876 86877
9169 : 86878 86879
9170 : 86880 86881
9171 : 86882 86883
9172 : 86884 86885
9173 : 86886 86887
9174 : 86888 86889
9175 : 86890 86891
9176 : 86892 86893
9177 : 86894 86895
9178 : 86896 86897
9179 : 86898 86899
