6075 : 58322 58323
6076 : 58324 58325
6077 : 58326 58327
6078 : 58328 58329
6079 : 58330 58331
6080 : 58332 58333
6081 : 58334 58335
6082 : 58336 58337
6083 : 58338 58339
6084 : 58340 58341
6085 : 58342 58343
6086 : 58344 58345
6087 : 58346 58347
6088 : 58348 58349
6089 : 58350 58351
6090 : 58352 58353
6091 : 58354 58355
6092 : 58356 58357
6093 : 58358 58359
6094 : 58360 58361
6095 : 58362 58363
6096 : 58364 58365
6097 : 58366 58367
6098 : 58368 58369
6099 : 58370 58371
6100 : 58372 58373
6101 : 58374 58375
6102 : 58376 58377
6103 : 58378 58379
6104 : 58380 58381
6105 : 58382 58383
