70339 : 390521 390522
70553 : 390523 390524
70554 : 390525 390526
70555 : 390527 390528
70556 : 390529 390530
70557 : 390531 390532
70558 : 390533 390534
70559 : 390535 390536
70560 : 390537 390538
70561 : 390539 390540
70562 : 390541 390542
70563 : 390543 390544
70564 : 390545 390546
70565 : 390547 390548
70566 : 390549 390550
70567 : 390551 390552
70568 : 390553 390554
70569 : 390555 390556
70570 : 390557 390558
70571 : 390559 390560
70572 : 390561 390562
70573 : 390563 390564
70574 : 390565 390566
70575 : 390567 390568
70576 : 390569 390570
70577 : 390571 390572
70578 : 390573 390574
70579 : 390575 390576
70580 : 390577 390578
70581 : 390579 390580
70582 : 390581 390582
70583 : 390583 390584
70584 : 390585 390586
70585 : 390587 390588
70586 : 390589 390590
70587 : 390591 390592
70588 : 390593 390594
70589 : 390595 390596
70590 : 390597 390598
70591 : 390599 390600
70592 : 390601 390602
70593 : 390603 390604
70594 : 390605 390606
70595 : 390607 390608
70596 : 390609 390610
70597 : 390611 390612
70598 : 390613 390614
70599 : 390615 390616
70600 : 390617 390618
70601 : 390619 390620
70602 : 390621 390622
70603 : 390623 390624
70604 : 390625 390626
70605 : 390627 390628
70606 : 390629 390630
70607 : 390631 390632
70608 : 390633 390634
70609 : 390635 390636
70610 : 390637 390638
70611 : 390639 390640
70612 : 390641 390642
70613 : 390643 390644
70614 : 390645 390646
70615 : 390647 390648
70616 : 390649 390650
70617 : 390651 390652
70618 : 390653 390654
70619 : 390655 390656
70620 : 390657 390658
70621 : 390659 390660
70622 : 390661 390662
70623 : 390663 390664
70624 : 390665 390666
70625 : 390667 390668
70626 : 390669 390670
70627 : 390671 390672
70628 : 390673 390674
70629 : 390675 390676
70630 : 390677 390678
70631 : 390679 390680
70632 : 390681 390682
70633 : 390683 390684
70634 : 390685 390686
70635 : 390687 390688
