44303 : 361071 361072
44304 : 361073 361074
44305 : 361075 361076
44306 : 361077 361078
44307 : 361079 361080
44308 : 361081 361082
44309 : 361083 361084
44310 : 361085 361086
44311 : 361087 361088
44312 : 361089 361090
44313 : 361091 361092
44314 : 361093 361094
44315 : 361095 361096
44316 : 361097 361098
44317 : 361099 361100
44318 : 361101 361102
44319 : 361103 361104
44320 : 361105 361106
44321 : 361107 361108
44322 : 361109 361110
44323 : 361111 361112
44324 : 361113 361114
44325 : 361115 361116
44326 : 361117 361118
44327 : 361119 361120
44328 : 361121 361122
44329 : 361123 361124
44330 : 361125 361126
44331 : 361127 361128
44332 : 361129 361130
44333 : 361131 361132
44334 : 361133 361134
44335 : 361135 361136
44336 : 361137 361138
44337 : 361139 361140
44338 : 361141 361142
44339 : 361143 361144
44340 : 361145 361146
44341 : 361147 361148
44342 : 361149 361150
44343 : 361151 361152
44344 : 361153 361154
44345 : 361155 361156
44346 : 361157 361158
44347 : 361159 361160
44348 : 361161 361162
44349 : 361163 361164
