14407 : 188558 188559
14408 : 188560 188561
14409 : 188562 188563
14410 : 188564 188565
14411 : 188566 188567
14412 : 188568 188569
14413 : 188570 188571
14414 : 188572 188573
14415 : 188574 188575
14416 : 188576 188577
14417 : 188578 188579
14418 : 188580 188581
14419 : 188582 188583
14420 : 188584 188585
14421 : 188586 188587
14422 : 188588 188589
14423 : 188590 188591
14424 : 188592 188593
14425 : 188594 188595
14426 : 188596 188597
14427 : 188598 188599
14428 : 188600 188601
14429 : 188602 188603
14430 : 188604 188605
14431 : 188606 188607
14432 : 188608 188609
14433 : 188610 188611
14434 : 188612 188613
14435 : 188614 188615
14436 : 188616 188617
14437 : 188618 188619
14438 : 188620 188621
14439 : 188622 188623
14440 : 188624 188625
14441 : 188626 188627
14442 : 188628 188629
14443 : 188630 188631
14444 : 188632 188633
14445 : 188634 188635
14446 : 188636 188637
