2567 : 17471 17472
2568 : 17473 17474
2569 : 17475 17476
2570 : 17477 17478
2571 : 17479 17480
2572 : 17481 17482
2573 : 17483 17484
2574 : 17485 17486
2575 : 17487 17488
2576 : 17489 17490
2577 : 17491 17492
2578 : 17493 17494
2579 : 17495 17496
2580 : 17497 17498
2581 : 17499 17500
2582 : 17501 17502
2583 : 17503 17504
2584 : 17505 17506
2585 : 17507 17508
2586 : 17509 17510
2587 : 17511 17512
2588 : 17513 17514
2589 : 17515 17516
2590 : 17517 17518
2591 : 17519 17520
2592 : 17521 17522
2593 : 17523 17524
2594 : 17525 17526
2595 : 17527 17528
2596 : 17529 17530
2597 : 17531 17532
2598 : 17533 17534
2599 : 17535 17536
2600 : 17537 17538
2601 : 17539 17540
2602 : 17541 17542
