2891 : 19896 19897
2892 : 19898 19899
2893 : 19900 19901
2894 : 19902 19903
2895 : 19904 19905
2896 : 19906 19907
2897 : 19908 19909
2898 : 19910 19911
2899 : 19912 19913
2900 : 19914 19915
2901 : 19916 19917
2902 : 19918 19919
2903 : 19920 19921
2904 : 19922 19923
2905 : 19924 19925
2906 : 19926 19927
2907 : 19928 19929
2908 : 19930 19931
2909 : 19932 19933
2910 : 19934 19935
2911 : 19936 19937
2912 : 19938 19939
2913 : 19940 19941
2914 : 19942 19943
2915 : 19944 19945
2916 : 19946 19947
2917 : 19948 19949
2918 : 19950 19951
2919 : 19952 19953
2920 : 19954 19955
2921 : 19956 19957
2922 : 19958 19959
2923 : 19960 19961
2924 : 19962 19963
2925 : 19964 19965
2926 : 19966 19967
2927 : 19968 19969
