14576 : 116910 116911
14577 : 116912 116913
14578 : 116914 116915
14579 : 116916 116917
14580 : 116918 116919
14581 : 116920 116921
14582 : 116922 116923
14583 : 116924 116925
14584 : 116926 116927
14585 : 116928 116929
14586 : 116930 116931
14587 : 116932 116933
14588 : 116934 116935
14589 : 116936 116937
14590 : 116938 116939
14591 : 116940 116941
14592 : 116942 116943
14593 : 116944 116945
14594 : 116946 116947
14595 : 116948 116949
14596 : 116950 116951
14597 : 116952 116953
14598 : 116954 116955
14599 : 116956 116957
14600 : 116958 116959
14601 : 116960 116961
14602 : 116962 116963
14603 : 116964 116965
14604 : 116966 116967
14605 : 116968 116969
14606 : 116970 116971
14607 : 116972 116973
14608 : 116974 116975
14609 : 116976 116977
14610 : 116978 116979
14611 : 116980 116981
14612 : 116982 116983
14613 : 116984 116985
14614 : 116986 116987
14615 : 116988 116989
14616 : 116990 116991
14617 : 116992 116993
14618 : 116994 116995
14619 : 116996 116997
14620 : 116998 116999
14621 : 117000 117001
14622 : 117002 117003
14623 : 117004 117005
14624 : 117006 117007
14625 : 117008 117009
14626 : 117010 117011
14627 : 117012 117013
14628 : 117014 117015
14629 : 117016 117017
14630 : 117018 117019
14631 : 117020 117021
14632 : 117022 117023
14633 : 117024 117025
14634 : 117026 117027
