30792 : 215747 215748
31434 : 215749 215750
31435 : 215751 215752
31436 : 215753 215754
31437 : 215755 215756
31438 : 215757 215758
31439 : 215759 215760
31440 : 215761 215762
31441 : 215763 215764
31442 : 215765 215766
31443 : 215767 215768
31444 : 215769 215770
31445 : 215771 215772
31446 : 215773 215774
31447 : 215775 215776
31448 : 215777 215778
31449 : 215779 215780
31450 : 215781 215782
31451 : 215783 215784
31452 : 215785 215786
31453 : 215787 215788
31454 : 215789 215790
31455 : 215791 215792
31456 : 215793 215794
31457 : 215795 215796
31458 : 215797 215798
31459 : 215799 215800
31460 : 215801 215802
31461 : 215803 215804
31462 : 215805 215806
31463 : 215807 215808
31464 : 215809 215810
31465 : 215811 215812
31466 : 215813 215814
31467 : 215815 215816
31468 : 215817 215818
31469 : 215819 215820
31470 : 215821 215822
31471 : 215823 215824
31472 : 215825 215826
31473 : 215827 215828
31474 : 215829 215830
31475 : 215831 215832
31476 : 215833 215834
31477 : 215835 215836
31478 : 215837 215838
31479 : 215839 215840
31480 : 215841 215842
31481 : 215843 215844
31482 : 215845 215846
31483 : 215847 215848
31484 : 215849 215850
31485 : 215851 215852
31486 : 215853 215854
31487 : 215855 215856
31488 : 215857 215858
31489 : 215859 215860
31490 : 215861 215862
31491 : 215863 215864
31492 : 215865 215866
31493 : 215867 215868
31494 : 215869 215870
31495 : 215871 215872
