2546 : 24698 24699
2547 : 24700 24701
2548 : 24702 24703
2549 : 24704 24705
2550 : 24706 24707
2551 : 24708 24709
2552 : 24710 24711
2553 : 24712 24713
2554 : 24714 24715
2555 : 24716 24717
2556 : 24718 24719
2557 : 24720 24721
2558 : 24722 24723
2559 : 24724 24725
2560 : 24726 24727
2561 : 24728 24729
2562 : 24730 24731
2563 : 24732 24733
2564 : 24734 24735
2565 : 24736 24737
2566 : 24738 24739
2567 : 24740 24741
2568 : 24742 24743
2569 : 24744 24745
2570 : 24746 24747
2571 : 24748 24749
2572 : 24750 24751
