60663 : 372078 372079
60664 : 372080 372081
60665 : 372082 372083
60666 : 372084 372085
60667 : 372086 372087
60668 : 372088 372089
60669 : 372090 372091
60670 : 372092 372093
60671 : 372094 372095
60672 : 372096 372097
60673 : 372098 372099
60674 : 372100 372101
60675 : 372102 372103
60676 : 372104 372105
60677 : 372106 372107
60678 : 372108 372109
60679 : 372110 372111
60680 : 372112 372113
60681 : 372114 372115
60682 : 372116 372117
60683 : 372118 372119
60684 : 372120 372121
60685 : 372122 372123
60686 : 372124 372125
60687 : 372126 372127
60688 : 372128 372129
60689 : 372130 372131
60690 : 372132 372133
60691 : 372134 372135
60692 : 372136 372137
60693 : 372138 372139
60694 : 372140 372141
60695 : 372142 372143
60696 : 372144 372145
60697 : 372146 372147
60698 : 372148 372149
60699 : 372150 372151
60700 : 372152 372153
60701 : 372154 372155
60702 : 372156 372157
60703 : 372158 372159
60704 : 372160 372161
60705 : 372162 372163
60706 : 372164 372165
