15634 : 113601 113602
15635 : 113603 113604
15636 : 113605 113606
15637 : 113607 113608
15638 : 113609 113610
15639 : 113611 113612
15640 : 113613 113614
15641 : 113615 113616
15642 : 113617 113618
15643 : 113619 113620
15644 : 113621 113622
15645 : 113623 113624
15646 : 113625 113626
15647 : 113627 113628
15648 : 113629 113630
15649 : 113631 113632
15650 : 113633 113634
15651 : 113635 113636
15652 : 113637 113638
15653 : 113639 113640
15654 : 113641 113642
15655 : 113643 113644
15656 : 113645 113646
15657 : 113647 113648
15658 : 113649 113650
15659 : 113651 113652
15660 : 113653 113654
15661 : 113655 113656
15662 : 113657 113658
15663 : 113659 113660
15664 : 113661 113662
15665 : 113663 113664
15666 : 113665 113666
15667 : 113667 113668
15668 : 113669 113670
15669 : 113671 113672
15670 : 113673 113674
15671 : 113675 113676
15672 : 113677 113678
15673 : 113679 113680
15674 : 113681 113682
15675 : 113683 113684
