37148 : 227706 227707
37149 : 227708 227709
37150 : 227710 227711
37151 : 227712 227713
37152 : 227714 227715
37153 : 227716 227717
37154 : 227718 227719
37155 : 227720 227721
37156 : 227722 227723
37157 : 227724 227725
37158 : 227726 227727
37159 : 227728 227729
37160 : 227730 227731
37161 : 227732 227733
37162 : 227734 227735
37163 : 227736 227737
37164 : 227738 227739
37165 : 227740 227741
37166 : 227742 227743
37167 : 227744 227745
37168 : 227746 227747
37169 : 227748 227749
37170 : 227750 227751
37171 : 227752 227753
37172 : 227754 227755
37173 : 227756 227757
37174 : 227758 227759
37175 : 227760 227761
37176 : 227762 227763
37177 : 227764 227765
37178 : 227766 227767
37179 : 227768 227769
37180 : 227770 227771
37181 : 227772 227773
37182 : 227774 227775
37183 : 227776 227777
37184 : 227778 227779
37185 : 227780 227781
37186 : 227782 227783
37187 : 227784 227785
37188 : 227786 227787
37189 : 227788 227789
37190 : 227790 227791
37191 : 227792 227793
37192 : 227794 227795
37193 : 227796 227797
37194 : 227798 227799
37195 : 227800 227801
37196 : 227802 227803
37197 : 227804 227805
37198 : 227806 227807
37199 : 227808 227809
37200 : 227810 227811
37201 : 227812 227813
37202 : 227814 227815
37203 : 227816 227817
37204 : 227818 227819
37205 : 227820 227821
37206 : 227822 227823
37207 : 227824 227825
37208 : 227826 227827
37209 : 227828 227829
37210 : 227830 227831
37211 : 227832 227833
37212 : 227834 227835
37213 : 227836 227837
37214 : 227838 227839
37215 : 227840 227841
37216 : 227842 227843
37217 : 227844 227845
37218 : 227846 227847
37219 : 227848 227849
37220 : 227850 227851
37221 : 227852 227853
37222 : 227854 227855
37223 : 227856 227857
37224 : 227858 227859
