16652 : 120452 120453
16653 : 120454 120455
16654 : 120456 120457
16655 : 120458 120459
16656 : 120460 120461
16657 : 120462 120463
16658 : 120464 120465
16659 : 120466 120467
16660 : 120468 120469
16661 : 120470 120471
16662 : 120472 120473
16663 : 120474 120475
16664 : 120476 120477
16665 : 120478 120479
16666 : 120480 120481
16667 : 120482 120483
16668 : 120484 120485
16669 : 120486 120487
16670 : 120488 120489
16671 : 120490 120491
16672 : 120492 120493
16673 : 120494 120495
16674 : 120496 120497
16675 : 120498 120499
16676 : 120500 120501
