27710 : 198219 198220
27711 : 198221 198222
27712 : 198223 198224
27713 : 198225 198226
27714 : 198227 198228
27715 : 198229 198230
27716 : 198231 198232
27717 : 198233 198234
27718 : 198235 198236
27719 : 198237 198238
27720 : 198239 198240
27721 : 198241 198242
27722 : 198243 198244
27723 : 198245 198246
27724 : 198247 198248
27725 : 198249 198250
27726 : 198251 198252
27727 : 198253 198254
27728 : 198255 198256
27729 : 198257 198258
27730 : 198259 198260
27731 : 198261 198262
27732 : 198263 198264
27733 : 198265 198266
27734 : 198267 198268
27735 : 198269 198270
27736 : 198271 198272
27737 : 198273 198274
27738 : 198275 198276
27739 : 198277 198278
27740 : 198279 198280
27741 : 198281 198282
27742 : 198283 198284
27743 : 198285 198286
27744 : 198287 198288
27745 : 198289 198290
27746 : 198291 198292
27747 : 198293 198294
27748 : 198295 198296
27749 : 198297 198298
27750 : 198299 198300
27751 : 198301 198302
27752 : 198303 198304
27753 : 198305 198306
27754 : 198307 198308
27755 : 198309 198310
27756 : 198311 198312
27757 : 198313 198314
27758 : 198315 198316
27759 : 198317 198318
27760 : 198319 198320
27761 : 198321 198322
27762 : 198323 198324
27763 : 198325 198326
27764 : 198327 198328
