33418 : 277916 277917
33419 : 277918 277919
33420 : 277920 277921
33421 : 277922 277923
33422 : 277924 277925
33423 : 277926 277927
33424 : 277928 277929
33425 : 277930 277931
33426 : 277932 277933
33427 : 277934 277935
33428 : 277936 277937
33429 : 277938 277939
33430 : 277940 277941
33431 : 277942 277943
33432 : 277944 277945
33433 : 277946 277947
33434 : 277948 277949
33435 : 277950 277951
33436 : 277952 277953
33437 : 277954 277955
33438 : 277956 277957
33439 : 277958 277959
33440 : 277960 277961
33441 : 277962 277963
33442 : 277964 277965
33443 : 277966 277967
33444 : 277968 277969
33445 : 277970 277971
33446 : 277972 277973
33447 : 277974 277975
33448 : 277976 277977
33449 : 277978 277979
33450 : 277980 277981
33451 : 277982 277983
33452 : 277984 277985
33453 : 277986 277987
33454 : 277988 277989
33455 : 277990 277991
33456 : 277992 277993
33457 : 277994 277995
33458 : 277996 277997
33459 : 277998 277999
33460 : 278000 278001
33461 : 278002 278003
33462 : 278004 278005
33463 : 278006 278007
33464 : 278008 278009
33465 : 278010 278011
