5180 : 36004 36005
5181 : 36006 36007
5182 : 36008 36009
5183 : 36010 36011
5184 : 36012 36013
5185 : 36014 36015
5186 : 36016 36017
5187 : 36018 36019
5188 : 36020 36021
5189 : 36022 36023
5190 : 36024 36025
5191 : 36026 36027
5192 : 36028 36029
5193 : 36030 36031
5194 : 36032 36033
5195 : 36034 36035
5196 : 36036 36037
5197 : 36038 36039
5198 : 36040 36041
5199 : 36042 36043
5200 : 36044 36045
5201 : 36046 36047
5202 : 36048 36049
5203 : 36050 36051
5204 : 36052 36053
5205 : 36054 36055
5206 : 36056 36057
5207 : 36058 36059
5208 : 36060 36061
5209 : 36062 36063
5210 : 36064 36065
5211 : 36066 36067
5212 : 36068 36069
5213 : 36070 36071
5214 : 36072 36073
5215 : 36074 36075
