12481 : 102055 102056
12482 : 102057 102058
12483 : 102059 102060
12484 : 102061 102062
12485 : 102063 102064
12486 : 102065 102066
12487 : 102067 102068
12488 : 102069 102070
12489 : 102071 102072
12490 : 102073 102074
12491 : 102075 102076
12492 : 102077 102078
12493 : 102079 102080
12494 : 102081 102082
12495 : 102083 102084
12496 : 102085 102086
12497 : 102087 102088
12498 : 102089 102090
12499 : 102091 102092
12500 : 102093 102094
12501 : 102095 102096
12502 : 102097 102098
12503 : 102099 102100
12504 : 102101 102102
12505 : 102103 102104
12506 : 102105 102106
12507 : 102107 102108
12508 : 102109 102110
12509 : 102111 102112
12510 : 102113 102114
12511 : 102115 102116
12512 : 102117 102118
12513 : 102119 102120
12514 : 102121 102122
12515 : 102123 102124
12516 : 102125 102126
12517 : 102127 102128
12518 : 102129 102130
12519 : 102131 102132
12520 : 102133 102134
12521 : 102135 102136
12522 : 102137 102138
12523 : 102139 102140
12524 : 102141 102142
12525 : 102143 102144
12526 : 102145 102146
12527 : 102147 102148
12528 : 102149 102150
12529 : 102151 102152
12530 : 102153 102154
12531 : 102155 102156
12532 : 102157 102158
12533 : 102159 102160
12534 : 102161 102162
12535 : 102163 102164
12536 : 102165 102166
12537 : 102167 102168
12538 : 102169 102170
12539 : 102171 102172
12540 : 102173 102174
12541 : 102175 102176
