93146 : 572930 572931
93147 : 572932 572933
93148 : 572934 572935
93149 : 572936 572937
93150 : 572938 572939
93151 : 572940 572941
93152 : 572942 572943
93153 : 572944 572945
93154 : 572946 572947
93155 : 572948 572949
93156 : 572950 572951
93157 : 572952 572953
93158 : 572954 572955
93159 : 572956 572957
93160 : 572958 572959
93161 : 572960 572961
93162 : 572962 572963
93163 : 572964 572965
93164 : 572966 572967
93165 : 572968 572969
93166 : 572970 572971
93167 : 572972 572973
93168 : 572974 572975
93169 : 572976 572977
93170 : 572978 572979
93171 : 572980 572981
93172 : 572982 572983
93173 : 572984 572985
93174 : 572986 572987
93175 : 572988 572989
93176 : 572990 572991
93177 : 572992 572993
93178 : 572994 572995
93179 : 572996 572997
93180 : 572998 572999
93181 : 573000 573001
93182 : 573002 573003
93183 : 573004 573005
93184 : 573006 573007
93185 : 573008 573009
93186 : 573010 573011
93187 : 573012 573013
93188 : 573014 573015
93189 : 573016 573017
93190 : 573018 573019
93191 : 573020 573021
