51760 : 421113 421114
51761 : 421115 421116
51762 : 421117 421118
51763 : 421119 421120
51764 : 421121 421122
51765 : 421123 421124
51766 : 421125 421126
51767 : 421127 421128
51768 : 421129 421130
51769 : 421131 421132
51770 : 421133 421134
51771 : 421135 421136
51772 : 421137 421138
51773 : 421139 421140
51774 : 421141 421142
51775 : 421143 421144
51776 : 421145 421146
51777 : 421147 421148
51778 : 421149 421150
51779 : 421151 421152
51780 : 421153 421154
51781 : 421155 421156
51782 : 421157 421158
51783 : 421159 421160
51784 : 421161 421162
51785 : 421163 421164
51786 : 421165 421166
51787 : 421167 421168
51788 : 421169 421170
51789 : 421171 421172
51790 : 421173 421174
51791 : 421175 421176
51792 : 421177 421178
51793 : 421179 421180
51794 : 421181 421182
51795 : 421183 421184
51796 : 421185 421186
