42412 : 349794 349795
42413 : 349796 349797
42414 : 349798 349799
42415 : 349800 349801
42416 : 349802 349803
42417 : 349804 349805
42418 : 349806 349807
42419 : 349808 349809
42420 : 349810 349811
42421 : 349812 349813
42422 : 349814 349815
42423 : 349816 349817
42424 : 349818 349819
42425 : 349820 349821
42426 : 349822 349823
42427 : 349824 349825
42428 : 349826 349827
42429 : 349828 349829
42430 : 349830 349831
42431 : 349832 349833
42432 : 349834 349835
42433 : 349836 349837
42434 : 349838 349839
42435 : 349840 349841
42436 : 349842 349843
42437 : 349844 349845
42438 : 349846 349847
42439 : 349848 349849
42440 : 349850 349851
42441 : 349852 349853
42442 : 349854 349855
42443 : 349856 349857
42444 : 349858 349859
42445 : 349860 349861
42446 : 349862 349863
42447 : 349864 349865
42448 : 349866 349867
42449 : 349868 349869
