55067 : 339833 339834
55068 : 339835 339836
55069 : 339837 339838
55070 : 339839 339840
55071 : 339841 339842
55072 : 339843 339844
55073 : 339845 339846
55074 : 339847 339848
55075 : 339849 339850
55076 : 339851 339852
55077 : 339853 339854
55078 : 339855 339856
55079 : 339857 339858
55080 : 339859 339860
55081 : 339861 339862
55082 : 339863 339864
55083 : 339865 339866
55084 : 339867 339868
55085 : 339869 339870
55086 : 339871 339872
55087 : 339873 339874
55088 : 339875 339876
55089 : 339877 339878
55090 : 339879 339880
55091 : 339881 339882
55092 : 339883 339884
55093 : 339885 339886
55094 : 339887 339888
55095 : 339889 339890
55096 : 339891 339892
55097 : 339893 339894
55098 : 339895 339896
55099 : 339897 339898
55100 : 339899 339900
55101 : 339901 339902
55102 : 339903 339904
55103 : 339905 339906
55104 : 339907 339908
55105 : 339909 339910
55106 : 339911 339912
55107 : 339913 339914
55108 : 339915 339916
