45845 : 371555 371556
45846 : 371557 371558
45847 : 371559 371560
45848 : 371561 371562
45849 : 371563 371564
45850 : 371565 371566
45851 : 371567 371568
45852 : 371569 371570
45853 : 371571 371572
45854 : 371573 371574
45855 : 371575 371576
45856 : 371577 371578
45857 : 371579 371580
45858 : 371581 371582
45859 : 371583 371584
45860 : 371585 371586
45861 : 371587 371588
45862 : 371589 371590
45863 : 371591 371592
45864 : 371593 371594
45865 : 371595 371596
45866 : 371597 371598
45867 : 371599 371600
45868 : 371601 371602
45869 : 371603 371604
45870 : 371605 371606
45871 : 371607 371608
45872 : 371609 371610
45873 : 371611 371612
45874 : 371613 371614
45875 : 371615 371616
45876 : 371617 371618
45877 : 371619 371620
45878 : 371621 371622
45879 : 371623 371624
45880 : 371625 371626
45881 : 371627 371628
