93303 : 575088 575089
93304 : 575090 575091
93305 : 575092 575093
93306 : 575094 575095
93307 : 575096 575097
93308 : 575098 575099
93309 : 575100 575101
93310 : 575102 575103
93311 : 575104 575105
93312 : 575106 575107
93313 : 575108 575109
93314 : 575110 575111
93315 : 575112 575113
93316 : 575114 575115
93317 : 575116 575117
93318 : 575118 575119
93319 : 575120 575121
93320 : 575122 575123
93321 : 575124 575125
93322 : 575126 575127
93323 : 575128 575129
93324 : 575130 575131
93325 : 575132 575133
93326 : 575134 575135
93327 : 575136 575137
93328 : 575138 575139
93329 : 575140 575141
