55396 : 340558 340559
55397 : 340560 340561
55398 : 340562 340563
55399 : 340564 340565
55400 : 340566 340567
55401 : 340568 340569
55402 : 340570 340571
55403 : 340572 340573
55404 : 340574 340575
55405 : 340576 340577
55406 : 340578 340579
55407 : 340580 340581
55408 : 340582 340583
55409 : 340584 340585
55410 : 340586 340587
55411 : 340588 340589
55412 : 340590 340591
55413 : 340592 340593
55414 : 340594 340595
55415 : 340596 340597
55416 : 340598 340599
55417 : 340600 340601
55418 : 340602 340603
55419 : 340604 340605
55420 : 340606 340607
55421 : 340608 340609
