53214 : 327080 327081
53215 : 327082 327083
53216 : 327084 327085
53217 : 327086 327087
53218 : 327088 327089
53219 : 327090 327091
53220 : 327092 327093
53221 : 327094 327095
53222 : 327096 327097
53223 : 327098 327099
53224 : 327100 327101
53225 : 327102 327103
53226 : 327104 327105
53227 : 327106 327107
53228 : 327108 327109
53229 : 327110 327111
53230 : 327112 327113
53231 : 327114 327115
53232 : 327116 327117
53233 : 327118 327119
53234 : 327120 327121
53235 : 327122 327123
53236 : 327124 327125
53237 : 327126 327127
53238 : 327128 327129
53239 : 327130 327131
53240 : 327132 327133
53241 : 327134 327135
53242 : 327136 327137
53243 : 327138 327139
53244 : 327140 327141
53245 : 327142 327143
53246 : 327144 327145
53247 : 327146 327147
53248 : 327148 327149
53249 : 327150 327151
53250 : 327152 327153
53251 : 327154 327155
53252 : 327156 327157
53253 : 327158 327159
53254 : 327160 327161
53255 : 327162 327163
53256 : 327164 327165
53257 : 327166 327167
53258 : 327168 327169
53259 : 327170 327171
53260 : 327172 327173
