4396 : 30345 30346
4397 : 30347 30348
4398 : 30349 30350
4399 : 30351 30352
4400 : 30353 30354
4401 : 30355 30356
4402 : 30357 30358
4403 : 30359 30360
4404 : 30361 30362
4405 : 30363 30364
4406 : 30365 30366
4407 : 30367 30368
4408 : 30369 30370
4409 : 30371 30372
4410 : 30373 30374
4411 : 30375 30376
4412 : 30377 30378
4413 : 30379 30380
4414 : 30381 30382
4415 : 30383 30384
4416 : 30385 30386
4417 : 30387 30388
4418 : 30389 30390
4419 : 30391 30392
4420 : 30393 30394
4421 : 30395 30396
4422 : 30397 30398
4423 : 30399 30400
4424 : 30401 30402
4425 : 30403 30404
4426 : 30405 30406
4427 : 30407 30408
4428 : 30409 30410
