766 : 4446 4447
767 : 4448 4449
768 : 4450 4451
769 : 4452 4453
770 : 4454 4455
771 : 4456 4457
772 : 4458 4459
773 : 4460 4461
774 : 4462 4463
775 : 4464 4465
776 : 4466 4467
777 : 4468 4469
778 : 4470 4471
779 : 4472 4473
780 : 4474 4475
781 : 4476 4477
782 : 4478 4479
783 : 4480 4481
784 : 4482 4483
785 : 4484 4485
786 : 4486 4487
787 : 4488 4489
788 : 4490 4491
789 : 4492 4493
790 : 4494 4495
791 : 4496 4497
792 : 4498 4499
793 : 4500 4501
794 : 4502 4503
795 : 4504 4505
796 : 4506 4507
797 : 4508 4509
798 : 4510 4511
799 : 4512 4513
800 : 4514 4515
801 : 4516 4517
802 : 4518 4519
803 : 4520 4521
804 : 4522 4523
805 : 4524 4525
806 : 4526 4527
807 : 4528 4529
808 : 4530 4531
