38066 : 316122 316123
38067 : 316124 316125
38068 : 316126 316127
38069 : 316128 316129
38070 : 316130 316131
38071 : 316132 316133
38072 : 316134 316135
38073 : 316136 316137
38074 : 316138 316139
38075 : 316140 316141
38076 : 316142 316143
38077 : 316144 316145
38078 : 316146 316147
38079 : 316148 316149
38080 : 316150 316151
38081 : 316152 316153
38082 : 316154 316155
38083 : 316156 316157
38084 : 316158 316159
38085 : 316160 316161
38086 : 316162 316163
38087 : 316164 316165
38088 : 316166 316167
38089 : 316168 316169
38090 : 316170 316171
38091 : 316172 316173
38092 : 316174 316175
38093 : 316176 316177
38094 : 316178 316179
38095 : 316180 316181
38096 : 316182 316183
38097 : 316184 316185
38098 : 316186 316187
38099 : 316188 316189
38100 : 316190 316191
38101 : 316192 316193
38102 : 316194 316195
38103 : 316196 316197
38104 : 316198 316199
38105 : 316200 316201
38106 : 316202 316203
38107 : 316204 316205
38108 : 316206 316207
38109 : 316208 316209
38110 : 316210 316211
38111 : 316212 316213
38112 : 316214 316215
38113 : 316216 316217
38114 : 316218 316219
