89846 : 537613 537614
89847 : 537615 537616
89848 : 537617 537618
89849 : 537619 537620
89850 : 537621 537622
89851 : 537623 537624
89852 : 537625 537626
89853 : 537627 537628
89854 : 537629 537630
89855 : 537631 537632
89856 : 537633 537634
89857 : 537635 537636
89858 : 537637 537638
89859 : 537639 537640
89860 : 537641 537642
89861 : 537643 537644
89862 : 537645 537646
89863 : 537647 537648
89864 : 537649 537650
89865 : 537651 537652
89866 : 537653 537654
89867 : 537655 537656
89868 : 537657 537658
89869 : 537659 537660
89870 : 537661 537662
89871 : 537663 537664
89872 : 537665 537666
89873 : 537667 537668
89874 : 537669 537670
89875 : 537671 537672
89876 : 537673 537674
89877 : 537675 537676
89878 : 537677 537678
89879 : 537679 537680
89880 : 537681 537682
89881 : 537683 537684
89882 : 537685 537686
89883 : 537687 537688
89884 : 537689 537690
89885 : 537691 537692
89886 : 537693 537694
