72530 : 446766 446767
72531 : 446768 446769
72532 : 446770 446771
72533 : 446772 446773
72534 : 446774 446775
72535 : 446776 446777
72536 : 446778 446779
72537 : 446780 446781
72538 : 446782 446783
72539 : 446784 446785
72540 : 446786 446787
72541 : 446788 446789
72542 : 446790 446791
72543 : 446792 446793
72544 : 446794 446795
72545 : 446796 446797
72546 : 446798 446799
72547 : 446800 446801
72548 : 446802 446803
72549 : 446804 446805
72550 : 446806 446807
72551 : 446808 446809
72552 : 446810 446811
72553 : 446812 446813
72554 : 446814 446815
72555 : 446816 446817
72556 : 446818 446819
72557 : 446820 446821
72558 : 446822 446823
72559 : 446824 446825
72560 : 446826 446827
72561 : 446828 446829
72562 : 446830 446831
72563 : 446832 446833
72564 : 446834 446835
72565 : 446836 446837
72566 : 446838 446839
72567 : 446840 446841
72568 : 446842 446843
72569 : 446844 446845
72570 : 446846 446847
72571 : 446848 446849
72572 : 446850 446851
