10154 : 73263 73264
10155 : 73265 73266
10156 : 73267 73268
10157 : 73269 73270
10158 : 73271 73272
10159 : 73273 73274
10160 : 73275 73276
10161 : 73277 73278
10162 : 73279 73280
10163 : 73281 73282
10164 : 73283 73284
10165 : 73285 73286
10166 : 73287 73288
10167 : 73289 73290
10168 : 73291 73292
10169 : 73293 73294
10170 : 73295 73296
10171 : 73297 73298
10172 : 73299 73300
10173 : 73301 73302
10174 : 73303 73304
10175 : 73305 73306
10176 : 73307 73308
10177 : 73309 73310
10178 : 73311 73312
10179 : 73313 73314
10180 : 73315 73316
