65743 : 399994 399995
65744 : 399996 399997
65745 : 399998 399999
65746 : 400000 400001
65747 : 400002 400003
65748 : 400004 400005
65749 : 400006 400007
65750 : 400008 400009
65751 : 400010 400011
65752 : 400012 400013
65753 : 400014 400015
65754 : 400016 400017
65755 : 400018 400019
65756 : 400020 400021
65757 : 400022 400023
65758 : 400024 400025
65759 : 400026 400027
65760 : 400028 400029
65761 : 400030 400031
65762 : 400032 400033
65763 : 400034 400035
65764 : 400036 400037
65765 : 400038 400039
65766 : 400040 400041
65767 : 400042 400043
65768 : 400044 400045
65769 : 400046 400047
65770 : 400048 400049
65771 : 400050 400051
65772 : 400052 400053
65773 : 400054 400055
65774 : 400056 400057
65775 : 400058 400059
65776 : 400060 400061
65777 : 400062 400063
65778 : 400064 400065
65779 : 400066 400067
65780 : 400068 400069
65781 : 400070 400071
65782 : 400072 400073
