54876 : 443759 443760
54877 : 443761 443762
54878 : 443763 443764
54879 : 443765 443766
54880 : 443767 443768
54881 : 443769 443770
54882 : 443771 443772
54883 : 443773 443774
54884 : 443775 443776
54885 : 443777 443778
54886 : 443779 443780
54887 : 443781 443782
54888 : 443783 443784
54889 : 443785 443786
54890 : 443787 443788
54891 : 443789 443790
54892 : 443791 443792
54893 : 443793 443794
54894 : 443795 443796
54895 : 443797 443798
54896 : 443799 443800
54897 : 443801 443802
54898 : 443803 443804
54899 : 443805 443806
54900 : 443807 443808
54901 : 443809 443810
54902 : 443811 443812
54903 : 443813 443814
54904 : 443815 443816
54905 : 443817 443818
54906 : 443819 443820
54907 : 443821 443822
54908 : 443823 443824
54909 : 443825 443826
54910 : 443827 443828
54911 : 443829 443830
54912 : 443831 443832
54913 : 443833 443834
54914 : 443835 443836
54915 : 443837 443838
54916 : 443839 443840
