55096 : 338568 338569
55097 : 338570 338571
55098 : 338572 338573
55099 : 338574 338575
55100 : 338576 338577
55101 : 338578 338579
55102 : 338580 338581
55103 : 338582 338583
55104 : 338584 338585
55105 : 338586 338587
55106 : 338588 338589
55107 : 338590 338591
55108 : 338592 338593
55109 : 338594 338595
55110 : 338596 338597
55111 : 338598 338599
55112 : 338600 338601
55113 : 338602 338603
55114 : 338604 338605
55115 : 338606 338607
55116 : 338608 338609
55117 : 338610 338611
55118 : 338612 338613
55119 : 338614 338615
55120 : 338616 338617
55121 : 338618 338619
55122 : 338620 338621
55123 : 338622 338623
55124 : 338624 338625
55125 : 338626 338627
55126 : 338628 338629
55127 : 338630 338631
55128 : 338632 338633
55129 : 338634 338635
55130 : 338636 338637
55131 : 338638 338639
55132 : 338640 338641
55133 : 338642 338643
55134 : 338644 338645
55135 : 338646 338647
55136 : 338648 338649
55137 : 338650 338651
55138 : 338652 338653
