85899 : 502968 502969
85900 : 502970 502971
85901 : 502972 502973
85902 : 502974 502975
85903 : 502976 502977
85904 : 502978 502979
85905 : 502980 502981
85906 : 502982 502983
85907 : 502984 502985
85908 : 502986 502987
85909 : 502988 502989
85910 : 502990 502991
85911 : 502992 502993
85912 : 502994 502995
85913 : 502996 502997
85914 : 502998 502999
85915 : 503000 503001
85916 : 503002 503003
85917 : 503004 503005
85918 : 503006 503007
85919 : 503008 503009
85920 : 503010 503011
85921 : 503012 503013
85922 : 503014 503015
85923 : 503016 503017
85924 : 503018 503019
85925 : 503020 503021
85926 : 503022 503023
85927 : 503024 503025
85928 : 503026 503027
85929 : 503028 503029
85930 : 503030 503031
85931 : 503032 503033
85932 : 503034 503035
85933 : 503036 503037
85934 : 503038 503039
85935 : 503040 503041
85936 : 503042 503043
85937 : 503044 503045
85938 : 503046 503047
85939 : 503048 503049
85940 : 503050 503051
85941 : 503052 503053
85942 : 503054 503055
85943 : 503056 503057
85944 : 503058 503059
85945 : 503060 503061
85946 : 503062 503063
85947 : 503064 503065
85948 : 503066 503067
85949 : 503068 503069
85950 : 503070 503071
85951 : 503072 503073
85952 : 503074 503075
85953 : 503076 503077
85954 : 503078 503079
85955 : 503080 503081
