31735 : 217390 217391
31879 : 217392 217393
31880 : 217394 217395
31881 : 217396 217397
31882 : 217398 217399
31883 : 217400 217401
31884 : 217402 217403
31885 : 217404 217405
31886 : 217406 217407
31887 : 217408 217409
31888 : 217410 217411
31889 : 217412 217413
31890 : 217414 217415
31891 : 217416 217417
31892 : 217418 217419
31893 : 217420 217421
31894 : 217422 217423
31895 : 217424 217425
31896 : 217426 217427
31897 : 217428 217429
31898 : 217430 217431
31899 : 217432 217433
31900 : 217434 217435
31901 : 217436 217437
31902 : 217438 217439
31903 : 217440 217441
31904 : 217442 217443
31905 : 217444 217445
31906 : 217446 217447
31907 : 217448 217449
31908 : 217450 217451
31909 : 217452 217453
31910 : 217454 217455
31911 : 217456 217457
31912 : 217458 217459
31913 : 217460 217461
31914 : 217462 217463
31915 : 217464 217465
31916 : 217466 217467
31917 : 217468 217469
31918 : 217470 217471
31919 : 217472 217473
31920 : 217474 217475
31921 : 217476 217477
31922 : 217478 217479
31923 : 217480 217481
31924 : 217482 217483
31925 : 217484 217485
31926 : 217486 217487
31927 : 217488 217489
31928 : 217490 217491
31929 : 217492 217493
31930 : 217494 217495
31931 : 217496 217497
