72357 : 445353 445354
72358 : 445355 445356
72359 : 445357 445358
72360 : 445359 445360
72361 : 445361 445362
72362 : 445363 445364
72363 : 445365 445366
72364 : 445367 445368
72365 : 445369 445370
72366 : 445371 445372
72367 : 445373 445374
72368 : 445375 445376
72369 : 445377 445378
72370 : 445379 445380
72371 : 445381 445382
72372 : 445383 445384
72373 : 445385 445386
72374 : 445387 445388
72375 : 445389 445390
72376 : 445391 445392
72377 : 445393 445394
72378 : 445395 445396
72379 : 445397 445398
72380 : 445399 445400
72381 : 445401 445402
72382 : 445403 445404
72383 : 445405 445406
72384 : 445407 445408
72385 : 445409 445410
72386 : 445411 445412
72387 : 445413 445414
72388 : 445415 445416
72389 : 445417 445418
