73734 : 409742 409743
73735 : 409744 409745
73736 : 409746 409747
73737 : 409748 409749
73738 : 409750 409751
73739 : 409752 409753
73740 : 409754 409755
73741 : 409756 409757
73742 : 409758 409759
73743 : 409760 409761
73744 : 409762 409763
73745 : 409764 409765
73746 : 409766 409767
73747 : 409768 409769
73748 : 409770 409771
73749 : 409772 409773
73750 : 409774 409775
73751 : 409776 409777
73752 : 409778 409779
73753 : 409780 409781
73754 : 409782 409783
73755 : 409784 409785
73756 : 409786 409787
73757 : 409788 409789
73758 : 409790 409791
73759 : 409792 409793
73760 : 409794 409795
73761 : 409796 409797
73762 : 409798 409799
73763 : 409800 409801
73764 : 409802 409803
73765 : 409804 409805
73766 : 409806 409807
73767 : 409808 409809
73768 : 409810 409811
73769 : 409812 409813
73770 : 409814 409815
73771 : 409816 409817
73772 : 409818 409819
73773 : 409820 409821
73774 : 409822 409823
73775 : 409824 409825
73776 : 409826 409827
73777 : 409828 409829
73778 : 409830 409831
73779 : 409832 409833
73780 : 409834 409835
73781 : 409836 409837
73782 : 409838 409839
73783 : 409840 409841
73784 : 409842 409843
73785 : 409844 409845
73786 : 409846 409847
73787 : 409848 409849
73788 : 409850 409851
73789 : 409852 409853
73790 : 409854 409855
73791 : 409856 409857
73792 : 409858 409859
73793 : 409860 409861
73794 : 409862 409863
73795 : 409864 409865
73796 : 409866 409867
73797 : 409868 409869
73798 : 409870 409871
73799 : 409872 409873
73800 : 409874 409875
73801 : 409876 409877
73802 : 409878 409879
