53042 : 325973 325974
53043 : 325975 325976
53044 : 325977 325978
53045 : 325979 325980
53046 : 325981 325982
53047 : 325983 325984
53048 : 325985 325986
53049 : 325987 325988
53050 : 325989 325990
53051 : 325991 325992
53052 : 325993 325994
53053 : 325995 325996
53054 : 325997 325998
53055 : 325999 326000
53056 : 326001 326002
53057 : 326003 326004
53058 : 326005 326006
53059 : 326007 326008
53060 : 326009 326010
53061 : 326011 326012
53062 : 326013 326014
53063 : 326015 326016
53064 : 326017 326018
53065 : 326019 326020
53066 : 326021 326022
53067 : 326023 326024
53068 : 326025 326026
53069 : 326027 326028
53070 : 326029 326030
53071 : 326031 326032
53072 : 326033 326034
53073 : 326035 326036
53074 : 326037 326038
53075 : 326039 326040
53076 : 326041 326042
53077 : 326043 326044
53078 : 326045 326046
53079 : 326047 326048
