5611 : 52747 52748
5741 : 52749 52750
5742 : 52751 52752
5743 : 52753 52754
5744 : 52755 52756
5745 : 52757 52758
5746 : 52759 52760
5747 : 52761 52762
5748 : 52763 52764
5749 : 52765 52766
5750 : 52767 52768
5751 : 52769 52770
5752 : 52771 52772
5753 : 52773 52774
5754 : 52775 52776
5755 : 52777 52778
5756 : 52779 52780
5757 : 52781 52782
5758 : 52783 52784
5759 : 52785 52786
5760 : 52787 52788
5761 : 52789 52790
5762 : 52791 52792
5763 : 52793 52794
5764 : 52795 52796
5765 : 52797 52798
5766 : 52799 52800
5767 : 52801 52802
5768 : 52803 52804
5769 : 52805 52806
5770 : 52807 52808
5771 : 52809 52810
5772 : 52811 52812
5773 : 52813 52814
5774 : 52815 52816
5775 : 52817 52818
5776 : 52819 52820
5777 : 52821 52822
5778 : 52823 52824
