6977 : 102194 102195
6978 : 102196 102197
6979 : 102198 102199
6980 : 102200 102201
6981 : 102202 102203
6982 : 102204 102205
6983 : 102206 102207
6984 : 102208 102209
6985 : 102210 102211
6986 : 102212 102213
6987 : 102214 102215
6988 : 102216 102217
6989 : 102218 102219
6990 : 102220 102221
6991 : 102222 102223
6992 : 102224 102225
6993 : 102226 102227
6994 : 102228 102229
6995 : 102230 102231
6996 : 102232 102233
6997 : 102234 102235
6998 : 102236 102237
6999 : 102238 102239
7000 : 102240 102241
7001 : 102242 102243
7002 : 102244 102245
