68748 : 420244 420245
68749 : 420246 420247
68750 : 420248 420249
68751 : 420250 420251
68752 : 420252 420253
68753 : 420254 420255
68754 : 420256 420257
68755 : 420258 420259
68756 : 420260 420261
68757 : 420262 420263
68758 : 420264 420265
68759 : 420266 420267
68760 : 420268 420269
68761 : 420270 420271
68762 : 420272 420273
68763 : 420274 420275
68764 : 420276 420277
68765 : 420278 420279
68766 : 420280 420281
68767 : 420282 420283
68768 : 420284 420285
68769 : 420286 420287
68770 : 420288 420289
68771 : 420290 420291
68772 : 420292 420293
68773 : 420294 420295
68774 : 420296 420297
68775 : 420298 420299
68776 : 420300 420301
68777 : 420302 420303
68778 : 420304 420305
68779 : 420306 420307
68780 : 420308 420309
68781 : 420310 420311
68782 : 420312 420313
68783 : 420314 420315
68784 : 420316 420317
68785 : 420318 420319
68786 : 420320 420321
68787 : 420322 420323
68788 : 420324 420325
68789 : 420326 420327
68790 : 420328 420329
