28218 : 202049 202050
28498 : 202051 202052
28499 : 202053 202054
28500 : 202055 202056
28501 : 202057 202058
28502 : 202059 202060
28503 : 202061 202062
28504 : 202063 202064
28505 : 202065 202066
28506 : 202067 202068
28507 : 202069 202070
28508 : 202071 202072
28509 : 202073 202074
28510 : 202075 202076
28511 : 202077 202078
28512 : 202079 202080
28513 : 202081 202082
28514 : 202083 202084
28515 : 202085 202086
28516 : 202087 202088
28517 : 202089 202090
28518 : 202091 202092
28519 : 202093 202094
28520 : 202095 202096
28521 : 202097 202098
28522 : 202099 202100
28523 : 202101 202102
28524 : 202103 202104
28525 : 202105 202106
28526 : 202107 202108
28527 : 202109 202110
28528 : 202111 202112
28529 : 202113 202114
28530 : 202115 202116
28531 : 202117 202118
28532 : 202119 202120
28533 : 202121 202122
28534 : 202123 202124
28535 : 202125 202126
28536 : 202127 202128
28537 : 202129 202130
28538 : 202131 202132
28539 : 202133 202134
28540 : 202135 202136
28541 : 202137 202138
28542 : 202139 202140
28543 : 202141 202142
28544 : 202143 202144
28545 : 202145 202146
28546 : 202147 202148
28547 : 202149 202150
28548 : 202151 202152
