50629 : 415178 415179
50630 : 415180 415181
50631 : 415182 415183
50632 : 415184 415185
50633 : 415186 415187
50634 : 415188 415189
50635 : 415190 415191
50636 : 415192 415193
50637 : 415194 415195
50638 : 415196 415197
50639 : 415198 415199
50640 : 415200 415201
50641 : 415202 415203
50642 : 415204 415205
50643 : 415206 415207
50644 : 415208 415209
50645 : 415210 415211
50646 : 415212 415213
50647 : 415214 415215
50648 : 415216 415217
50649 : 415218 415219
50650 : 415220 415221
50651 : 415222 415223
50652 : 415224 415225
50653 : 415226 415227
50654 : 415228 415229
50655 : 415230 415231
50656 : 415232 415233
50657 : 415234 415235
50658 : 415236 415237
50659 : 415238 415239
50660 : 415240 415241
50661 : 415242 415243
50662 : 415244 415245
50663 : 415246 415247
50664 : 415248 415249
50665 : 415250 415251
