4440 : 30768 30769
4441 : 30770 30771
4442 : 30772 30773
4443 : 30774 30775
4444 : 30776 30777
4445 : 30778 30779
4446 : 30780 30781
4447 : 30782 30783
4448 : 30784 30785
4449 : 30786 30787
4450 : 30788 30789
4451 : 30790 30791
4452 : 30792 30793
4453 : 30794 30795
4454 : 30796 30797
4455 : 30798 30799
4456 : 30800 30801
4457 : 30802 30803
4458 : 30804 30805
4459 : 30806 30807
4460 : 30808 30809
4461 : 30810 30811
4462 : 30812 30813
4463 : 30814 30815
4464 : 30816 30817
4465 : 30818 30819
4466 : 30820 30821
4467 : 30822 30823
4468 : 30824 30825
4469 : 30826 30827
4470 : 30828 30829
4471 : 30830 30831
4472 : 30832 30833
4473 : 30834 30835
4474 : 30836 30837
4475 : 30838 30839
4476 : 30840 30841
