1504 : 15237 15238
1505 : 15239 15240
1506 : 15241 15242
1507 : 15243 15244
1508 : 15245 15246
1509 : 15247 15248
1510 : 15249 15250
1511 : 15251 15252
1512 : 15253 15254
1513 : 15255 15256
1514 : 15257 15258
1515 : 15259 15260
1516 : 15261 15262
1517 : 15263 15264
1518 : 15265 15266
1519 : 15267 15268
1520 : 15269 15270
1521 : 15271 15272
1522 : 15273 15274
1523 : 15275 15276
1524 : 15277 15278
1525 : 15279 15280
1526 : 15281 15282
1527 : 15283 15284
1528 : 15285 15286
1529 : 15287 15288
1530 : 15289 15290
1531 : 15291 15292
1532 : 15293 15294
