35540 : 220255 220256
35541 : 220257 220258
35542 : 220259 220260
35543 : 220261 220262
35544 : 220263 220264
35545 : 220265 220266
35546 : 220267 220268
35547 : 220269 220270
35548 : 220271 220272
35549 : 220273 220274
35550 : 220275 220276
35551 : 220277 220278
35552 : 220279 220280
35553 : 220281 220282
35554 : 220283 220284
35555 : 220285 220286
35556 : 220287 220288
35557 : 220289 220290
35558 : 220291 220292
35559 : 220293 220294
35560 : 220295 220296
35561 : 220297 220298
35562 : 220299 220300
35563 : 220301 220302
35564 : 220303 220304
35565 : 220305 220306
35566 : 220307 220308
35567 : 220309 220310
35568 : 220311 220312
35569 : 220313 220314
35570 : 220315 220316
35571 : 220317 220318
35572 : 220319 220320
35573 : 220321 220322
35574 : 220323 220324
35575 : 220325 220326
35576 : 220327 220328
35577 : 220329 220330
35578 : 220331 220332
35579 : 220333 220334
35580 : 220335 220336
35581 : 220337 220338
35582 : 220339 220340
35583 : 220341 220342
35584 : 220343 220344
35585 : 220345 220346
35586 : 220347 220348
35587 : 220349 220350
35588 : 220351 220352
35589 : 220353 220354
35590 : 220355 220356
35591 : 220357 220358
35592 : 220359 220360
35593 : 220361 220362
35594 : 220363 220364
35595 : 220365 220366
35596 : 220367 220368
35597 : 220369 220370
35598 : 220371 220372
35599 : 220373 220374
35600 : 220375 220376
35601 : 220377 220378
35602 : 220379 220380
35603 : 220381 220382
35604 : 220383 220384
35605 : 220385 220386
35606 : 220387 220388
35607 : 220389 220390
35608 : 220391 220392
35609 : 220393 220394
35610 : 220395 220396
35611 : 220397 220398
35612 : 220399 220400
35613 : 220401 220402
35614 : 220403 220404
35615 : 220405 220406
35616 : 220407 220408
35617 : 220409 220410
35618 : 220411 220412
35619 : 220413 220414
35620 : 220415 220416
