41177 : 264631 264632
41496 : 264633 264634
41497 : 264635 264636
41498 : 264637 264638
41499 : 264639 264640
41500 : 264641 264642
41501 : 264643 264644
41502 : 264645 264646
41503 : 264647 264648
41504 : 264649 264650
41505 : 264651 264652
41506 : 264653 264654
41507 : 264655 264656
41508 : 264657 264658
41509 : 264659 264660
41510 : 264661 264662
41511 : 264663 264664
41512 : 264665 264666
41513 : 264667 264668
41514 : 264669 264670
41515 : 264671 264672
41516 : 264673 264674
41517 : 264675 264676
41518 : 264677 264678
41519 : 264679 264680
41520 : 264681 264682
41521 : 264683 264684
41522 : 264685 264686
41523 : 264687 264688
41524 : 264689 264690
41525 : 264691 264692
41526 : 264693 264694
41527 : 264695 264696
41528 : 264697 264698
41529 : 264699 264700
41530 : 264701 264702
41531 : 264703 264704
41532 : 264705 264706
41533 : 264707 264708
41534 : 264709 264710
41535 : 264711 264712
41536 : 264713 264714
41537 : 264715 264716
41538 : 264717 264718
41539 : 264719 264720
41540 : 264721 264722
41541 : 264723 264724
41542 : 264725 264726
