71899 : 444340 444341
72050 : 444342 444343
72051 : 444344 444345
72052 : 444346 444347
72053 : 444348 444349
72054 : 444350 444351
72055 : 444352 444353
72056 : 444354 444355
72057 : 444356 444357
72058 : 444358 444359
72059 : 444360 444361
72060 : 444362 444363
72061 : 444364 444365
72062 : 444366 444367
72063 : 444368 444369
72064 : 444370 444371
72065 : 444372 444373
72066 : 444374 444375
72067 : 444376 444377
72068 : 444378 444379
72069 : 444380 444381
72070 : 444382 444383
72071 : 444384 444385
72072 : 444386 444387
72073 : 444388 444389
72074 : 444390 444391
72075 : 444392 444393
72076 : 444394 444395
72077 : 444396 444397
72078 : 444398 444399
72079 : 444400 444401
72080 : 444402 444403
72081 : 444404 444405
72082 : 444406 444407
