2849 : 19626 19627
2850 : 19628 19629
2851 : 19630 19631
2852 : 19632 19633
2853 : 19634 19635
2854 : 19636 19637
2855 : 19638 19639
2856 : 19640 19641
2857 : 19642 19643
2858 : 19644 19645
2859 : 19646 19647
2860 : 19648 19649
2861 : 19650 19651
2862 : 19652 19653
2863 : 19654 19655
2864 : 19656 19657
2865 : 19658 19659
2866 : 19660 19661
2867 : 19662 19663
2868 : 19664 19665
2869 : 19666 19667
2870 : 19668 19669
2871 : 19670 19671
2872 : 19672 19673
2873 : 19674 19675
2874 : 19676 19677
2875 : 19678 19679
2876 : 19680 19681
