37920 : 312898 312899
37921 : 312900 312901
37922 : 312902 312903
37923 : 312904 312905
37924 : 312906 312907
37925 : 312908 312909
37926 : 312910 312911
37927 : 312912 312913
37928 : 312914 312915
37929 : 312916 312917
37930 : 312918 312919
37931 : 312920 312921
37932 : 312922 312923
37933 : 312924 312925
37934 : 312926 312927
37935 : 312928 312929
37936 : 312930 312931
37937 : 312932 312933
37938 : 312934 312935
37939 : 312936 312937
37940 : 312938 312939
37941 : 312940 312941
37942 : 312942 312943
37943 : 312944 312945
37944 : 312946 312947
37945 : 312948 312949
37946 : 312950 312951
37947 : 312952 312953
