28573 : 185839 185840
28670 : 185841 185842
28807 : 185843 185844
28927 : 185845 185846
28928 : 185847 185848
28929 : 185849 185850
28930 : 185851 185852
28931 : 185853 185854
28932 : 185855 185856
28933 : 185857 185858
28934 : 185859 185860
28935 : 185861 185862
28936 : 185863 185864
28937 : 185865 185866
28938 : 185867 185868
28939 : 185869 185870
28940 : 185871 185872
28941 : 185873 185874
28942 : 185875 185876
28943 : 185877 185878
28944 : 185879 185880
28945 : 185881 185882
28946 : 185883 185884
28947 : 185885 185886
28948 : 185887 185888
28949 : 185889 185890
28950 : 185891 185892
28951 : 185893 185894
28952 : 185895 185896
28953 : 185897 185898
28954 : 185899 185900
28955 : 185901 185902
28956 : 185903 185904
28957 : 185905 185906
28958 : 185907 185908
28959 : 185909 185910
28960 : 185911 185912
28961 : 185913 185914
28962 : 185915 185916
28963 : 185917 185918
28964 : 185919 185920
28965 : 185921 185922
28966 : 185923 185924
28967 : 185925 185926
28968 : 185927 185928
28969 : 185929 185930
28970 : 185931 185932
28971 : 185933 185934
28972 : 185935 185936
28973 : 185937 185938
28974 : 185939 185940
28975 : 185941 185942
28976 : 185943 185944
28977 : 185945 185946
28978 : 185947 185948
28979 : 185949 185950
28980 : 185951 185952
28981 : 185953 185954
28982 : 185955 185956
28983 : 185957 185958
28984 : 185959 185960
28985 : 185961 185962
28986 : 185963 185964
28987 : 185965 185966
28988 : 185967 185968
28989 : 185969 185970
28990 : 185971 185972
28991 : 185973 185974
28992 : 185975 185976
28993 : 185977 185978
28994 : 185979 185980
28995 : 185981 185982
28996 : 185983 185984
28997 : 185985 185986
28998 : 185987 185988
28999 : 185989 185990
29000 : 185991 185992
29001 : 185993 185994
29002 : 185995 185996
29003 : 185997 185998
29004 : 185999 186000
