86011 : 503855 503856
86012 : 503857 503858
86013 : 503859 503860
86014 : 503861 503862
86015 : 503863 503864
86016 : 503865 503866
86017 : 503867 503868
86018 : 503869 503870
86019 : 503871 503872
86020 : 503873 503874
86021 : 503875 503876
86022 : 503877 503878
86023 : 503879 503880
86024 : 503881 503882
86025 : 503883 503884
86026 : 503885 503886
86027 : 503887 503888
86028 : 503889 503890
86029 : 503891 503892
86030 : 503893 503894
86031 : 503895 503896
86032 : 503897 503898
86033 : 503899 503900
86034 : 503901 503902
86035 : 503903 503904
86036 : 503905 503906
86037 : 503907 503908
86038 : 503909 503910
86039 : 503911 503912
86040 : 503913 503914
86041 : 503915 503916
86042 : 503917 503918
86043 : 503919 503920
86044 : 503921 503922
86045 : 503923 503924
86046 : 503925 503926
86047 : 503927 503928
86048 : 503929 503930
86049 : 503931 503932
86050 : 503933 503934
86051 : 503935 503936
86052 : 503937 503938
86053 : 503939 503940
86054 : 503941 503942
86055 : 503943 503944
86056 : 503945 503946
86057 : 503947 503948
86058 : 503949 503950
86059 : 503951 503952
86060 : 503953 503954
86061 : 503955 503956
