7503 : 62224 62225
7620 : 62226 62227
7684 : 62228 62229
7685 : 62230 62231
7686 : 62232 62233
7687 : 62234 62235
7688 : 62236 62237
7689 : 62238 62239
7690 : 62240 62241
7691 : 62242 62243
7692 : 62244 62245
7693 : 62246 62247
7694 : 62248 62249
7695 : 62250 62251
7696 : 62252 62253
7697 : 62254 62255
7698 : 62256 62257
7699 : 62258 62259
7700 : 62260 62261
7701 : 62262 62263
7702 : 62264 62265
7703 : 62266 62267
7704 : 62268 62269
7705 : 62270 62271
7706 : 62272 62273
7707 : 62274 62275
7708 : 62276 62277
7709 : 62278 62279
7710 : 62280 62281
7711 : 62282 62283
