35662 : 296880 296881
35663 : 296882 296883
35664 : 296884 296885
35665 : 296886 296887
35666 : 296888 296889
35667 : 296890 296891
35668 : 296892 296893
35669 : 296894 296895
35670 : 296896 296897
35671 : 296898 296899
35672 : 296900 296901
35673 : 296902 296903
35674 : 296904 296905
35675 : 296906 296907
35676 : 296908 296909
35677 : 296910 296911
35678 : 296912 296913
35679 : 296914 296915
35680 : 296916 296917
35681 : 296918 296919
35682 : 296920 296921
35683 : 296922 296923
35684 : 296924 296925
35685 : 296926 296927
35686 : 296928 296929
35687 : 296930 296931
35688 : 296932 296933
35689 : 296934 296935
