13059 : 176347 176348
13060 : 176349 176350
13061 : 176351 176352
13062 : 176353 176354
13063 : 176355 176356
13064 : 176357 176358
13065 : 176359 176360
13066 : 176361 176362
13067 : 176363 176364
13068 : 176365 176366
13069 : 176367 176368
13070 : 176369 176370
13071 : 176371 176372
13072 : 176373 176374
13073 : 176375 176376
13074 : 176377 176378
13075 : 176379 176380
13076 : 176381 176382
13077 : 176383 176384
13078 : 176385 176386
13079 : 176387 176388
13080 : 176389 176390
13081 : 176391 176392
13082 : 176393 176394
13083 : 176395 176396
13084 : 176397 176398
13085 : 176399 176400
13086 : 176401 176402
13087 : 176403 176404
13088 : 176405 176406
13089 : 176407 176408
13090 : 176409 176410
13091 : 176411 176412
13092 : 176413 176414
13093 : 176415 176416
13094 : 176417 176418
13095 : 176419 176420
