4877 : 36930 36931
4878 : 36932 36933
4879 : 36934 36935
4880 : 36936 36937
4881 : 36938 36939
4882 : 36940 36941
4883 : 36942 36943
4884 : 36944 36945
4885 : 36946 36947
4886 : 36948 36949
4887 : 36950 36951
4888 : 36952 36953
4889 : 36954 36955
4890 : 36956 36957
4891 : 36958 36959
4892 : 36960 36961
4893 : 36962 36963
4894 : 36964 36965
4895 : 36966 36967
4896 : 36968 36969
4897 : 36970 36971
4898 : 36972 36973
4899 : 36974 36975
4900 : 36976 36977
4901 : 36978 36979
4902 : 36980 36981
4903 : 36982 36983
4904 : 36984 36985
4905 : 36986 36987
4906 : 36988 36989
4907 : 36990 36991
4908 : 36992 36993
4909 : 36994 36995
4910 : 36996 36997
4911 : 36998 36999
4912 : 37000 37001
4913 : 37002 37003
4914 : 37004 37005
4915 : 37006 37007
4916 : 37008 37009
4917 : 37010 37011
4918 : 37012 37013
4919 : 37014 37015
4920 : 37016 37017
4921 : 37018 37019
4922 : 37020 37021
4923 : 37022 37023
4924 : 37024 37025
4925 : 37026 37027
4926 : 37028 37029
4927 : 37030 37031
4928 : 37032 37033
4929 : 37034 37035
4930 : 37036 37037
4931 : 37038 37039
4932 : 37040 37041
4933 : 37042 37043
