46634 : 274884 274885
47302 : 274886 274887
47303 : 274888 274889
47304 : 274890 274891
47305 : 274892 274893
47306 : 274894 274895
47307 : 274896 274897
47308 : 274898 274899
47309 : 274900 274901
47310 : 274902 274903
47311 : 274904 274905
47312 : 274906 274907
47313 : 274908 274909
47314 : 274910 274911
47315 : 274912 274913
47316 : 274914 274915
47317 : 274916 274917
47318 : 274918 274919
47319 : 274920 274921
47320 : 274922 274923
47321 : 274924 274925
47322 : 274926 274927
47323 : 274928 274929
47324 : 274930 274931
47325 : 274932 274933
47326 : 274934 274935
47327 : 274936 274937
47328 : 274938 274939
47329 : 274940 274941
47330 : 274942 274943
47331 : 274944 274945
47332 : 274946 274947
47333 : 274948 274949
47334 : 274950 274951
47335 : 274952 274953
47336 : 274954 274955
47337 : 274956 274957
47338 : 274958 274959
47339 : 274960 274961
47340 : 274962 274963
47341 : 274964 274965
47342 : 274966 274967
47343 : 274968 274969
47344 : 274970 274971
47345 : 274972 274973
47346 : 274974 274975
47347 : 274976 274977
47348 : 274978 274979
47349 : 274980 274981
47350 : 274982 274983
47351 : 274984 274985
47352 : 274986 274987
47353 : 274988 274989
47354 : 274990 274991
47355 : 274992 274993
47356 : 274994 274995
47357 : 274996 274997
47358 : 274998 274999
47359 : 275000 275001
47360 : 275002 275003
47361 : 275004 275005
47362 : 275006 275007
47363 : 275008 275009
47364 : 275010 275011
47365 : 275012 275013
47366 : 275014 275015
47367 : 275016 275017
47368 : 275018 275019
47369 : 275020 275021
47370 : 275022 275023
47371 : 275024 275025
47372 : 275026 275027
47373 : 275028 275029
47374 : 275030 275031
47375 : 275032 275033
47376 : 275034 275035
47377 : 275036 275037
47378 : 275038 275039
47379 : 275040 275041
47380 : 275042 275043
47381 : 275044 275045
