7905 : 112564 112565
7906 : 112566 112567
7907 : 112568 112569
7908 : 112570 112571
7909 : 112572 112573
7910 : 112574 112575
7911 : 112576 112577
7912 : 112578 112579
7913 : 112580 112581
7914 : 112582 112583
7915 : 112584 112585
7916 : 112586 112587
7917 : 112588 112589
7918 : 112590 112591
7919 : 112592 112593
7920 : 112594 112595
7921 : 112596 112597
7922 : 112598 112599
7923 : 112600 112601
7924 : 112602 112603
7925 : 112604 112605
7926 : 112606 112607
7927 : 112608 112609
7928 : 112610 112611
7929 : 112612 112613
7930 : 112614 112615
7931 : 112616 112617
7932 : 112618 112619
7933 : 112620 112621
7934 : 112622 112623
7935 : 112624 112625
7936 : 112626 112627
7937 : 112628 112629
7938 : 112630 112631
7939 : 112632 112633
7940 : 112634 112635
7941 : 112636 112637
7942 : 112638 112639
7943 : 112640 112641
7944 : 112642 112643
7945 : 112644 112645
7946 : 112646 112647
7947 : 112648 112649
7948 : 112650 112651
7949 : 112652 112653
