20536 : 181562 181563
20537 : 181564 181565
20538 : 181566 181567
20539 : 181568 181569
20540 : 181570 181571
20541 : 181572 181573
20542 : 181574 181575
20543 : 181576 181577
20544 : 181578 181579
20545 : 181580 181581
20546 : 181582 181583
20547 : 181584 181585
20548 : 181586 181587
20549 : 181588 181589
20550 : 181590 181591
20551 : 181592 181593
20552 : 181594 181595
20553 : 181596 181597
20554 : 181598 181599
20555 : 181600 181601
20556 : 181602 181603
20557 : 181604 181605
20558 : 181606 181607
20559 : 181608 181609
20560 : 181610 181611
20561 : 181612 181613
20562 : 181614 181615
20563 : 181616 181617
20564 : 181618 181619
20565 : 181620 181621
20566 : 181622 181623
20567 : 181624 181625
20568 : 181626 181627
20569 : 181628 181629
20570 : 181630 181631
20571 : 181632 181633
20572 : 181634 181635
20573 : 181636 181637
20574 : 181638 181639
