85067 : 495178 495179
85068 : 495180 495181
85069 : 495182 495183
85070 : 495184 495185
85071 : 495186 495187
85072 : 495188 495189
85073 : 495190 495191
85074 : 495192 495193
85075 : 495194 495195
85076 : 495196 495197
85077 : 495198 495199
85078 : 495200 495201
85079 : 495202 495203
85080 : 495204 495205
85081 : 495206 495207
85082 : 495208 495209
85083 : 495210 495211
85084 : 495212 495213
85085 : 495214 495215
85086 : 495216 495217
85087 : 495218 495219
85088 : 495220 495221
85089 : 495222 495223
85090 : 495224 495225
85091 : 495226 495227
85092 : 495228 495229
85093 : 495230 495231
85094 : 495232 495233
85095 : 495234 495235
85096 : 495236 495237
85097 : 495238 495239
85098 : 495240 495241
85099 : 495242 495243
85100 : 495244 495245
85101 : 495246 495247
85102 : 495248 495249
85103 : 495250 495251
85104 : 495252 495253
85105 : 495254 495255
85106 : 495256 495257
85107 : 495258 495259
85108 : 495260 495261
85109 : 495262 495263
