19863 : 144930 144931
19864 : 144932 144933
19865 : 144934 144935
19866 : 144936 144937
19867 : 144938 144939
19868 : 144940 144941
19869 : 144942 144943
19870 : 144944 144945
19871 : 144946 144947
19872 : 144948 144949
19873 : 144950 144951
19874 : 144952 144953
19875 : 144954 144955
19876 : 144956 144957
19877 : 144958 144959
19878 : 144960 144961
19879 : 144962 144963
19880 : 144964 144965
19881 : 144966 144967
19882 : 144968 144969
19883 : 144970 144971
19884 : 144972 144973
19885 : 144974 144975
19886 : 144976 144977
19887 : 144978 144979
19888 : 144980 144981
19889 : 144982 144983
19890 : 144984 144985
19891 : 144986 144987
19892 : 144988 144989
19893 : 144990 144991
19894 : 144992 144993
19895 : 144994 144995
19896 : 144996 144997
19897 : 144998 144999
