8681 : 62158 62159
8682 : 62160 62161
8683 : 62162 62163
8684 : 62164 62165
8685 : 62166 62167
8686 : 62168 62169
8687 : 62170 62171
8688 : 62172 62173
8689 : 62174 62175
8690 : 62176 62177
8691 : 62178 62179
8692 : 62180 62181
8693 : 62182 62183
8694 : 62184 62185
8695 : 62186 62187
8696 : 62188 62189
8697 : 62190 62191
8698 : 62192 62193
8699 : 62194 62195
8700 : 62196 62197
8701 : 62198 62199
8702 : 62200 62201
8703 : 62202 62203
8704 : 62204 62205
8705 : 62206 62207
8706 : 62208 62209
8707 : 62210 62211
8708 : 62212 62213
