39363 : 252778 252779
39364 : 252780 252781
39365 : 252782 252783
39366 : 252784 252785
39367 : 252786 252787
39368 : 252788 252789
39369 : 252790 252791
39370 : 252792 252793
39371 : 252794 252795
39372 : 252796 252797
39373 : 252798 252799
39374 : 252800 252801
39375 : 252802 252803
39376 : 252804 252805
39377 : 252806 252807
39378 : 252808 252809
39379 : 252810 252811
39380 : 252812 252813
39381 : 252814 252815
39382 : 252816 252817
39383 : 252818 252819
39384 : 252820 252821
39385 : 252822 252823
39386 : 252824 252825
39387 : 252826 252827
39388 : 252828 252829
39389 : 252830 252831
39390 : 252832 252833
39391 : 252834 252835
39392 : 252836 252837
39393 : 252838 252839
39394 : 252840 252841
39395 : 252842 252843
39396 : 252844 252845
39397 : 252846 252847
39398 : 252848 252849
39399 : 252850 252851
39400 : 252852 252853
39401 : 252854 252855
39402 : 252856 252857
39403 : 252858 252859
39404 : 252860 252861
39405 : 252862 252863
39406 : 252864 252865
39407 : 252866 252867
