8821 : 83845 83846
8822 : 83847 83848
8823 : 83849 83850
8824 : 83851 83852
8825 : 83853 83854
8826 : 83855 83856
8827 : 83857 83858
8828 : 83859 83860
8829 : 83861 83862
8830 : 83863 83864
8831 : 83865 83866
8832 : 83867 83868
8833 : 83869 83870
8834 : 83871 83872
8835 : 83873 83874
8836 : 83875 83876
8837 : 83877 83878
8838 : 83879 83880
8839 : 83881 83882
8840 : 83883 83884
8841 : 83885 83886
8842 : 83887 83888
8843 : 83889 83890
8844 : 83891 83892
8845 : 83893 83894
8846 : 83895 83896
8847 : 83897 83898
8848 : 83899 83900
8849 : 83901 83902
8850 : 83903 83904
8851 : 83905 83906
8852 : 83907 83908
8853 : 83909 83910
8854 : 83911 83912
8855 : 83913 83914
8856 : 83915 83916
