3762 : 36592 36593
3763 : 36594 36595
3764 : 36596 36597
3765 : 36598 36599
3766 : 36600 36601
3767 : 36602 36603
3768 : 36604 36605
3769 : 36606 36607
3770 : 36608 36609
3771 : 36610 36611
3772 : 36612 36613
3773 : 36614 36615
3774 : 36616 36617
3775 : 36618 36619
3776 : 36620 36621
3777 : 36622 36623
3778 : 36624 36625
3779 : 36626 36627
3780 : 36628 36629
3781 : 36630 36631
3782 : 36632 36633
3783 : 36634 36635
3784 : 36636 36637
3785 : 36638 36639
3786 : 36640 36641
3787 : 36642 36643
3788 : 36644 36645
