19154 : 138829 138830
19155 : 138831 138832
19156 : 138833 138834
19157 : 138835 138836
19158 : 138837 138838
19159 : 138839 138840
19160 : 138841 138842
19161 : 138843 138844
19162 : 138845 138846
19163 : 138847 138848
19164 : 138849 138850
19165 : 138851 138852
19166 : 138853 138854
19167 : 138855 138856
19168 : 138857 138858
19169 : 138859 138860
19170 : 138861 138862
19171 : 138863 138864
19172 : 138865 138866
19173 : 138867 138868
19174 : 138869 138870
19175 : 138871 138872
19176 : 138873 138874
19177 : 138875 138876
19178 : 138877 138878
19179 : 138879 138880
