64733 : 397771 397772
65356 : 397773 397774
65357 : 397775 397776
65358 : 397777 397778
65359 : 397779 397780
65360 : 397781 397782
65361 : 397783 397784
65362 : 397785 397786
65363 : 397787 397788
65364 : 397789 397790
65365 : 397791 397792
65366 : 397793 397794
65367 : 397795 397796
65368 : 397797 397798
65369 : 397799 397800
65370 : 397801 397802
65371 : 397803 397804
65372 : 397805 397806
65373 : 397807 397808
65374 : 397809 397810
65375 : 397811 397812
65376 : 397813 397814
65377 : 397815 397816
65378 : 397817 397818
65379 : 397819 397820
65380 : 397821 397822
65381 : 397823 397824
65382 : 397825 397826
65383 : 397827 397828
65384 : 397829 397830
65385 : 397831 397832
65386 : 397833 397834
65387 : 397835 397836
65388 : 397837 397838
65389 : 397839 397840
65390 : 397841 397842
65391 : 397843 397844
65392 : 397845 397846
65393 : 397847 397848
65394 : 397849 397850
65395 : 397851 397852
65396 : 397853 397854
65397 : 397855 397856
65398 : 397857 397858
65399 : 397859 397860
65400 : 397861 397862
65401 : 397863 397864
65402 : 397865 397866
65403 : 397867 397868
65404 : 397869 397870
65405 : 397871 397872
65406 : 397873 397874
65407 : 397875 397876
