45693 : 370426 370427
45694 : 370428 370429
45695 : 370430 370431
45696 : 370432 370433
45697 : 370434 370435
45698 : 370436 370437
45699 : 370438 370439
45700 : 370440 370441
45701 : 370442 370443
45702 : 370444 370445
45703 : 370446 370447
45704 : 370448 370449
45705 : 370450 370451
45706 : 370452 370453
45707 : 370454 370455
45708 : 370456 370457
45709 : 370458 370459
45710 : 370460 370461
45711 : 370462 370463
45712 : 370464 370465
45713 : 370466 370467
45714 : 370468 370469
45715 : 370470 370471
45716 : 370472 370473
45717 : 370474 370475
45718 : 370476 370477
45719 : 370478 370479
45720 : 370480 370481
45721 : 370482 370483
45722 : 370484 370485
45723 : 370486 370487
45724 : 370488 370489
45725 : 370490 370491
45726 : 370492 370493
45727 : 370494 370495
45728 : 370496 370497
45729 : 370498 370499
45730 : 370500 370501
45731 : 370502 370503
45732 : 370504 370505
