15650 : 200145 200146
15651 : 200147 200148
15652 : 200149 200150
15653 : 200151 200152
15654 : 200153 200154
15655 : 200155 200156
15656 : 200157 200158
15657 : 200159 200160
15658 : 200161 200162
15659 : 200163 200164
15660 : 200165 200166
15661 : 200167 200168
15662 : 200169 200170
15663 : 200171 200172
15664 : 200173 200174
15665 : 200175 200176
15666 : 200177 200178
15667 : 200179 200180
15668 : 200181 200182
15669 : 200183 200184
15670 : 200185 200186
15671 : 200187 200188
15672 : 200189 200190
15673 : 200191 200192
15674 : 200193 200194
15675 : 200195 200196
15676 : 200197 200198
15677 : 200199 200200
15678 : 200201 200202
15679 : 200203 200204
15680 : 200205 200206
15681 : 200207 200208
15682 : 200209 200210
15683 : 200211 200212
15684 : 200213 200214
15685 : 200215 200216
15686 : 200217 200218
15687 : 200219 200220
