14022 : 184853 184854
14023 : 184855 184856
14024 : 184857 184858
14025 : 184859 184860
14026 : 184861 184862
14027 : 184863 184864
14028 : 184865 184866
14029 : 184867 184868
14030 : 184869 184870
14031 : 184871 184872
14032 : 184873 184874
14033 : 184875 184876
14034 : 184877 184878
14035 : 184879 184880
14036 : 184881 184882
14037 : 184883 184884
14038 : 184885 184886
14039 : 184887 184888
14040 : 184889 184890
14041 : 184891 184892
14042 : 184893 184894
14043 : 184895 184896
14044 : 184897 184898
14045 : 184899 184900
14046 : 184901 184902
14047 : 184903 184904
14048 : 184905 184906
