47201 : 386706 386707
47202 : 386708 386709
47203 : 386710 386711
47204 : 386712 386713
47205 : 386714 386715
47206 : 386716 386717
47207 : 386718 386719
47208 : 386720 386721
47209 : 386722 386723
47210 : 386724 386725
47211 : 386726 386727
47212 : 386728 386729
47213 : 386730 386731
47214 : 386732 386733
47215 : 386734 386735
47216 : 386736 386737
47217 : 386738 386739
47218 : 386740 386741
47219 : 386742 386743
47220 : 386744 386745
47221 : 386746 386747
47222 : 386748 386749
47223 : 386750 386751
47224 : 386752 386753
47225 : 386754 386755
47226 : 386756 386757
47227 : 386758 386759
47228 : 386760 386761
47229 : 386762 386763
47230 : 386764 386765
47231 : 386766 386767
47232 : 386768 386769
47233 : 386770 386771
47234 : 386772 386773
47235 : 386774 386775
47236 : 386776 386777
47237 : 386778 386779
47238 : 386780 386781
47239 : 386782 386783
47240 : 386784 386785
47241 : 386786 386787
47242 : 386788 386789
47243 : 386790 386791
47244 : 386792 386793
