26501 : 191670 191671
26502 : 191672 191673
26503 : 191674 191675
26504 : 191676 191677
26505 : 191678 191679
26506 : 191680 191681
26507 : 191682 191683
26508 : 191684 191685
26509 : 191686 191687
26510 : 191688 191689
26511 : 191690 191691
26512 : 191692 191693
26513 : 191694 191695
26514 : 191696 191697
26515 : 191698 191699
26516 : 191700 191701
26517 : 191702 191703
26518 : 191704 191705
26519 : 191706 191707
26520 : 191708 191709
26521 : 191710 191711
26522 : 191712 191713
26523 : 191714 191715
26524 : 191716 191717
26525 : 191718 191719
26526 : 191720 191721
26527 : 191722 191723
26528 : 191724 191725
26529 : 191726 191727
26530 : 191728 191729
26531 : 191730 191731
26532 : 191732 191733
26533 : 191734 191735
26534 : 191736 191737
26535 : 191738 191739
26536 : 191740 191741
26537 : 191742 191743
26538 : 191744 191745
26539 : 191746 191747
26540 : 191748 191749
26541 : 191750 191751
26542 : 191752 191753
26543 : 191754 191755
26544 : 191756 191757
26545 : 191758 191759
26546 : 191760 191761
