36297 : 302319 302320
36298 : 302321 302322
36299 : 302323 302324
36300 : 302325 302326
36301 : 302327 302328
36302 : 302329 302330
36303 : 302331 302332
36304 : 302333 302334
36305 : 302335 302336
36306 : 302337 302338
36307 : 302339 302340
36308 : 302341 302342
36309 : 302343 302344
36310 : 302345 302346
36311 : 302347 302348
36312 : 302349 302350
36313 : 302351 302352
36314 : 302353 302354
36315 : 302355 302356
36316 : 302357 302358
36317 : 302359 302360
36318 : 302361 302362
36319 : 302363 302364
36320 : 302365 302366
36321 : 302367 302368
36322 : 302369 302370
36323 : 302371 302372
36324 : 302373 302374
36325 : 302375 302376
36326 : 302377 302378
36327 : 302379 302380
36328 : 302381 302382
36329 : 302383 302384
36330 : 302385 302386
36331 : 302387 302388
36332 : 302389 302390
36333 : 302391 302392
36334 : 302393 302394
36335 : 302395 302396
36336 : 302397 302398
36337 : 302399 302400
36338 : 302401 302402
36339 : 302403 302404
36340 : 302405 302406
36341 : 302407 302408
