19648 : 174637 174638
19649 : 174639 174640
19650 : 174641 174642
19651 : 174643 174644
19652 : 174645 174646
19653 : 174647 174648
19654 : 174649 174650
19655 : 174651 174652
19656 : 174653 174654
19657 : 174655 174656
19658 : 174657 174658
19659 : 174659 174660
19660 : 174661 174662
19661 : 174663 174664
19662 : 174665 174666
19663 : 174667 174668
19664 : 174669 174670
19665 : 174671 174672
19666 : 174673 174674
19667 : 174675 174676
19668 : 174677 174678
19669 : 174679 174680
19670 : 174681 174682
19671 : 174683 174684
19672 : 174685 174686
19673 : 174687 174688
19674 : 174689 174690
19675 : 174691 174692
19676 : 174693 174694
19677 : 174695 174696
19678 : 174697 174698
19679 : 174699 174700
19680 : 174701 174702
19681 : 174703 174704
19682 : 174705 174706
19683 : 174707 174708
19684 : 174709 174710
19685 : 174711 174712
19686 : 174713 174714
19687 : 174715 174716
19688 : 174717 174718
