46331 : 379484 379485
46332 : 379486 379487
46333 : 379488 379489
46334 : 379490 379491
46335 : 379492 379493
46336 : 379494 379495
46337 : 379496 379497
46338 : 379498 379499
46339 : 379500 379501
46340 : 379502 379503
46341 : 379504 379505
46342 : 379506 379507
46343 : 379508 379509
46344 : 379510 379511
46345 : 379512 379513
46346 : 379514 379515
46347 : 379516 379517
46348 : 379518 379519
46349 : 379520 379521
46350 : 379522 379523
46351 : 379524 379525
46352 : 379526 379527
46353 : 379528 379529
46354 : 379530 379531
46355 : 379532 379533
46356 : 379534 379535
46357 : 379536 379537
46358 : 379538 379539
46359 : 379540 379541
46360 : 379542 379543
46361 : 379544 379545
46362 : 379546 379547
46363 : 379548 379549
46364 : 379550 379551
46365 : 379552 379553
46366 : 379554 379555
46367 : 379556 379557
