36746 : 303915 303916
36747 : 303917 303918
36748 : 303919 303920
36749 : 303921 303922
36750 : 303923 303924
36751 : 303925 303926
36752 : 303927 303928
36753 : 303929 303930
36754 : 303931 303932
36755 : 303933 303934
36756 : 303935 303936
36757 : 303937 303938
36758 : 303939 303940
36759 : 303941 303942
36760 : 303943 303944
36761 : 303945 303946
36762 : 303947 303948
36763 : 303949 303950
36764 : 303951 303952
36765 : 303953 303954
36766 : 303955 303956
36767 : 303957 303958
36768 : 303959 303960
36769 : 303961 303962
36770 : 303963 303964
36771 : 303965 303966
36772 : 303967 303968
36773 : 303969 303970
36774 : 303971 303972
36775 : 303973 303974
