594 : 3192 3193
595 : 3194 3195
596 : 3196 3197
597 : 3198 3199
598 : 3200 3201
599 : 3202 3203
600 : 3204 3205
601 : 3206 3207
602 : 3208 3209
603 : 3210 3211
604 : 3212 3213
605 : 3214 3215
606 : 3216 3217
607 : 3218 3219
608 : 3220 3221
609 : 3222 3223
610 : 3224 3225
611 : 3226 3227
612 : 3228 3229
613 : 3230 3231
614 : 3232 3233
615 : 3234 3235
616 : 3236 3237
617 : 3238 3239
618 : 3240 3241
619 : 3242 3243
620 : 3244 3245
621 : 3246 3247
622 : 3248 3249
623 : 3250 3251
624 : 3252 3253
625 : 3254 3255
626 : 3256 3257
627 : 3258 3259
628 : 3260 3261
629 : 3262 3263
630 : 3264 3265
631 : 3266 3267
632 : 3268 3269
633 : 3270 3271
634 : 3272 3273
635 : 3274 3275
636 : 3276 3277
637 : 3278 3279
638 : 3280 3281
639 : 3282 3283
640 : 3284 3285
641 : 3286 3287
642 : 3288 3289
643 : 3290 3291
644 : 3292 3293
645 : 3294 3295
646 : 3296 3297
647 : 3298 3299
648 : 3300 3301
649 : 3302 3303
650 : 3304 3305
651 : 3306 3307
652 : 3308 3309
