68084 : 377376 377377
68085 : 377378 377379
68086 : 377380 377381
68087 : 377382 377383
68088 : 377384 377385
68089 : 377386 377387
68090 : 377388 377389
68091 : 377390 377391
68092 : 377392 377393
68093 : 377394 377395
68094 : 377396 377397
68095 : 377398 377399
68096 : 377400 377401
68097 : 377402 377403
68098 : 377404 377405
68099 : 377406 377407
68100 : 377408 377409
68101 : 377410 377411
68102 : 377412 377413
68103 : 377414 377415
68104 : 377416 377417
68105 : 377418 377419
68106 : 377420 377421
68107 : 377422 377423
68108 : 377424 377425
68109 : 377426 377427
68110 : 377428 377429
68111 : 377430 377431
68112 : 377432 377433
68113 : 377434 377435
68114 : 377436 377437
68115 : 377438 377439
68116 : 377440 377441
68117 : 377442 377443
68118 : 377444 377445
68119 : 377446 377447
68120 : 377448 377449
68121 : 377450 377451
68122 : 377452 377453
68123 : 377454 377455
68124 : 377456 377457
68125 : 377458 377459
68126 : 377460 377461
68127 : 377462 377463
68128 : 377464 377465
68129 : 377466 377467
68130 : 377468 377469
68131 : 377470 377471
68132 : 377472 377473
68133 : 377474 377475
68134 : 377476 377477
68135 : 377478 377479
68136 : 377480 377481
68137 : 377482 377483
68138 : 377484 377485
68139 : 377486 377487
68140 : 377488 377489
68141 : 377490 377491
68142 : 377492 377493
68143 : 377494 377495
68144 : 377496 377497
68145 : 377498 377499
68146 : 377500 377501
68147 : 377502 377503
68148 : 377504 377505
68149 : 377506 377507
68150 : 377508 377509
68151 : 377510 377511
68152 : 377512 377513
68153 : 377514 377515
68154 : 377516 377517
68155 : 377518 377519
68156 : 377520 377521
68157 : 377522 377523
68158 : 377524 377525
68159 : 377526 377527
68160 : 377528 377529
68161 : 377530 377531
68162 : 377532 377533
68163 : 377534 377535
68164 : 377536 377537
68165 : 377538 377539
68166 : 377540 377541
68167 : 377542 377543
68168 : 377544 377545
68169 : 377546 377547
