34264 : 228425 228426
34265 : 228427 228428
34266 : 228429 228430
34267 : 228431 228432
34268 : 228433 228434
34269 : 228435 228436
34270 : 228437 228438
34271 : 228439 228440
34272 : 228441 228442
34273 : 228443 228444
34274 : 228445 228446
34275 : 228447 228448
34276 : 228449 228450
34277 : 228451 228452
34278 : 228453 228454
34279 : 228455 228456
34280 : 228457 228458
34281 : 228459 228460
34282 : 228461 228462
34283 : 228463 228464
34284 : 228465 228466
34285 : 228467 228468
34286 : 228469 228470
34287 : 228471 228472
34288 : 228473 228474
34289 : 228475 228476
34290 : 228477 228478
34291 : 228479 228480
34292 : 228481 228482
34293 : 228483 228484
34294 : 228485 228486
34295 : 228487 228488
34296 : 228489 228490
34297 : 228491 228492
34298 : 228493 228494
34299 : 228495 228496
34300 : 228497 228498
34301 : 228499 228500
34302 : 228501 228502
34303 : 228503 228504
34304 : 228505 228506
34305 : 228507 228508
34306 : 228509 228510
34307 : 228511 228512
34308 : 228513 228514
34309 : 228515 228516
34310 : 228517 228518
34311 : 228519 228520
34312 : 228521 228522
34313 : 228523 228524
34314 : 228525 228526
34315 : 228527 228528
34316 : 228529 228530
34317 : 228531 228532
34318 : 228533 228534
34319 : 228535 228536
34320 : 228537 228538
34321 : 228539 228540
34322 : 228541 228542
34323 : 228543 228544
34324 : 228545 228546
34325 : 228547 228548
34326 : 228549 228550
34327 : 228551 228552
34328 : 228553 228554
34329 : 228555 228556
34330 : 228557 228558
34331 : 228559 228560
