23210 : 201935 201936
23211 : 201937 201938
23212 : 201939 201940
23213 : 201941 201942
23214 : 201943 201944
23215 : 201945 201946
23216 : 201947 201948
23217 : 201949 201950
23218 : 201951 201952
23219 : 201953 201954
23220 : 201955 201956
23221 : 201957 201958
23222 : 201959 201960
23223 : 201961 201962
23224 : 201963 201964
23225 : 201965 201966
23226 : 201967 201968
23227 : 201969 201970
23228 : 201971 201972
23229 : 201973 201974
23230 : 201975 201976
23231 : 201977 201978
23232 : 201979 201980
23233 : 201981 201982
23234 : 201983 201984
23235 : 201985 201986
23236 : 201987 201988
23237 : 201989 201990
23238 : 201991 201992
23239 : 201993 201994
23240 : 201995 201996
23241 : 201997 201998
23242 : 201999 202000
23243 : 202001 202002
23244 : 202003 202004
23245 : 202005 202006
23246 : 202007 202008
23247 : 202009 202010
23248 : 202011 202012
23249 : 202013 202014
23250 : 202015 202016
23251 : 202017 202018
23252 : 202019 202020
23253 : 202021 202022
