10670 : 99469 99470
10671 : 99471 99472
10672 : 99473 99474
10673 : 99475 99476
10674 : 99477 99478
10675 : 99479 99480
10676 : 99481 99482
10677 : 99483 99484
10678 : 99485 99486
10679 : 99487 99488
10680 : 99489 99490
10681 : 99491 99492
10682 : 99493 99494
10683 : 99495 99496
10684 : 99497 99498
10685 : 99499 99500
10686 : 99501 99502
10687 : 99503 99504
10688 : 99505 99506
10689 : 99507 99508
10690 : 99509 99510
10691 : 99511 99512
10692 : 99513 99514
10693 : 99515 99516
10694 : 99517 99518
10695 : 99519 99520
10696 : 99521 99522
10697 : 99523 99524
10698 : 99525 99526
10699 : 99527 99528
10700 : 99529 99530
