80079 : 453337 453338
80080 : 453339 453340
80081 : 453341 453342
80082 : 453343 453344
80083 : 453345 453346
80084 : 453347 453348
80085 : 453349 453350
80086 : 453351 453352
80087 : 453353 453354
80088 : 453355 453356
80089 : 453357 453358
80090 : 453359 453360
80091 : 453361 453362
80092 : 453363 453364
80093 : 453365 453366
80094 : 453367 453368
80095 : 453369 453370
80096 : 453371 453372
80097 : 453373 453374
80098 : 453375 453376
80099 : 453377 453378
80100 : 453379 453380
80101 : 453381 453382
80102 : 453383 453384
80103 : 453385 453386
80104 : 453387 453388
80105 : 453389 453390
80106 : 453391 453392
80107 : 453393 453394
80108 : 453395 453396
80109 : 453397 453398
80110 : 453399 453400
80111 : 453401 453402
80112 : 453403 453404
80113 : 453405 453406
80114 : 453407 453408
80115 : 453409 453410
80116 : 453411 453412
80117 : 453413 453414
80118 : 453415 453416
80119 : 453417 453418
80120 : 453419 453420
80121 : 453421 453422
80122 : 453423 453424
80123 : 453425 453426
80124 : 453427 453428
80125 : 453429 453430
80126 : 453431 453432
80127 : 453433 453434
80128 : 453435 453436
80129 : 453437 453438
80130 : 453439 453440
80131 : 453441 453442
80132 : 453443 453444
80133 : 453445 453446
80134 : 453447 453448
80135 : 453449 453450
80136 : 453451 453452
80137 : 453453 453454
80138 : 453455 453456
80139 : 453457 453458
80140 : 453459 453460
80141 : 453461 453462
80142 : 453463 453464
80143 : 453465 453466
80144 : 453467 453468
