35652 : 296834 296835
35874 : 296836 296837
35875 : 296838 296839
35876 : 296840 296841
35877 : 296842 296843
35878 : 296844 296845
35879 : 296846 296847
35880 : 296848 296849
35881 : 296850 296851
35882 : 296852 296853
35883 : 296854 296855
35884 : 296856 296857
35885 : 296858 296859
35886 : 296860 296861
35887 : 296862 296863
35888 : 296864 296865
35889 : 296866 296867
35890 : 296868 296869
35891 : 296870 296871
35892 : 296872 296873
35893 : 296874 296875
35894 : 296876 296877
35895 : 296878 296879
35896 : 296880 296881
35897 : 296882 296883
35898 : 296884 296885
35899 : 296886 296887
