94411 : 589276 589277
94412 : 589278 589279
94413 : 589280 589281
94414 : 589282 589283
94415 : 589284 589285
94416 : 589286 589287
94417 : 589288 589289
94418 : 589290 589291
94419 : 589292 589293
94420 : 589294 589295
94421 : 589296 589297
94422 : 589298 589299
94423 : 589300 589301
94424 : 589302 589303
94425 : 589304 589305
94426 : 589306 589307
94427 : 589308 589309
94428 : 589310 589311
94429 : 589312 589313
94430 : 589314 589315
94431 : 589316 589317
94432 : 589318 589319
94433 : 589320 589321
94434 : 589322 589323
94435 : 589324 589325
94436 : 589326 589327
94437 : 589328 589329
94438 : 589330 589331
94439 : 589332 589333
94440 : 589334 589335
94441 : 589336 589337
94442 : 589338 589339
94443 : 589340 589341
94444 : 589342 589343
94445 : 589344 589345
94446 : 589346 589347
94447 : 589348 589349
94448 : 589350 589351
94449 : 589352 589353
94450 : 589354 589355
94451 : 589356 589357
94452 : 589358 589359
