30707 : 258942 258943
30708 : 258944 258945
30709 : 258946 258947
30710 : 258948 258949
30711 : 258950 258951
30712 : 258952 258953
30713 : 258954 258955
30714 : 258956 258957
30715 : 258958 258959
30716 : 258960 258961
30717 : 258962 258963
30718 : 258964 258965
30719 : 258966 258967
30720 : 258968 258969
30721 : 258970 258971
30722 : 258972 258973
30723 : 258974 258975
30724 : 258976 258977
30725 : 258978 258979
30726 : 258980 258981
30727 : 258982 258983
30728 : 258984 258985
30729 : 258986 258987
30730 : 258988 258989
30731 : 258990 258991
30732 : 258992 258993
30733 : 258994 258995
30734 : 258996 258997
30735 : 258998 258999
30736 : 259000 259001
30737 : 259002 259003
30738 : 259004 259005
30739 : 259006 259007
30740 : 259008 259009
30741 : 259010 259011
30742 : 259012 259013
30743 : 259014 259015
30744 : 259016 259017
30745 : 259018 259019
