2064 : 28778 28779
2065 : 28780 28781
2066 : 28782 28783
2067 : 28784 28785
2068 : 28786 28787
2069 : 28788 28789
2070 : 28790 28791
2071 : 28792 28793
2072 : 28794 28795
2073 : 28796 28797
2074 : 28798 28799
2075 : 28800 28801
2076 : 28802 28803
2077 : 28804 28805
2078 : 28806 28807
2079 : 28808 28809
2080 : 28810 28811
2081 : 28812 28813
2082 : 28814 28815
2083 : 28816 28817
2084 : 28818 28819
2085 : 28820 28821
2086 : 28822 28823
2087 : 28824 28825
2088 : 28826 28827
2089 : 28828 28829
2090 : 28830 28831
2091 : 28832 28833
2092 : 28834 28835
2093 : 28836 28837
2094 : 28838 28839
2095 : 28840 28841
