3249 : 31434 31435
3250 : 31436 31437
3251 : 31438 31439
3252 : 31440 31441
3253 : 31442 31443
3254 : 31444 31445
3255 : 31446 31447
3256 : 31448 31449
3257 : 31450 31451
3258 : 31452 31453
3259 : 31454 31455
3260 : 31456 31457
3261 : 31458 31459
3262 : 31460 31461
3263 : 31462 31463
3264 : 31464 31465
3265 : 31466 31467
3266 : 31468 31469
3267 : 31470 31471
3268 : 31472 31473
3269 : 31474 31475
3270 : 31476 31477
3271 : 31478 31479
3272 : 31480 31481
3273 : 31482 31483
3274 : 31484 31485
3275 : 31486 31487
3276 : 31488 31489
3277 : 31490 31491
3278 : 31492 31493
3279 : 31494 31495
