77851 : 436806 436807
77852 : 436808 436809
77853 : 436810 436811
77854 : 436812 436813
77855 : 436814 436815
77856 : 436816 436817
77857 : 436818 436819
77858 : 436820 436821
77859 : 436822 436823
77860 : 436824 436825
77861 : 436826 436827
77862 : 436828 436829
77863 : 436830 436831
77864 : 436832 436833
77865 : 436834 436835
77866 : 436836 436837
77867 : 436838 436839
77868 : 436840 436841
77869 : 436842 436843
77870 : 436844 436845
77871 : 436846 436847
77872 : 436848 436849
77873 : 436850 436851
77874 : 436852 436853
77875 : 436854 436855
77876 : 436856 436857
77877 : 436858 436859
77878 : 436860 436861
77879 : 436862 436863
77880 : 436864 436865
77881 : 436866 436867
77882 : 436868 436869
77883 : 436870 436871
77884 : 436872 436873
77885 : 436874 436875
77886 : 436876 436877
77887 : 436878 436879
77888 : 436880 436881
77889 : 436882 436883
77890 : 436884 436885
77891 : 436886 436887
77892 : 436888 436889
77893 : 436890 436891
77894 : 436892 436893
77895 : 436894 436895
77896 : 436896 436897
77897 : 436898 436899
77898 : 436900 436901
77899 : 436902 436903
77900 : 436904 436905
