11685 : 108640 108641
11686 : 108642 108643
11687 : 108644 108645
11688 : 108646 108647
11689 : 108648 108649
11690 : 108650 108651
11691 : 108652 108653
11692 : 108654 108655
11693 : 108656 108657
11694 : 108658 108659
11695 : 108660 108661
11696 : 108662 108663
11697 : 108664 108665
11698 : 108666 108667
11699 : 108668 108669
11700 : 108670 108671
11701 : 108672 108673
11702 : 108674 108675
11703 : 108676 108677
11704 : 108678 108679
11705 : 108680 108681
11706 : 108682 108683
11707 : 108684 108685
11708 : 108686 108687
11709 : 108688 108689
