2096 : 20534 20535
2097 : 20536 20537
2098 : 20538 20539
2099 : 20540 20541
2100 : 20542 20543
2101 : 20544 20545
2102 : 20546 20547
2103 : 20548 20549
2104 : 20550 20551
2105 : 20552 20553
2106 : 20554 20555
2107 : 20556 20557
2108 : 20558 20559
2109 : 20560 20561
2110 : 20562 20563
2111 : 20564 20565
2112 : 20566 20567
2113 : 20568 20569
2114 : 20570 20571
2115 : 20572 20573
2116 : 20574 20575
2117 : 20576 20577
2118 : 20578 20579
2119 : 20580 20581
2120 : 20582 20583
2121 : 20584 20585
2122 : 20586 20587
2123 : 20588 20589
2124 : 20590 20591
2125 : 20592 20593
2126 : 20594 20595
2127 : 20596 20597
2128 : 20598 20599
2129 : 20600 20601
2130 : 20602 20603
2131 : 20604 20605
2132 : 20606 20607
2133 : 20608 20609
2134 : 20610 20611
2135 : 20612 20613
2136 : 20614 20615
2137 : 20616 20617
2138 : 20618 20619
2139 : 20620 20621
2140 : 20622 20623
