653 : 3608 3609
654 : 3610 3611
655 : 3612 3613
656 : 3614 3615
657 : 3616 3617
658 : 3618 3619
659 : 3620 3621
660 : 3622 3623
661 : 3624 3625
662 : 3626 3627
663 : 3628 3629
664 : 3630 3631
665 : 3632 3633
666 : 3634 3635
667 : 3636 3637
668 : 3638 3639
669 : 3640 3641
670 : 3642 3643
671 : 3644 3645
672 : 3646 3647
673 : 3648 3649
674 : 3650 3651
675 : 3652 3653
676 : 3654 3655
677 : 3656 3657
678 : 3658 3659
679 : 3660 3661
680 : 3662 3663
681 : 3664 3665
682 : 3666 3667
683 : 3668 3669
684 : 3670 3671
685 : 3672 3673
686 : 3674 3675
687 : 3676 3677
688 : 3678 3679
689 : 3680 3681
690 : 3682 3683
691 : 3684 3685
692 : 3686 3687
693 : 3688 3689
694 : 3690 3691
695 : 3692 3693
696 : 3694 3695
697 : 3696 3697
