65437 : 365173 365174
65623 : 365175 365176
65624 : 365177 365178
65625 : 365179 365180
65626 : 365181 365182
65627 : 365183 365184
65628 : 365185 365186
65629 : 365187 365188
65630 : 365189 365190
65631 : 365191 365192
65632 : 365193 365194
65633 : 365195 365196
65634 : 365197 365198
65635 : 365199 365200
65636 : 365201 365202
65637 : 365203 365204
65638 : 365205 365206
65639 : 365207 365208
65640 : 365209 365210
65641 : 365211 365212
65642 : 365213 365214
65643 : 365215 365216
65644 : 365217 365218
65645 : 365219 365220
65646 : 365221 365222
65647 : 365223 365224
65648 : 365225 365226
65649 : 365227 365228
65650 : 365229 365230
65651 : 365231 365232
65652 : 365233 365234
65653 : 365235 365236
65654 : 365237 365238
65655 : 365239 365240
65656 : 365241 365242
65657 : 365243 365244
65658 : 365245 365246
65659 : 365247 365248
65660 : 365249 365250
65661 : 365251 365252
65662 : 365253 365254
65663 : 365255 365256
65664 : 365257 365258
65665 : 365259 365260
65666 : 365261 365262
65667 : 365263 365264
65668 : 365265 365266
65669 : 365267 365268
65670 : 365269 365270
65671 : 365271 365272
65672 : 365273 365274
65673 : 365275 365276
65674 : 365277 365278
65675 : 365279 365280
65676 : 365281 365282
65677 : 365283 365284
65678 : 365285 365286
65679 : 365287 365288
65680 : 365289 365290
65681 : 365291 365292
65682 : 365293 365294
65683 : 365295 365296
65684 : 365297 365298
65685 : 365299 365300
65686 : 365301 365302
65687 : 365303 365304
65688 : 365305 365306
65689 : 365307 365308
65690 : 365309 365310
65691 : 365311 365312
65692 : 365313 365314
65693 : 365315 365316
65694 : 365317 365318
65695 : 365319 365320
65696 : 365321 365322
65697 : 365323 365324
65698 : 365325 365326
65699 : 365327 365328
65700 : 365329 365330
65701 : 365331 365332
65702 : 365333 365334
65703 : 365335 365336
65704 : 365337 365338
65705 : 365339 365340
65706 : 365341 365342
65707 : 365343 365344
65708 : 365345 365346
65709 : 365347 365348
65710 : 365349 365350
65711 : 365351 365352
65712 : 365353 365354
