18195 : 131172 131173
18196 : 131174 131175
18197 : 131176 131177
18198 : 131178 131179
18199 : 131180 131181
18200 : 131182 131183
18201 : 131184 131185
18202 : 131186 131187
18203 : 131188 131189
18204 : 131190 131191
18205 : 131192 131193
18206 : 131194 131195
18207 : 131196 131197
18208 : 131198 131199
18209 : 131200 131201
18210 : 131202 131203
18211 : 131204 131205
18212 : 131206 131207
18213 : 131208 131209
18214 : 131210 131211
18215 : 131212 131213
18216 : 131214 131215
18217 : 131216 131217
18218 : 131218 131219
18219 : 131220 131221
18220 : 131222 131223
18221 : 131224 131225
18222 : 131226 131227
18223 : 131228 131229
18224 : 131230 131231
18225 : 131232 131233
18226 : 131234 131235
