24735 : 167713 167714
24963 : 167715 167716
24964 : 167717 167718
24965 : 167719 167720
24966 : 167721 167722
24967 : 167723 167724
24968 : 167725 167726
24969 : 167727 167728
24970 : 167729 167730
24971 : 167731 167732
24972 : 167733 167734
24973 : 167735 167736
24974 : 167737 167738
24975 : 167739 167740
24976 : 167741 167742
24977 : 167743 167744
24978 : 167745 167746
24979 : 167747 167748
24980 : 167749 167750
24981 : 167751 167752
24982 : 167753 167754
24983 : 167755 167756
24984 : 167757 167758
24985 : 167759 167760
24986 : 167761 167762
24987 : 167763 167764
24988 : 167765 167766
24989 : 167767 167768
24990 : 167769 167770
24991 : 167771 167772
24992 : 167773 167774
24993 : 167775 167776
24994 : 167777 167778
24995 : 167779 167780
24996 : 167781 167782
24997 : 167783 167784
24998 : 167785 167786
24999 : 167787 167788
25000 : 167789 167790
25001 : 167791 167792
25002 : 167793 167794
25003 : 167795 167796
25004 : 167797 167798
25005 : 167799 167800
25006 : 167801 167802
25007 : 167803 167804
25008 : 167805 167806
25009 : 167807 167808
25010 : 167809 167810
25011 : 167811 167812
25012 : 167813 167814
25013 : 167815 167816
25014 : 167817 167818
25015 : 167819 167820
25016 : 167821 167822
25017 : 167823 167824
25018 : 167825 167826
25019 : 167827 167828
25020 : 167829 167830
25021 : 167831 167832
25022 : 167833 167834
25023 : 167835 167836
25024 : 167837 167838
25025 : 167839 167840
25026 : 167841 167842
25027 : 167843 167844
25028 : 167845 167846
25029 : 167847 167848
25030 : 167849 167850
25031 : 167851 167852
25032 : 167853 167854
25033 : 167855 167856
25034 : 167857 167858
25035 : 167859 167860
25036 : 167861 167862
25037 : 167863 167864
25038 : 167865 167866
25039 : 167867 167868
25040 : 167869 167870
25041 : 167871 167872
25042 : 167873 167874
25043 : 167875 167876
25044 : 167877 167878
25045 : 167879 167880
25046 : 167881 167882
25047 : 167883 167884
25048 : 167885 167886
25049 : 167887 167888
25050 : 167889 167890
25051 : 167891 167892
25052 : 167893 167894
