2462 : 24166 24167
2463 : 24168 24169
2464 : 24170 24171
2465 : 24172 24173
2466 : 24174 24175
2467 : 24176 24177
2468 : 24178 24179
2469 : 24180 24181
2470 : 24182 24183
2471 : 24184 24185
2472 : 24186 24187
2473 : 24188 24189
2474 : 24190 24191
2475 : 24192 24193
2476 : 24194 24195
2477 : 24196 24197
2478 : 24198 24199
2479 : 24200 24201
2480 : 24202 24203
2481 : 24204 24205
2482 : 24206 24207
2483 : 24208 24209
2484 : 24210 24211
2485 : 24212 24213
2486 : 24214 24215
2487 : 24216 24217
2488 : 24218 24219
2489 : 24220 24221
2490 : 24222 24223
2491 : 24224 24225
2492 : 24226 24227
2493 : 24228 24229
