15597 : 113356 113357
15598 : 113358 113359
15599 : 113360 113361
15600 : 113362 113363
15601 : 113364 113365
15602 : 113366 113367
15603 : 113368 113369
15604 : 113370 113371
15605 : 113372 113373
15606 : 113374 113375
15607 : 113376 113377
15608 : 113378 113379
15609 : 113380 113381
15610 : 113382 113383
15611 : 113384 113385
15612 : 113386 113387
15613 : 113388 113389
15614 : 113390 113391
15615 : 113392 113393
15616 : 113394 113395
15617 : 113396 113397
15618 : 113398 113399
15619 : 113400 113401
15620 : 113402 113403
15621 : 113404 113405
15622 : 113406 113407
15623 : 113408 113409
15624 : 113410 113411
15625 : 113412 113413
15626 : 113414 113415
15627 : 113416 113417
15628 : 113418 113419
15629 : 113420 113421
15630 : 113422 113423
15631 : 113424 113425
15632 : 113426 113427
15633 : 113428 113429
