60892 : 373445 373446
60893 : 373447 373448
60894 : 373449 373450
60895 : 373451 373452
60896 : 373453 373454
60897 : 373455 373456
60898 : 373457 373458
60899 : 373459 373460
60900 : 373461 373462
60901 : 373463 373464
60902 : 373465 373466
60903 : 373467 373468
60904 : 373469 373470
60905 : 373471 373472
60906 : 373473 373474
60907 : 373475 373476
60908 : 373477 373478
60909 : 373479 373480
60910 : 373481 373482
60911 : 373483 373484
60912 : 373485 373486
60913 : 373487 373488
60914 : 373489 373490
60915 : 373491 373492
60916 : 373493 373494
60917 : 373495 373496
60918 : 373497 373498
60919 : 373499 373500
60920 : 373501 373502
60921 : 373503 373504
60922 : 373505 373506
60923 : 373507 373508
60924 : 373509 373510
60925 : 373511 373512
60926 : 373513 373514
60927 : 373515 373516
60928 : 373517 373518
60929 : 373519 373520
60930 : 373521 373522
60931 : 373523 373524
60932 : 373525 373526
60933 : 373527 373528
60934 : 373529 373530
60935 : 373531 373532
60936 : 373533 373534
60937 : 373535 373536
60938 : 373537 373538
