9151 : 65545 65546
9152 : 65547 65548
9153 : 65549 65550
9154 : 65551 65552
9155 : 65553 65554
9156 : 65555 65556
9157 : 65557 65558
9158 : 65559 65560
9159 : 65561 65562
9160 : 65563 65564
9161 : 65565 65566
9162 : 65567 65568
9163 : 65569 65570
9164 : 65571 65572
9165 : 65573 65574
9166 : 65575 65576
9167 : 65577 65578
9168 : 65579 65580
9169 : 65581 65582
9170 : 65583 65584
9171 : 65585 65586
9172 : 65587 65588
9173 : 65589 65590
9174 : 65591 65592
9175 : 65593 65594
9176 : 65595 65596
9177 : 65597 65598
9178 : 65599 65600
9179 : 65601 65602
9180 : 65603 65604
9181 : 65605 65606
9182 : 65607 65608
9183 : 65609 65610
9184 : 65611 65612
9185 : 65613 65614
9186 : 65615 65616
9187 : 65617 65618
9188 : 65619 65620
9189 : 65621 65622
9190 : 65623 65624
9191 : 65625 65626
9192 : 65627 65628
9193 : 65629 65630
9194 : 65631 65632
9195 : 65633 65634
9196 : 65635 65636
