21571 : 189173 189174
21572 : 189175 189176
21573 : 189177 189178
21574 : 189179 189180
21575 : 189181 189182
21576 : 189183 189184
21577 : 189185 189186
21578 : 189187 189188
21579 : 189189 189190
21580 : 189191 189192
21581 : 189193 189194
21582 : 189195 189196
21583 : 189197 189198
21584 : 189199 189200
21585 : 189201 189202
21586 : 189203 189204
21587 : 189205 189206
21588 : 189207 189208
21589 : 189209 189210
21590 : 189211 189212
21591 : 189213 189214
21592 : 189215 189216
21593 : 189217 189218
21594 : 189219 189220
21595 : 189221 189222
21596 : 189223 189224
21597 : 189225 189226
21598 : 189227 189228
