25227 : 216960 216961
25228 : 216962 216963
25229 : 216964 216965
25230 : 216966 216967
25231 : 216968 216969
25232 : 216970 216971
25233 : 216972 216973
25234 : 216974 216975
25235 : 216976 216977
25236 : 216978 216979
25237 : 216980 216981
25238 : 216982 216983
25239 : 216984 216985
25240 : 216986 216987
25241 : 216988 216989
25242 : 216990 216991
25243 : 216992 216993
25244 : 216994 216995
25245 : 216996 216997
25246 : 216998 216999
25247 : 217000 217001
25248 : 217002 217003
25249 : 217004 217005
25250 : 217006 217007
25251 : 217008 217009
25252 : 217010 217011
25253 : 217012 217013
25254 : 217014 217015
25255 : 217016 217017
25256 : 217018 217019
25257 : 217020 217021
25258 : 217022 217023
25259 : 217024 217025
25260 : 217026 217027
25261 : 217028 217029
25262 : 217030 217031
