14170 : 95877 95878
14291 : 95879 95880
14353 : 95881 95882
14395 : 95883 95884
14396 : 95885 95886
14397 : 95887 95888
14398 : 95889 95890
14399 : 95891 95892
14400 : 95893 95894
14401 : 95895 95896
14402 : 95897 95898
14403 : 95899 95900
14404 : 95901 95902
14405 : 95903 95904
14406 : 95905 95906
14407 : 95907 95908
14408 : 95909 95910
14409 : 95911 95912
14410 : 95913 95914
14411 : 95915 95916
14412 : 95917 95918
14413 : 95919 95920
14414 : 95921 95922
14415 : 95923 95924
14416 : 95925 95926
14417 : 95927 95928
14418 : 95929 95930
14419 : 95931 95932
14420 : 95933 95934
14421 : 95935 95936
14422 : 95937 95938
14423 : 95939 95940
14424 : 95941 95942
14425 : 95943 95944
14426 : 95945 95946
14427 : 95947 95948
14428 : 95949 95950
14429 : 95951 95952
14430 : 95953 95954
14431 : 95955 95956
14432 : 95957 95958
14433 : 95959 95960
14434 : 95961 95962
14435 : 95963 95964
14436 : 95965 95966
14437 : 95967 95968
14438 : 95969 95970
