35224 : 233189 233190
35515 : 233191 233192
35516 : 233193 233194
35517 : 233195 233196
35518 : 233197 233198
35519 : 233199 233200
35520 : 233201 233202
35521 : 233203 233204
35522 : 233205 233206
35523 : 233207 233208
35524 : 233209 233210
35525 : 233211 233212
35526 : 233213 233214
35527 : 233215 233216
35528 : 233217 233218
35529 : 233219 233220
35530 : 233221 233222
35531 : 233223 233224
35532 : 233225 233226
35533 : 233227 233228
35534 : 233229 233230
35535 : 233231 233232
35536 : 233233 233234
35537 : 233235 233236
35538 : 233237 233238
35539 : 233239 233240
35540 : 233241 233242
35541 : 233243 233244
35542 : 233245 233246
35543 : 233247 233248
35544 : 233249 233250
35545 : 233251 233252
35546 : 233253 233254
35547 : 233255 233256
35548 : 233257 233258
35549 : 233259 233260
35550 : 233261 233262
35551 : 233263 233264
35552 : 233265 233266
35553 : 233267 233268
35554 : 233269 233270
35555 : 233271 233272
35556 : 233273 233274
35557 : 233275 233276
35558 : 233277 233278
35559 : 233279 233280
35560 : 233281 233282
35561 : 233283 233284
35562 : 233285 233286
35563 : 233287 233288
35564 : 233289 233290
35565 : 233291 233292
35566 : 233293 233294
35567 : 233295 233296
35568 : 233297 233298
35569 : 233299 233300
35570 : 233301 233302
35571 : 233303 233304
35572 : 233305 233306
35573 : 233307 233308
35574 : 233309 233310
35575 : 233311 233312
35576 : 233313 233314
35577 : 233315 233316
35578 : 233317 233318
35579 : 233319 233320
35580 : 233321 233322
35581 : 233323 233324
