11520 : 94160 94161
11521 : 94162 94163
11522 : 94164 94165
11523 : 94166 94167
11524 : 94168 94169
11525 : 94170 94171
11526 : 94172 94173
11527 : 94174 94175
11528 : 94176 94177
11529 : 94178 94179
11530 : 94180 94181
11531 : 94182 94183
11532 : 94184 94185
11533 : 94186 94187
11534 : 94188 94189
11535 : 94190 94191
11536 : 94192 94193
11537 : 94194 94195
11538 : 94196 94197
11539 : 94198 94199
11540 : 94200 94201
11541 : 94202 94203
11542 : 94204 94205
11543 : 94206 94207
11544 : 94208 94209
11545 : 94210 94211
11546 : 94212 94213
11547 : 94214 94215
11548 : 94216 94217
11549 : 94218 94219
11550 : 94220 94221
11551 : 94222 94223
11552 : 94224 94225
11553 : 94226 94227
11554 : 94228 94229
11555 : 94230 94231
11556 : 94232 94233
11557 : 94234 94235
11558 : 94236 94237
11559 : 94238 94239
11560 : 94240 94241
11561 : 94242 94243
11562 : 94244 94245
