21471 : 188800 188801
21472 : 188802 188803
21473 : 188804 188805
21474 : 188806 188807
21475 : 188808 188809
21476 : 188810 188811
21477 : 188812 188813
21478 : 188814 188815
21479 : 188816 188817
21480 : 188818 188819
21481 : 188820 188821
21482 : 188822 188823
21483 : 188824 188825
21484 : 188826 188827
21485 : 188828 188829
21486 : 188830 188831
21487 : 188832 188833
21488 : 188834 188835
21489 : 188836 188837
21490 : 188838 188839
21491 : 188840 188841
21492 : 188842 188843
21493 : 188844 188845
21494 : 188846 188847
21495 : 188848 188849
