5836 : 40875 40876
5837 : 40877 40878
5838 : 40879 40880
5839 : 40881 40882
5840 : 40883 40884
5841 : 40885 40886
5842 : 40887 40888
5843 : 40889 40890
5844 : 40891 40892
5845 : 40893 40894
5846 : 40895 40896
5847 : 40897 40898
5848 : 40899 40900
5849 : 40901 40902
5850 : 40903 40904
5851 : 40905 40906
5852 : 40907 40908
5853 : 40909 40910
5854 : 40911 40912
5855 : 40913 40914
5856 : 40915 40916
5857 : 40917 40918
5858 : 40919 40920
5859 : 40921 40922
5860 : 40923 40924
5861 : 40925 40926
5862 : 40927 40928
5863 : 40929 40930
5864 : 40931 40932
5865 : 40933 40934
5866 : 40935 40936
5867 : 40937 40938
5868 : 40939 40940
5869 : 40941 40942
5870 : 40943 40944
5871 : 40945 40946
5872 : 40947 40948
5873 : 40949 40950
5874 : 40951 40952
5875 : 40953 40954
5876 : 40955 40956
5877 : 40957 40958
5878 : 40959 40960
5879 : 40961 40962
