66784 : 408067 408068
66785 : 408069 408070
66786 : 408071 408072
66787 : 408073 408074
66788 : 408075 408076
66789 : 408077 408078
66790 : 408079 408080
66791 : 408081 408082
66792 : 408083 408084
66793 : 408085 408086
66794 : 408087 408088
66795 : 408089 408090
66796 : 408091 408092
66797 : 408093 408094
66798 : 408095 408096
66799 : 408097 408098
66800 : 408099 408100
66801 : 408101 408102
66802 : 408103 408104
66803 : 408105 408106
66804 : 408107 408108
66805 : 408109 408110
66806 : 408111 408112
66807 : 408113 408114
66808 : 408115 408116
66809 : 408117 408118
66810 : 408119 408120
66811 : 408121 408122
66812 : 408123 408124
66813 : 408125 408126
