58944 : 476452 476453
58945 : 476454 476455
58946 : 476456 476457
58947 : 476458 476459
58948 : 476460 476461
58949 : 476462 476463
58950 : 476464 476465
58951 : 476466 476467
58952 : 476468 476469
58953 : 476470 476471
58954 : 476472 476473
58955 : 476474 476475
58956 : 476476 476477
58957 : 476478 476479
58958 : 476480 476481
58959 : 476482 476483
58960 : 476484 476485
58961 : 476486 476487
58962 : 476488 476489
58963 : 476490 476491
58964 : 476492 476493
58965 : 476494 476495
58966 : 476496 476497
58967 : 476498 476499
58968 : 476500 476501
58969 : 476502 476503
