7374 : 57761 57762
7375 : 57763 57764
7376 : 57765 57766
7377 : 57767 57768
7378 : 57769 57770
7379 : 57771 57772
7380 : 57773 57774
7381 : 57775 57776
7382 : 57777 57778
7383 : 57779 57780
7384 : 57781 57782
7385 : 57783 57784
7386 : 57785 57786
7387 : 57787 57788
7388 : 57789 57790
7389 : 57791 57792
7390 : 57793 57794
7391 : 57795 57796
7392 : 57797 57798
7393 : 57799 57800
7394 : 57801 57802
7395 : 57803 57804
7396 : 57805 57806
7397 : 57807 57808
7398 : 57809 57810
7399 : 57811 57812
7400 : 57813 57814
7401 : 57815 57816
7402 : 57817 57818
7403 : 57819 57820
7404 : 57821 57822
7405 : 57823 57824
7406 : 57825 57826
7407 : 57827 57828
7408 : 57829 57830
7409 : 57831 57832
7410 : 57833 57834
7411 : 57835 57836
7412 : 57837 57838
7413 : 57839 57840
7414 : 57841 57842
