90291 : 541345 541346
90292 : 541347 541348
90293 : 541349 541350
90294 : 541351 541352
90295 : 541353 541354
90296 : 541355 541356
90297 : 541357 541358
90298 : 541359 541360
90299 : 541361 541362
90300 : 541363 541364
90301 : 541365 541366
90302 : 541367 541368
90303 : 541369 541370
90304 : 541371 541372
90305 : 541373 541374
90306 : 541375 541376
90307 : 541377 541378
90308 : 541379 541380
90309 : 541381 541382
90310 : 541383 541384
90311 : 541385 541386
90312 : 541387 541388
90313 : 541389 541390
90314 : 541391 541392
90315 : 541393 541394
90316 : 541395 541396
90317 : 541397 541398
90318 : 541399 541400
90319 : 541401 541402
90320 : 541403 541404
90321 : 541405 541406
90322 : 541407 541408
90323 : 541409 541410
90324 : 541411 541412
90325 : 541413 541414
90326 : 541415 541416
90327 : 541417 541418
90328 : 541419 541420
90329 : 541421 541422
90330 : 541423 541424
90331 : 541425 541426
90332 : 541427 541428
90333 : 541429 541430
90334 : 541431 541432
90335 : 541433 541434
90336 : 541435 541436
90337 : 541437 541438
90338 : 541439 541440
90339 : 541441 541442
90340 : 541443 541444
90341 : 541445 541446
90342 : 541447 541448
90343 : 541449 541450
