63294 : 355153 355154
63512 : 355155 355156
63513 : 355157 355158
63514 : 355159 355160
63515 : 355161 355162
63516 : 355163 355164
63517 : 355165 355166
63518 : 355167 355168
63519 : 355169 355170
63520 : 355171 355172
63521 : 355173 355174
63522 : 355175 355176
63523 : 355177 355178
63524 : 355179 355180
63525 : 355181 355182
63526 : 355183 355184
63527 : 355185 355186
63528 : 355187 355188
63529 : 355189 355190
63530 : 355191 355192
63531 : 355193 355194
63532 : 355195 355196
63533 : 355197 355198
63534 : 355199 355200
63535 : 355201 355202
63536 : 355203 355204
63537 : 355205 355206
63538 : 355207 355208
63539 : 355209 355210
63540 : 355211 355212
63541 : 355213 355214
63542 : 355215 355216
63543 : 355217 355218
63544 : 355219 355220
63545 : 355221 355222
63546 : 355223 355224
63547 : 355225 355226
63548 : 355227 355228
63549 : 355229 355230
63550 : 355231 355232
63551 : 355233 355234
63552 : 355235 355236
63553 : 355237 355238
63554 : 355239 355240
63555 : 355241 355242
63556 : 355243 355244
63557 : 355245 355246
63558 : 355247 355248
63559 : 355249 355250
63560 : 355251 355252
63561 : 355253 355254
63562 : 355255 355256
63563 : 355257 355258
63564 : 355259 355260
63565 : 355261 355262
63566 : 355263 355264
63567 : 355265 355266
63568 : 355267 355268
63569 : 355269 355270
63570 : 355271 355272
63571 : 355273 355274
63572 : 355275 355276
63573 : 355277 355278
63574 : 355279 355280
63575 : 355281 355282
63576 : 355283 355284
63577 : 355285 355286
63578 : 355287 355288
63579 : 355289 355290
63580 : 355291 355292
63581 : 355293 355294
63582 : 355295 355296
63583 : 355297 355298
63584 : 355299 355300
63585 : 355301 355302
63586 : 355303 355304
63587 : 355305 355306
63588 : 355307 355308
63589 : 355309 355310
63590 : 355311 355312
63591 : 355313 355314
63592 : 355315 355316
63593 : 355317 355318
63594 : 355319 355320
63595 : 355321 355322
63596 : 355323 355324
63597 : 355325 355326
63598 : 355327 355328
63599 : 355329 355330
63600 : 355331 355332
63601 : 355333 355334
63602 : 355335 355336
63603 : 355337 355338
63604 : 355339 355340
63605 : 355341 355342
63606 : 355343 355344
63607 : 355345 355346
63608 : 355347 355348
63609 : 355349 355350
63610 : 355351 355352
63611 : 355353 355354
63612 : 355355 355356
63613 : 355357 355358
63614 : 355359 355360
63615 : 355361 355362
63616 : 355363 355364
63617 : 355365 355366
63618 : 355367 355368
63619 : 355369 355370
63620 : 355371 355372
