15806 : 141898 141899
15807 : 141900 141901
15808 : 141902 141903
15809 : 141904 141905
15810 : 141906 141907
15811 : 141908 141909
15812 : 141910 141911
15813 : 141912 141913
15814 : 141914 141915
15815 : 141916 141917
15816 : 141918 141919
15817 : 141920 141921
15818 : 141922 141923
15819 : 141924 141925
15820 : 141926 141927
15821 : 141928 141929
15822 : 141930 141931
15823 : 141932 141933
15824 : 141934 141935
15825 : 141936 141937
15826 : 141938 141939
15827 : 141940 141941
15828 : 141942 141943
15829 : 141944 141945
15830 : 141946 141947
15831 : 141948 141949
15832 : 141950 141951
15833 : 141952 141953
15834 : 141954 141955
15835 : 141956 141957
15836 : 141958 141959
15837 : 141960 141961
15838 : 141962 141963
15839 : 141964 141965
15840 : 141966 141967
15841 : 141968 141969
15842 : 141970 141971
15843 : 141972 141973
15844 : 141974 141975
15845 : 141976 141977
