17447 : 136392 136393
17595 : 136394 136395
18049 : 136396 136397
18050 : 136398 136399
18051 : 136400 136401
18052 : 136402 136403
18053 : 136404 136405
18054 : 136406 136407
18055 : 136408 136409
18056 : 136410 136411
18057 : 136412 136413
18058 : 136414 136415
18059 : 136416 136417
18060 : 136418 136419
18061 : 136420 136421
18062 : 136422 136423
18063 : 136424 136425
18064 : 136426 136427
18065 : 136428 136429
18066 : 136430 136431
18067 : 136432 136433
18068 : 136434 136435
18069 : 136436 136437
18070 : 136438 136439
18071 : 136440 136441
18072 : 136442 136443
18073 : 136444 136445
18074 : 136446 136447
18075 : 136448 136449
18076 : 136450 136451
18077 : 136452 136453
18078 : 136454 136455
18079 : 136456 136457
18080 : 136458 136459
18081 : 136460 136461
18082 : 136462 136463
18083 : 136464 136465
18084 : 136466 136467
18085 : 136468 136469
18086 : 136470 136471
18087 : 136472 136473
18088 : 136474 136475
18089 : 136476 136477
18090 : 136478 136479
18091 : 136480 136481
18092 : 136482 136483
18093 : 136484 136485
18094 : 136486 136487
18095 : 136488 136489
18096 : 136490 136491
18097 : 136492 136493
18098 : 136494 136495
18099 : 136496 136497
18100 : 136498 136499
18101 : 136500 136501
18102 : 136502 136503
18103 : 136504 136505
18104 : 136506 136507
18105 : 136508 136509
18106 : 136510 136511
18107 : 136512 136513
18108 : 136514 136515
18109 : 136516 136517
18110 : 136518 136519
18111 : 136520 136521
18112 : 136522 136523
18113 : 136524 136525
18114 : 136526 136527
18115 : 136528 136529
18116 : 136530 136531
18117 : 136532 136533
18118 : 136534 136535
18119 : 136536 136537
18120 : 136538 136539
18121 : 136540 136541
18122 : 136542 136543
18123 : 136544 136545
18124 : 136546 136547
18125 : 136548 136549
