51618 : 423260 423261
51619 : 423262 423263
51620 : 423264 423265
51621 : 423266 423267
51622 : 423268 423269
51623 : 423270 423271
51624 : 423272 423273
51625 : 423274 423275
51626 : 423276 423277
51627 : 423278 423279
51628 : 423280 423281
51629 : 423282 423283
51630 : 423284 423285
51631 : 423286 423287
51632 : 423288 423289
51633 : 423290 423291
51634 : 423292 423293
51635 : 423294 423295
51636 : 423296 423297
51637 : 423298 423299
51638 : 423300 423301
51639 : 423302 423303
51640 : 423304 423305
51641 : 423306 423307
51642 : 423308 423309
