41461 : 247438 247439
41569 : 247440 247441
41570 : 247442 247443
41571 : 247444 247445
41572 : 247446 247447
41573 : 247448 247449
41574 : 247450 247451
41575 : 247452 247453
41576 : 247454 247455
41577 : 247456 247457
41578 : 247458 247459
41579 : 247460 247461
41580 : 247462 247463
41581 : 247464 247465
41582 : 247466 247467
41583 : 247468 247469
41584 : 247470 247471
41585 : 247472 247473
41586 : 247474 247475
41587 : 247476 247477
41588 : 247478 247479
41589 : 247480 247481
41590 : 247482 247483
41591 : 247484 247485
41592 : 247486 247487
41593 : 247488 247489
41594 : 247490 247491
41595 : 247492 247493
41596 : 247494 247495
41597 : 247496 247497
41598 : 247498 247499
41599 : 247500 247501
41600 : 247502 247503
41601 : 247504 247505
41602 : 247506 247507
41603 : 247508 247509
41604 : 247510 247511
41605 : 247512 247513
41606 : 247514 247515
41607 : 247516 247517
41608 : 247518 247519
41609 : 247520 247521
41610 : 247522 247523
41611 : 247524 247525
41612 : 247526 247527
41613 : 247528 247529
41614 : 247530 247531
41615 : 247532 247533
41616 : 247534 247535
41617 : 247536 247537
41618 : 247538 247539
41619 : 247540 247541
41620 : 247542 247543
41621 : 247544 247545
41622 : 247546 247547
41623 : 247548 247549
41624 : 247550 247551
41625 : 247552 247553
41626 : 247554 247555
41627 : 247556 247557
41628 : 247558 247559
41629 : 247560 247561
41630 : 247562 247563
41631 : 247564 247565
41632 : 247566 247567
41633 : 247568 247569
41634 : 247570 247571
41635 : 247572 247573
41636 : 247574 247575
41637 : 247576 247577
41638 : 247578 247579
41639 : 247580 247581
41640 : 247582 247583
41641 : 247584 247585
41642 : 247586 247587
41643 : 247588 247589
41644 : 247590 247591
41645 : 247592 247593
41646 : 247594 247595
41647 : 247596 247597
41648 : 247598 247599
41649 : 247600 247601
41650 : 247602 247603
41651 : 247604 247605
41652 : 247606 247607
41653 : 247608 247609
41654 : 247610 247611
41655 : 247612 247613
41656 : 247614 247615
41657 : 247616 247617
41658 : 247618 247619
41659 : 247620 247621
41660 : 247622 247623
41661 : 247624 247625
41662 : 247626 247627
41663 : 247628 247629
41664 : 247630 247631
41665 : 247632 247633
41666 : 247634 247635
41667 : 247636 247637
