61742 : 379650 379651
62006 : 379652 379653
62007 : 379654 379655
62008 : 379656 379657
62009 : 379658 379659
62010 : 379660 379661
62011 : 379662 379663
62012 : 379664 379665
62013 : 379666 379667
62014 : 379668 379669
62015 : 379670 379671
62016 : 379672 379673
62017 : 379674 379675
62018 : 379676 379677
62019 : 379678 379679
62020 : 379680 379681
62021 : 379682 379683
62022 : 379684 379685
62023 : 379686 379687
62024 : 379688 379689
62025 : 379690 379691
62026 : 379692 379693
62027 : 379694 379695
62028 : 379696 379697
62029 : 379698 379699
62030 : 379700 379701
62031 : 379702 379703
62032 : 379704 379705
62033 : 379706 379707
62034 : 379708 379709
62035 : 379710 379711
62036 : 379712 379713
62037 : 379714 379715
62038 : 379716 379717
62039 : 379718 379719
62040 : 379720 379721
62041 : 379722 379723
62042 : 379724 379725
62043 : 379726 379727
62044 : 379728 379729
62045 : 379730 379731
62046 : 379732 379733
62047 : 379734 379735
62048 : 379736 379737
62049 : 379738 379739
62050 : 379740 379741
62051 : 379742 379743
62052 : 379744 379745
62053 : 379746 379747
62054 : 379748 379749
62055 : 379750 379751
62056 : 379752 379753
62057 : 379754 379755
62058 : 379756 379757
62059 : 379758 379759
62060 : 379760 379761
62061 : 379762 379763
62062 : 379764 379765
