27933 : 237874 237875
27934 : 237876 237877
27935 : 237878 237879
27936 : 237880 237881
27937 : 237882 237883
27938 : 237884 237885
27939 : 237886 237887
27940 : 237888 237889
27941 : 237890 237891
27942 : 237892 237893
27943 : 237894 237895
27944 : 237896 237897
27945 : 237898 237899
27946 : 237900 237901
27947 : 237902 237903
27948 : 237904 237905
27949 : 237906 237907
27950 : 237908 237909
27951 : 237910 237911
27952 : 237912 237913
27953 : 237914 237915
27954 : 237916 237917
27955 : 237918 237919
27956 : 237920 237921
27957 : 237922 237923
27958 : 237924 237925
27959 : 237926 237927
27960 : 237928 237929
27961 : 237930 237931
27962 : 237932 237933
27963 : 237934 237935
27964 : 237936 237937
27965 : 237938 237939
27966 : 237940 237941
27967 : 237942 237943
27968 : 237944 237945
27969 : 237946 237947
27970 : 237948 237949
27971 : 237950 237951
27972 : 237952 237953
