34650 : 229528 229529
34651 : 229530 229531
34652 : 229532 229533
34653 : 229534 229535
34654 : 229536 229537
34655 : 229538 229539
34656 : 229540 229541
34657 : 229542 229543
34658 : 229544 229545
34659 : 229546 229547
34660 : 229548 229549
34661 : 229550 229551
34662 : 229552 229553
34663 : 229554 229555
34664 : 229556 229557
34665 : 229558 229559
34666 : 229560 229561
34667 : 229562 229563
34668 : 229564 229565
34669 : 229566 229567
34670 : 229568 229569
34671 : 229570 229571
34672 : 229572 229573
34673 : 229574 229575
34674 : 229576 229577
34675 : 229578 229579
34676 : 229580 229581
34677 : 229582 229583
34678 : 229584 229585
34679 : 229586 229587
34680 : 229588 229589
34681 : 229590 229591
34682 : 229592 229593
34683 : 229594 229595
34684 : 229596 229597
34685 : 229598 229599
34686 : 229600 229601
34687 : 229602 229603
34688 : 229604 229605
34689 : 229606 229607
34690 : 229608 229609
34691 : 229610 229611
34692 : 229612 229613
34693 : 229614 229615
34694 : 229616 229617
34695 : 229618 229619
34696 : 229620 229621
34697 : 229622 229623
34698 : 229624 229625
34699 : 229626 229627
34700 : 229628 229629
34701 : 229630 229631
34702 : 229632 229633
34703 : 229634 229635
34704 : 229636 229637
34705 : 229638 229639
