66057 : 403214 403215
66058 : 403216 403217
66059 : 403218 403219
66060 : 403220 403221
66061 : 403222 403223
66062 : 403224 403225
66063 : 403226 403227
66064 : 403228 403229
66065 : 403230 403231
66066 : 403232 403233
66067 : 403234 403235
66068 : 403236 403237
66069 : 403238 403239
66070 : 403240 403241
66071 : 403242 403243
66072 : 403244 403245
66073 : 403246 403247
66074 : 403248 403249
66075 : 403250 403251
66076 : 403252 403253
66077 : 403254 403255
66078 : 403256 403257
66079 : 403258 403259
66080 : 403260 403261
66081 : 403262 403263
66082 : 403264 403265
66083 : 403266 403267
66084 : 403268 403269
66085 : 403270 403271
66086 : 403272 403273
66087 : 403274 403275
66088 : 403276 403277
66089 : 403278 403279
66090 : 403280 403281
66091 : 403282 403283
66092 : 403284 403285
66093 : 403286 403287
66094 : 403288 403289
66095 : 403290 403291
66096 : 403292 403293
66097 : 403294 403295
66098 : 403296 403297
66099 : 403298 403299
66100 : 403300 403301
66101 : 403302 403303
66102 : 403304 403305
66103 : 403306 403307
66104 : 403308 403309
66105 : 403310 403311
66106 : 403312 403313
66107 : 403314 403315
66108 : 403316 403317
