59956 : 368126 368127
59957 : 368128 368129
59958 : 368130 368131
59959 : 368132 368133
59960 : 368134 368135
59961 : 368136 368137
59962 : 368138 368139
59963 : 368140 368141
59964 : 368142 368143
59965 : 368144 368145
59966 : 368146 368147
59967 : 368148 368149
59968 : 368150 368151
59969 : 368152 368153
59970 : 368154 368155
59971 : 368156 368157
59972 : 368158 368159
59973 : 368160 368161
59974 : 368162 368163
59975 : 368164 368165
59976 : 368166 368167
59977 : 368168 368169
59978 : 368170 368171
59979 : 368172 368173
59980 : 368174 368175
59981 : 368176 368177
59982 : 368178 368179
59983 : 368180 368181
59984 : 368182 368183
59985 : 368184 368185
59986 : 368186 368187
59987 : 368188 368189
59988 : 368190 368191
59989 : 368192 368193
59990 : 368194 368195
59991 : 368196 368197
59992 : 368198 368199
59993 : 368200 368201
59994 : 368202 368203
59995 : 368204 368205
59996 : 368206 368207
59997 : 368208 368209
59998 : 368210 368211
59999 : 368212 368213
60000 : 368214 368215
60001 : 368216 368217
60002 : 368218 368219
60003 : 368220 368221
60004 : 368222 368223
60005 : 368224 368225
