25803 : 220289 220290
25804 : 220291 220292
25805 : 220293 220294
25806 : 220295 220296
25807 : 220297 220298
25808 : 220299 220300
25809 : 220301 220302
25810 : 220303 220304
25811 : 220305 220306
25812 : 220307 220308
25813 : 220309 220310
25814 : 220311 220312
25815 : 220313 220314
25816 : 220315 220316
25817 : 220317 220318
25818 : 220319 220320
25819 : 220321 220322
25820 : 220323 220324
25821 : 220325 220326
25822 : 220327 220328
25823 : 220329 220330
25824 : 220331 220332
25825 : 220333 220334
25826 : 220335 220336
25827 : 220337 220338
25828 : 220339 220340
25829 : 220341 220342
25830 : 220343 220344
25831 : 220345 220346
25832 : 220347 220348
25833 : 220349 220350
25834 : 220351 220352
25835 : 220353 220354
25836 : 220355 220356
25837 : 220357 220358
25838 : 220359 220360
25839 : 220361 220362
25840 : 220363 220364
25841 : 220365 220366
