46509 : 270970 270971
46510 : 270972 270973
46511 : 270974 270975
46512 : 270976 270977
46513 : 270978 270979
46514 : 270980 270981
46515 : 270982 270983
46516 : 270984 270985
46517 : 270986 270987
46518 : 270988 270989
46519 : 270990 270991
46520 : 270992 270993
46521 : 270994 270995
46522 : 270996 270997
46523 : 270998 270999
46524 : 271000 271001
46525 : 271002 271003
46526 : 271004 271005
46527 : 271006 271007
46528 : 271008 271009
46529 : 271010 271011
46530 : 271012 271013
46531 : 271014 271015
46532 : 271016 271017
46533 : 271018 271019
46534 : 271020 271021
46535 : 271022 271023
46536 : 271024 271025
46537 : 271026 271027
46538 : 271028 271029
46539 : 271030 271031
46540 : 271032 271033
46541 : 271034 271035
46542 : 271036 271037
46543 : 271038 271039
46544 : 271040 271041
46545 : 271042 271043
46546 : 271044 271045
46547 : 271046 271047
46548 : 271048 271049
46549 : 271050 271051
46550 : 271052 271053
46551 : 271054 271055
46552 : 271056 271057
46553 : 271058 271059
46554 : 271060 271061
46555 : 271062 271063
46556 : 271064 271065
46557 : 271066 271067
46558 : 271068 271069
46559 : 271070 271071
46560 : 271072 271073
46561 : 271074 271075
46562 : 271076 271077
46563 : 271078 271079
46564 : 271080 271081
46565 : 271082 271083
46566 : 271084 271085
46567 : 271086 271087
46568 : 271088 271089
46569 : 271090 271091
46570 : 271092 271093
46571 : 271094 271095
46572 : 271096 271097
46573 : 271098 271099
46574 : 271100 271101
46575 : 271102 271103
46576 : 271104 271105
46577 : 271106 271107
46578 : 271108 271109
46579 : 271110 271111
46580 : 271112 271113
46581 : 271114 271115
46582 : 271116 271117
46583 : 271118 271119
46584 : 271120 271121
46585 : 271122 271123
46586 : 271124 271125
46587 : 271126 271127
46588 : 271128 271129
46589 : 271130 271131
46590 : 271132 271133
46591 : 271134 271135
46592 : 271136 271137
46593 : 271138 271139
46594 : 271140 271141
