14317 : 104596 104597
14318 : 104598 104599
14319 : 104600 104601
14320 : 104602 104603
14321 : 104604 104605
14322 : 104606 104607
14323 : 104608 104609
14324 : 104610 104611
14325 : 104612 104613
14326 : 104614 104615
14327 : 104616 104617
14328 : 104618 104619
14329 : 104620 104621
14330 : 104622 104623
14331 : 104624 104625
14332 : 104626 104627
14333 : 104628 104629
14334 : 104630 104631
14335 : 104632 104633
14336 : 104634 104635
14337 : 104636 104637
14338 : 104638 104639
14339 : 104640 104641
14340 : 104642 104643
14341 : 104644 104645
14342 : 104646 104647
14343 : 104648 104649
14344 : 104650 104651
14345 : 104652 104653
14346 : 104654 104655
14347 : 104656 104657
14348 : 104658 104659
14349 : 104660 104661
14350 : 104662 104663
14351 : 104664 104665
14352 : 104666 104667
14353 : 104668 104669
14354 : 104670 104671
14355 : 104672 104673
14356 : 104674 104675
14357 : 104676 104677
14358 : 104678 104679
14359 : 104680 104681
14360 : 104682 104683
14361 : 104684 104685
14362 : 104686 104687
14363 : 104688 104689
14364 : 104690 104691
14365 : 104692 104693
