58880 : 475908 475909
58881 : 475910 475911
58882 : 475912 475913
58883 : 475914 475915
58884 : 475916 475917
58885 : 475918 475919
58886 : 475920 475921
58887 : 475922 475923
58888 : 475924 475925
58889 : 475926 475927
58890 : 475928 475929
58891 : 475930 475931
58892 : 475932 475933
58893 : 475934 475935
58894 : 475936 475937
58895 : 475938 475939
58896 : 475940 475941
58897 : 475942 475943
58898 : 475944 475945
58899 : 475946 475947
58900 : 475948 475949
58901 : 475950 475951
58902 : 475952 475953
58903 : 475954 475955
