13437 : 179493 179494
13438 : 179495 179496
13439 : 179497 179498
13440 : 179499 179500
13441 : 179501 179502
13442 : 179503 179504
13443 : 179505 179506
13444 : 179507 179508
13445 : 179509 179510
13446 : 179511 179512
13447 : 179513 179514
13448 : 179515 179516
13449 : 179517 179518
13450 : 179519 179520
13451 : 179521 179522
13452 : 179523 179524
13453 : 179525 179526
13454 : 179527 179528
13455 : 179529 179530
13456 : 179531 179532
13457 : 179533 179534
13458 : 179535 179536
13459 : 179537 179538
13460 : 179539 179540
13461 : 179541 179542
13462 : 179543 179544
13463 : 179545 179546
13464 : 179547 179548
13465 : 179549 179550
13466 : 179551 179552
13467 : 179553 179554
13468 : 179555 179556
13469 : 179557 179558
13470 : 179559 179560
13471 : 179561 179562
13472 : 179563 179564
13473 : 179565 179566
