22108 : 164913 164914
22334 : 164915 164916
22540 : 164917 164918
22541 : 164919 164920
22542 : 164921 164922
22543 : 164923 164924
22544 : 164925 164926
22545 : 164927 164928
22546 : 164929 164930
22547 : 164931 164932
22548 : 164933 164934
22549 : 164935 164936
22550 : 164937 164938
22551 : 164939 164940
22552 : 164941 164942
22553 : 164943 164944
22554 : 164945 164946
22555 : 164947 164948
22556 : 164949 164950
22557 : 164951 164952
22558 : 164953 164954
22559 : 164955 164956
22560 : 164957 164958
22561 : 164959 164960
22562 : 164961 164962
22563 : 164963 164964
