92789 : 568788 568789
92790 : 568790 568791
92791 : 568792 568793
92792 : 568794 568795
92793 : 568796 568797
92794 : 568798 568799
92795 : 568800 568801
92796 : 568802 568803
92797 : 568804 568805
92798 : 568806 568807
92799 : 568808 568809
92800 : 568810 568811
92801 : 568812 568813
92802 : 568814 568815
92803 : 568816 568817
92804 : 568818 568819
92805 : 568820 568821
92806 : 568822 568823
92807 : 568824 568825
92808 : 568826 568827
92809 : 568828 568829
92810 : 568830 568831
92811 : 568832 568833
92812 : 568834 568835
92813 : 568836 568837
92814 : 568838 568839
92815 : 568840 568841
92816 : 568842 568843
92817 : 568844 568845
92818 : 568846 568847
