64126 : 390524 390525
64127 : 390526 390527
64128 : 390528 390529
64129 : 390530 390531
64130 : 390532 390533
64131 : 390534 390535
64132 : 390536 390537
64133 : 390538 390539
64134 : 390540 390541
64135 : 390542 390543
64136 : 390544 390545
64137 : 390546 390547
64138 : 390548 390549
64139 : 390550 390551
64140 : 390552 390553
64141 : 390554 390555
64142 : 390556 390557
64143 : 390558 390559
64144 : 390560 390561
64145 : 390562 390563
64146 : 390564 390565
64147 : 390566 390567
64148 : 390568 390569
64149 : 390570 390571
64150 : 390572 390573
64151 : 390574 390575
64152 : 390576 390577
64153 : 390578 390579
64154 : 390580 390581
64155 : 390582 390583
64156 : 390584 390585
64157 : 390586 390587
64158 : 390588 390589
64159 : 390590 390591
64160 : 390592 390593
64161 : 390594 390595
64162 : 390596 390597
64163 : 390598 390599
64164 : 390600 390601
64165 : 390602 390603
64166 : 390604 390605
64167 : 390606 390607
64168 : 390608 390609
64169 : 390610 390611
64170 : 390612 390613
64171 : 390614 390615
64172 : 390616 390617
64173 : 390618 390619
64174 : 390620 390621
64175 : 390622 390623
64176 : 390624 390625
64177 : 390626 390627
64178 : 390628 390629
64179 : 390630 390631
