7949 : 63599 63600
7950 : 63601 63602
7951 : 63603 63604
7952 : 63605 63606
7953 : 63607 63608
7954 : 63609 63610
7955 : 63611 63612
7956 : 63613 63614
7957 : 63615 63616
7958 : 63617 63618
7959 : 63619 63620
7960 : 63621 63622
7961 : 63623 63624
7962 : 63625 63626
7963 : 63627 63628
7964 : 63629 63630
7965 : 63631 63632
7966 : 63633 63634
7967 : 63635 63636
7968 : 63637 63638
7969 : 63639 63640
7970 : 63641 63642
7971 : 63643 63644
7972 : 63645 63646
7973 : 63647 63648
7974 : 63649 63650
7975 : 63651 63652
7976 : 63653 63654
7977 : 63655 63656
7978 : 63657 63658
7979 : 63659 63660
7980 : 63661 63662
7981 : 63663 63664
7982 : 63665 63666
7983 : 63667 63668
7984 : 63669 63670
7985 : 63671 63672
7986 : 63673 63674
