79895 : 452172 452173
79896 : 452174 452175
79897 : 452176 452177
79898 : 452178 452179
79899 : 452180 452181
79900 : 452182 452183
79901 : 452184 452185
79902 : 452186 452187
79903 : 452188 452189
79904 : 452190 452191
79905 : 452192 452193
79906 : 452194 452195
79907 : 452196 452197
79908 : 452198 452199
79909 : 452200 452201
79910 : 452202 452203
79911 : 452204 452205
79912 : 452206 452207
79913 : 452208 452209
79914 : 452210 452211
79915 : 452212 452213
79916 : 452214 452215
79917 : 452216 452217
79918 : 452218 452219
79919 : 452220 452221
79920 : 452222 452223
79921 : 452224 452225
79922 : 452226 452227
79923 : 452228 452229
79924 : 452230 452231
79925 : 452232 452233
79926 : 452234 452235
79927 : 452236 452237
79928 : 452238 452239
79929 : 452240 452241
79930 : 452242 452243
79931 : 452244 452245
79932 : 452246 452247
79933 : 452248 452249
79934 : 452250 452251
79935 : 452252 452253
79936 : 452254 452255
79937 : 452256 452257
79938 : 452258 452259
79939 : 452260 452261
79940 : 452262 452263
79941 : 452264 452265
79942 : 452266 452267
79943 : 452268 452269
79944 : 452270 452271
79945 : 452272 452273
79946 : 452274 452275
79947 : 452276 452277
79948 : 452278 452279
79949 : 452280 452281
