935 : 5862 5863
936 : 5864 5865
937 : 5866 5867
938 : 5868 5869
939 : 5870 5871
940 : 5872 5873
941 : 5874 5875
942 : 5876 5877
943 : 5878 5879
944 : 5880 5881
945 : 5882 5883
946 : 5884 5885
947 : 5886 5887
948 : 5888 5889
949 : 5890 5891
950 : 5892 5893
951 : 5894 5895
952 : 5896 5897
953 : 5898 5899
954 : 5900 5901
955 : 5902 5903
956 : 5904 5905
957 : 5906 5907
958 : 5908 5909
959 : 5910 5911
960 : 5912 5913
961 : 5914 5915
962 : 5916 5917
963 : 5918 5919
964 : 5920 5921
965 : 5922 5923
966 : 5924 5925
967 : 5926 5927
968 : 5928 5929
969 : 5930 5931
970 : 5932 5933
971 : 5934 5935
972 : 5936 5937
973 : 5938 5939
974 : 5940 5941
975 : 5942 5943
976 : 5944 5945
977 : 5946 5947
978 : 5948 5949
979 : 5950 5951
980 : 5952 5953
981 : 5954 5955
982 : 5956 5957
983 : 5958 5959
984 : 5960 5961
985 : 5962 5963
986 : 5964 5965
987 : 5966 5967
988 : 5968 5969
989 : 5970 5971
990 : 5972 5973
991 : 5974 5975
992 : 5976 5977
