55850 : 343626 343627
55851 : 343628 343629
55852 : 343630 343631
55853 : 343632 343633
55854 : 343634 343635
55855 : 343636 343637
55856 : 343638 343639
55857 : 343640 343641
55858 : 343642 343643
55859 : 343644 343645
55860 : 343646 343647
55861 : 343648 343649
55862 : 343650 343651
55863 : 343652 343653
55864 : 343654 343655
55865 : 343656 343657
55866 : 343658 343659
55867 : 343660 343661
55868 : 343662 343663
55869 : 343664 343665
55870 : 343666 343667
55871 : 343668 343669
55872 : 343670 343671
55873 : 343672 343673
55874 : 343674 343675
55875 : 343676 343677
55876 : 343678 343679
55877 : 343680 343681
55878 : 343682 343683
55879 : 343684 343685
55880 : 343686 343687
55881 : 343688 343689
55882 : 343690 343691
55883 : 343692 343693
55884 : 343694 343695
55885 : 343696 343697
55886 : 343698 343699
55887 : 343700 343701
55888 : 343702 343703
55889 : 343704 343705
55890 : 343706 343707
55891 : 343708 343709
55892 : 343710 343711
55893 : 343712 343713
