16420 : 147069 147070
16421 : 147071 147072
16422 : 147073 147074
16423 : 147075 147076
16424 : 147077 147078
16425 : 147079 147080
16426 : 147081 147082
16427 : 147083 147084
16428 : 147085 147086
16429 : 147087 147088
16430 : 147089 147090
16431 : 147091 147092
16432 : 147093 147094
16433 : 147095 147096
16434 : 147097 147098
16435 : 147099 147100
16436 : 147101 147102
16437 : 147103 147104
16438 : 147105 147106
16439 : 147107 147108
16440 : 147109 147110
16441 : 147111 147112
16442 : 147113 147114
16443 : 147115 147116
16444 : 147117 147118
16445 : 147119 147120
16446 : 147121 147122
16447 : 147123 147124
16448 : 147125 147126
16449 : 147127 147128
16450 : 147129 147130
16451 : 147131 147132
16452 : 147133 147134
16453 : 147135 147136
16454 : 147137 147138
16455 : 147139 147140
16456 : 147141 147142
16457 : 147143 147144
