12048 : 87401 87402
12049 : 87403 87404
12050 : 87405 87406
12051 : 87407 87408
12052 : 87409 87410
12053 : 87411 87412
12054 : 87413 87414
12055 : 87415 87416
12056 : 87417 87418
12057 : 87419 87420
12058 : 87421 87422
12059 : 87423 87424
12060 : 87425 87426
12061 : 87427 87428
12062 : 87429 87430
12063 : 87431 87432
12064 : 87433 87434
12065 : 87435 87436
12066 : 87437 87438
12067 : 87439 87440
12068 : 87441 87442
12069 : 87443 87444
12070 : 87445 87446
12071 : 87447 87448
12072 : 87449 87450
12073 : 87451 87452
12074 : 87453 87454
12075 : 87455 87456
12076 : 87457 87458
12077 : 87459 87460
12078 : 87461 87462
12079 : 87463 87464
12080 : 87465 87466
12081 : 87467 87468
12082 : 87469 87470
