9440 : 89465 89466
9441 : 89467 89468
9442 : 89469 89470
9443 : 89471 89472
9444 : 89473 89474
9445 : 89475 89476
9446 : 89477 89478
9447 : 89479 89480
9448 : 89481 89482
9449 : 89483 89484
9450 : 89485 89486
9451 : 89487 89488
9452 : 89489 89490
9453 : 89491 89492
9454 : 89493 89494
9455 : 89495 89496
9456 : 89497 89498
9457 : 89499 89500
9458 : 89501 89502
9459 : 89503 89504
9460 : 89505 89506
9461 : 89507 89508
9462 : 89509 89510
9463 : 89511 89512
9464 : 89513 89514
9465 : 89515 89516
9466 : 89517 89518
9467 : 89519 89520
9468 : 89521 89522
9469 : 89523 89524
