22800 : 166656 166657
22801 : 166658 166659
22802 : 166660 166661
22803 : 166662 166663
22804 : 166664 166665
22805 : 166666 166667
22806 : 166668 166669
22807 : 166670 166671
22808 : 166672 166673
22809 : 166674 166675
22810 : 166676 166677
22811 : 166678 166679
22812 : 166680 166681
22813 : 166682 166683
22814 : 166684 166685
22815 : 166686 166687
22816 : 166688 166689
22817 : 166690 166691
22818 : 166692 166693
22819 : 166694 166695
22820 : 166696 166697
22821 : 166698 166699
22822 : 166700 166701
22823 : 166702 166703
22824 : 166704 166705
22825 : 166706 166707
22826 : 166708 166709
22827 : 166710 166711
22828 : 166712 166713
22829 : 166714 166715
