56519 : 348432 348433
56621 : 348434 348435
56622 : 348436 348437
56623 : 348438 348439
56624 : 348440 348441
56625 : 348442 348443
56626 : 348444 348445
56627 : 348446 348447
56628 : 348448 348449
56629 : 348450 348451
56630 : 348452 348453
56631 : 348454 348455
56632 : 348456 348457
56633 : 348458 348459
56634 : 348460 348461
56635 : 348462 348463
56636 : 348464 348465
56637 : 348466 348467
56638 : 348468 348469
56639 : 348470 348471
56640 : 348472 348473
56641 : 348474 348475
56642 : 348476 348477
56643 : 348478 348479
56644 : 348480 348481
56645 : 348482 348483
56646 : 348484 348485
56647 : 348486 348487
56648 : 348488 348489
56649 : 348490 348491
56650 : 348492 348493
56651 : 348494 348495
56652 : 348496 348497
56653 : 348498 348499
56654 : 348500 348501
56655 : 348502 348503
56656 : 348504 348505
56657 : 348506 348507
56658 : 348508 348509
56659 : 348510 348511
56660 : 348512 348513
56661 : 348514 348515
56662 : 348516 348517
56663 : 348518 348519
56664 : 348520 348521
56665 : 348522 348523
56666 : 348524 348525
56667 : 348526 348527
56668 : 348528 348529
56669 : 348530 348531
