17315 : 124783 124784
17316 : 124785 124786
17317 : 124787 124788
17318 : 124789 124790
17319 : 124791 124792
17320 : 124793 124794
17321 : 124795 124796
17322 : 124797 124798
17323 : 124799 124800
17324 : 124801 124802
17325 : 124803 124804
17326 : 124805 124806
17327 : 124807 124808
17328 : 124809 124810
17329 : 124811 124812
17330 : 124813 124814
17331 : 124815 124816
17332 : 124817 124818
17333 : 124819 124820
17334 : 124821 124822
17335 : 124823 124824
17336 : 124825 124826
17337 : 124827 124828
17338 : 124829 124830
17339 : 124831 124832
17340 : 124833 124834
17341 : 124835 124836
17342 : 124837 124838
17343 : 124839 124840
17344 : 124841 124842
17345 : 124843 124844
17346 : 124845 124846
17347 : 124847 124848
