15869 : 202034 202035
15870 : 202036 202037
15871 : 202038 202039
15872 : 202040 202041
15873 : 202042 202043
15874 : 202044 202045
15875 : 202046 202047
15876 : 202048 202049
15877 : 202050 202051
15878 : 202052 202053
15879 : 202054 202055
15880 : 202056 202057
15881 : 202058 202059
15882 : 202060 202061
15883 : 202062 202063
15884 : 202064 202065
15885 : 202066 202067
15886 : 202068 202069
15887 : 202070 202071
15888 : 202072 202073
15889 : 202074 202075
15890 : 202076 202077
15891 : 202078 202079
15892 : 202080 202081
15893 : 202082 202083
15894 : 202084 202085
