11311 : 105260 105261
11312 : 105262 105263
11313 : 105264 105265
11314 : 105266 105267
11315 : 105268 105269
11316 : 105270 105271
11317 : 105272 105273
11318 : 105274 105275
11319 : 105276 105277
11320 : 105278 105279
11321 : 105280 105281
11322 : 105282 105283
11323 : 105284 105285
11324 : 105286 105287
11325 : 105288 105289
11326 : 105290 105291
11327 : 105292 105293
11328 : 105294 105295
11329 : 105296 105297
11330 : 105298 105299
11331 : 105300 105301
11332 : 105302 105303
11333 : 105304 105305
11334 : 105306 105307
