47118 : 383147 383148
47119 : 383149 383150
47120 : 383151 383152
47121 : 383153 383154
47122 : 383155 383156
47123 : 383157 383158
47124 : 383159 383160
47125 : 383161 383162
47126 : 383163 383164
47127 : 383165 383166
47128 : 383167 383168
47129 : 383169 383170
47130 : 383171 383172
47131 : 383173 383174
47132 : 383175 383176
47133 : 383177 383178
47134 : 383179 383180
47135 : 383181 383182
47136 : 383183 383184
47137 : 383185 383186
47138 : 383187 383188
47139 : 383189 383190
47140 : 383191 383192
47141 : 383193 383194
47142 : 383195 383196
47143 : 383197 383198
47144 : 383199 383200
47145 : 383201 383202
47146 : 383203 383204
47147 : 383205 383206
47148 : 383207 383208
47149 : 383209 383210
47150 : 383211 383212
47151 : 383213 383214
47152 : 383215 383216
47153 : 383217 383218
47154 : 383219 383220
47155 : 383221 383222
