78311 : 440617 440618
78312 : 440619 440620
78313 : 440621 440622
78314 : 440623 440624
78315 : 440625 440626
78316 : 440627 440628
78317 : 440629 440630
78318 : 440631 440632
78319 : 440633 440634
78320 : 440635 440636
78321 : 440637 440638
78322 : 440639 440640
78323 : 440641 440642
78324 : 440643 440644
78325 : 440645 440646
78326 : 440647 440648
78327 : 440649 440650
78328 : 440651 440652
78329 : 440653 440654
78330 : 440655 440656
78331 : 440657 440658
78332 : 440659 440660
78333 : 440661 440662
78334 : 440663 440664
78335 : 440665 440666
78336 : 440667 440668
78337 : 440669 440670
78338 : 440671 440672
78339 : 440673 440674
78340 : 440675 440676
78341 : 440677 440678
78342 : 440679 440680
78343 : 440681 440682
78344 : 440683 440684
78345 : 440685 440686
78346 : 440687 440688
78347 : 440689 440690
78348 : 440691 440692
78349 : 440693 440694
78350 : 440695 440696
78351 : 440697 440698
78352 : 440699 440700
78353 : 440701 440702
78354 : 440703 440704
78355 : 440705 440706
78356 : 440707 440708
78357 : 440709 440710
78358 : 440711 440712
78359 : 440713 440714
78360 : 440715 440716
78361 : 440717 440718
