57697 : 465866 465867
57698 : 465868 465869
57699 : 465870 465871
57700 : 465872 465873
57701 : 465874 465875
57702 : 465876 465877
57703 : 465878 465879
57704 : 465880 465881
57705 : 465882 465883
57706 : 465884 465885
57707 : 465886 465887
57708 : 465888 465889
57709 : 465890 465891
57710 : 465892 465893
57711 : 465894 465895
57712 : 465896 465897
57713 : 465898 465899
57714 : 465900 465901
57715 : 465902 465903
57716 : 465904 465905
57717 : 465906 465907
57718 : 465908 465909
57719 : 465910 465911
57720 : 465912 465913
57721 : 465914 465915
57722 : 465916 465917
57723 : 465918 465919
57724 : 465920 465921
57725 : 465922 465923
57726 : 465924 465925
57727 : 465926 465927
57728 : 465928 465929
57729 : 465930 465931
57730 : 465932 465933
57731 : 465934 465935
57732 : 465936 465937
57733 : 465938 465939
57734 : 465940 465941
57735 : 465942 465943
57736 : 465944 465945
57737 : 465946 465947
57738 : 465948 465949
57739 : 465950 465951
57740 : 465952 465953
57741 : 465954 465955
