67279 : 410201 410202
67280 : 410203 410204
67281 : 410205 410206
67282 : 410207 410208
67283 : 410209 410210
67284 : 410211 410212
67285 : 410213 410214
67286 : 410215 410216
67287 : 410217 410218
67288 : 410219 410220
67289 : 410221 410222
67290 : 410223 410224
67291 : 410225 410226
67292 : 410227 410228
67293 : 410229 410230
67294 : 410231 410232
67295 : 410233 410234
67296 : 410235 410236
67297 : 410237 410238
67298 : 410239 410240
67299 : 410241 410242
67300 : 410243 410244
67301 : 410245 410246
67302 : 410247 410248
67303 : 410249 410250
67304 : 410251 410252
67305 : 410253 410254
67306 : 410255 410256
67307 : 410257 410258
67308 : 410259 410260
67309 : 410261 410262
67310 : 410263 410264
67311 : 410265 410266
67312 : 410267 410268
67313 : 410269 410270
67314 : 410271 410272
67315 : 410273 410274
67316 : 410275 410276
67317 : 410277 410278
67318 : 410279 410280
67319 : 410281 410282
67320 : 410283 410284
67321 : 410285 410286
