101755 : 685229 685230
101756 : 685231 685232
101757 : 685233 685234
101758 : 685235 685236
101759 : 685237 685238
101760 : 685239 685240
101761 : 685241 685242
101762 : 685243 685244
101763 : 685245 685246
101764 : 685247 685248
101765 : 685249 685250
101766 : 685251 685252
101767 : 685253 685254
101768 : 685255 685256
101769 : 685257 685258
101770 : 685259 685260
101771 : 685261 685262
101772 : 685263 685264
101773 : 685265 685266
101774 : 685267 685268
101775 : 685269 685270
101776 : 685271 685272
101777 : 685273 685274
101778 : 685275 685276
101779 : 685277 685278
101780 : 685279 685280
101781 : 685281 685282
101782 : 685283 685284
101783 : 685285 685286
101784 : 685287 685288
101785 : 685289 685290
101786 : 685291 685292
101787 : 685293 685294
101788 : 685295 685296
101789 : 685297 685298
101790 : 685299 685300
101791 : 685301 685302
101792 : 685303 685304
101793 : 685305 685306
