102592 : 696740 696741
102593 : 696742 696743
102594 : 696744 696745
102595 : 696746 696747
102596 : 696748 696749
102597 : 696750 696751
102598 : 696752 696753
102599 : 696754 696755
102600 : 696756 696757
102601 : 696758 696759
102602 : 696760 696761
102603 : 696762 696763
102604 : 696764 696765
102605 : 696766 696767
102606 : 696768 696769
102607 : 696770 696771
102608 : 696772 696773
102609 : 696774 696775
102610 : 696776 696777
102611 : 696778 696779
102612 : 696780 696781
102613 : 696782 696783
102614 : 696784 696785
102615 : 696786 696787
102616 : 696788 696789
102617 : 696790 696791
102618 : 696792 696793
102619 : 696794 696795
102620 : 696796 696797
102621 : 696798 696799
102622 : 696800 696801
102623 : 696802 696803
102624 : 696804 696805
102625 : 696806 696807
102626 : 696808 696809
102627 : 696810 696811
102628 : 696812 696813
102629 : 696814 696815
