102112 : 690164 690165
102113 : 690166 690167
102114 : 690168 690169
102115 : 690170 690171
102116 : 690172 690173
102117 : 690174 690175
102118 : 690176 690177
102119 : 690178 690179
102120 : 690180 690181
102121 : 690182 690183
102122 : 690184 690185
102123 : 690186 690187
102124 : 690188 690189
102125 : 690190 690191
102126 : 690192 690193
102127 : 690194 690195
102128 : 690196 690197
102129 : 690198 690199
102130 : 690200 690201
102131 : 690202 690203
102132 : 690204 690205
102133 : 690206 690207
102134 : 690208 690209
102135 : 690210 690211
102136 : 690212 690213
102137 : 690214 690215
102138 : 690216 690217
102139 : 690218 690219
102140 : 690220 690221
102141 : 690222 690223
102142 : 690224 690225
102143 : 690226 690227
102144 : 690228 690229
102145 : 690230 690231
