18432 : 133835 133836
18433 : 133837 133838
18434 : 133839 133840
18435 : 133841 133842
18436 : 133843 133844
18437 : 133845 133846
18438 : 133847 133848
18439 : 133849 133850
18440 : 133851 133852
18441 : 133853 133854
18442 : 133855 133856
18443 : 133857 133858
18444 : 133859 133860
18445 : 133861 133862
18446 : 133863 133864
18447 : 133865 133866
18448 : 133867 133868
18449 : 133869 133870
18450 : 133871 133872
18451 : 133873 133874
18452 : 133875 133876
18453 : 133877 133878
18454 : 133879 133880
18455 : 133881 133882
18456 : 133883 133884
18457 : 133885 133886
18458 : 133887 133888
18459 : 133889 133890
18460 : 133891 133892
18461 : 133893 133894
18462 : 133895 133896
18463 : 133897 133898
18464 : 133899 133900
18465 : 133901 133902
18466 : 133903 133904
18467 : 133905 133906
18468 : 133907 133908
