2225 : 15732 15733
2226 : 15734 15735
2227 : 15736 15737
2228 : 15738 15739
2229 : 15740 15741
2230 : 15742 15743
2231 : 15744 15745
2232 : 15746 15747
2233 : 15748 15749
2234 : 15750 15751
2235 : 15752 15753
2236 : 15754 15755
2237 : 15756 15757
2238 : 15758 15759
2239 : 15760 15761
2240 : 15762 15763
2241 : 15764 15765
2242 : 15766 15767
2243 : 15768 15769
2244 : 15770 15771
2245 : 15772 15773
2246 : 15774 15775
2247 : 15776 15777
2248 : 15778 15779
2249 : 15780 15781
2250 : 15782 15783
2251 : 15784 15785
2252 : 15786 15787
2253 : 15788 15789
2254 : 15790 15791
2255 : 15792 15793
2256 : 15794 15795
2257 : 15796 15797
2258 : 15798 15799
2259 : 15800 15801
2260 : 15802 15803
2261 : 15804 15805
2262 : 15806 15807
2263 : 15808 15809
2264 : 15810 15811
