29227 : 248189 248190
29228 : 248191 248192
29229 : 248193 248194
29230 : 248195 248196
29231 : 248197 248198
29232 : 248199 248200
29233 : 248201 248202
29234 : 248203 248204
29235 : 248205 248206
29236 : 248207 248208
29237 : 248209 248210
29238 : 248211 248212
29239 : 248213 248214
29240 : 248215 248216
29241 : 248217 248218
29242 : 248219 248220
29243 : 248221 248222
29244 : 248223 248224
29245 : 248225 248226
29246 : 248227 248228
29247 : 248229 248230
29248 : 248231 248232
29249 : 248233 248234
