11809 : 109189 109190
11810 : 109191 109192
11811 : 109193 109194
11812 : 109195 109196
11813 : 109197 109198
11814 : 109199 109200
11815 : 109201 109202
11816 : 109203 109204
11817 : 109205 109206
11818 : 109207 109208
11819 : 109209 109210
11820 : 109211 109212
11821 : 109213 109214
11822 : 109215 109216
11823 : 109217 109218
11824 : 109219 109220
11825 : 109221 109222
11826 : 109223 109224
11827 : 109225 109226
11828 : 109227 109228
11829 : 109229 109230
11830 : 109231 109232
11831 : 109233 109234
11832 : 109235 109236
11833 : 109237 109238
11834 : 109239 109240
11835 : 109241 109242
11836 : 109243 109244
11837 : 109245 109246
11838 : 109247 109248
11839 : 109249 109250
11840 : 109251 109252
