59672 : 366435 366436
59673 : 366437 366438
59674 : 366439 366440
59675 : 366441 366442
59676 : 366443 366444
59677 : 366445 366446
59678 : 366447 366448
59679 : 366449 366450
59680 : 366451 366452
59681 : 366453 366454
59682 : 366455 366456
59683 : 366457 366458
59684 : 366459 366460
59685 : 366461 366462
59686 : 366463 366464
59687 : 366465 366466
59688 : 366467 366468
59689 : 366469 366470
59690 : 366471 366472
59691 : 366473 366474
59692 : 366475 366476
59693 : 366477 366478
59694 : 366479 366480
59695 : 366481 366482
59696 : 366483 366484
59697 : 366485 366486
59698 : 366487 366488
59699 : 366489 366490
59700 : 366491 366492
59701 : 366493 366494
59702 : 366495 366496
59703 : 366497 366498
59704 : 366499 366500
59705 : 366501 366502
59706 : 366503 366504
59707 : 366505 366506
59708 : 366507 366508
59709 : 366509 366510
59710 : 366511 366512
59711 : 366513 366514
59712 : 366515 366516
