27110 : 230312 230313
27111 : 230314 230315
27112 : 230316 230317
27113 : 230318 230319
27114 : 230320 230321
27115 : 230322 230323
27116 : 230324 230325
27117 : 230326 230327
27118 : 230328 230329
27119 : 230330 230331
27120 : 230332 230333
27121 : 230334 230335
27122 : 230336 230337
27123 : 230338 230339
27124 : 230340 230341
27125 : 230342 230343
27126 : 230344 230345
27127 : 230346 230347
27128 : 230348 230349
27129 : 230350 230351
27130 : 230352 230353
27131 : 230354 230355
27132 : 230356 230357
27133 : 230358 230359
27134 : 230360 230361
27135 : 230362 230363
27136 : 230364 230365
27137 : 230366 230367
27138 : 230368 230369
27139 : 230370 230371
27140 : 230372 230373
27141 : 230374 230375
27142 : 230376 230377
