6903 : 101272 101273
6904 : 101274 101275
6905 : 101276 101277
6906 : 101278 101279
6907 : 101280 101281
6908 : 101282 101283
6909 : 101284 101285
6910 : 101286 101287
6911 : 101288 101289
6912 : 101290 101291
6913 : 101292 101293
6914 : 101294 101295
6915 : 101296 101297
6916 : 101298 101299
6917 : 101300 101301
6918 : 101302 101303
6919 : 101304 101305
6920 : 101306 101307
6921 : 101308 101309
6922 : 101310 101311
6923 : 101312 101313
6924 : 101314 101315
6925 : 101316 101317
6926 : 101318 101319
