31386 : 215110 215111
31387 : 215112 215113
31388 : 215114 215115
31389 : 215116 215117
31390 : 215118 215119
31391 : 215120 215121
31392 : 215122 215123
31393 : 215124 215125
31394 : 215126 215127
31395 : 215128 215129
31396 : 215130 215131
31397 : 215132 215133
31398 : 215134 215135
31399 : 215136 215137
31400 : 215138 215139
31401 : 215140 215141
31402 : 215142 215143
31403 : 215144 215145
31404 : 215146 215147
31405 : 215148 215149
31406 : 215150 215151
31407 : 215152 215153
31408 : 215154 215155
31409 : 215156 215157
31410 : 215158 215159
31411 : 215160 215161
31412 : 215162 215163
31413 : 215164 215165
31414 : 215166 215167
31415 : 215168 215169
31416 : 215170 215171
31417 : 215172 215173
31418 : 215174 215175
31419 : 215176 215177
31420 : 215178 215179
31421 : 215180 215181
31422 : 215182 215183
31423 : 215184 215185
31424 : 215186 215187
31425 : 215188 215189
31426 : 215190 215191
31427 : 215192 215193
31428 : 215194 215195
31429 : 215196 215197
31430 : 215198 215199
31431 : 215200 215201
31432 : 215202 215203
31433 : 215204 215205
31434 : 215206 215207
31435 : 215208 215209
31436 : 215210 215211
31437 : 215212 215213
31438 : 215214 215215
31439 : 215216 215217
31440 : 215218 215219
31441 : 215220 215221
31442 : 215222 215223
31443 : 215224 215225
