10594 : 76713 76714
10595 : 76715 76716
10596 : 76717 76718
10597 : 76719 76720
10598 : 76721 76722
10599 : 76723 76724
10600 : 76725 76726
10601 : 76727 76728
10602 : 76729 76730
10603 : 76731 76732
10604 : 76733 76734
10605 : 76735 76736
10606 : 76737 76738
10607 : 76739 76740
10608 : 76741 76742
10609 : 76743 76744
10610 : 76745 76746
10611 : 76747 76748
10612 : 76749 76750
10613 : 76751 76752
10614 : 76753 76754
10615 : 76755 76756
10616 : 76757 76758
10617 : 76759 76760
10618 : 76761 76762
10619 : 76763 76764
10620 : 76765 76766
10621 : 76767 76768
10622 : 76769 76770
10623 : 76771 76772
10624 : 76773 76774
10625 : 76775 76776
