88732 : 527519 527520
88733 : 527521 527522
88734 : 527523 527524
88735 : 527525 527526
88736 : 527527 527528
88737 : 527529 527530
88738 : 527531 527532
88739 : 527533 527534
88740 : 527535 527536
88741 : 527537 527538
88742 : 527539 527540
88743 : 527541 527542
88744 : 527543 527544
88745 : 527545 527546
88746 : 527547 527548
88747 : 527549 527550
88748 : 527551 527552
88749 : 527553 527554
88750 : 527555 527556
88751 : 527557 527558
88752 : 527559 527560
88753 : 527561 527562
88754 : 527563 527564
88755 : 527565 527566
88756 : 527567 527568
88757 : 527569 527570
88758 : 527571 527572
88759 : 527573 527574
88760 : 527575 527576
88761 : 527577 527578
88762 : 527579 527580
88763 : 527581 527582
88764 : 527583 527584
88765 : 527585 527586
88766 : 527587 527588
88767 : 527589 527590
88768 : 527591 527592
88769 : 527593 527594
