47156 : 383437 383438
47157 : 383439 383440
47158 : 383441 383442
47159 : 383443 383444
47160 : 383445 383446
47161 : 383447 383448
47162 : 383449 383450
47163 : 383451 383452
47164 : 383453 383454
47165 : 383455 383456
47166 : 383457 383458
47167 : 383459 383460
47168 : 383461 383462
47169 : 383463 383464
47170 : 383465 383466
47171 : 383467 383468
47172 : 383469 383470
47173 : 383471 383472
47174 : 383473 383474
47175 : 383475 383476
47176 : 383477 383478
47177 : 383479 383480
47178 : 383481 383482
47179 : 383483 383484
47180 : 383485 383486
47181 : 383487 383488
47182 : 383489 383490
47183 : 383491 383492
47184 : 383493 383494
47185 : 383495 383496
47186 : 383497 383498
