70452 : 433684 433685
70453 : 433686 433687
70454 : 433688 433689
70455 : 433690 433691
70456 : 433692 433693
70457 : 433694 433695
70458 : 433696 433697
70459 : 433698 433699
70460 : 433700 433701
70461 : 433702 433703
70462 : 433704 433705
70463 : 433706 433707
70464 : 433708 433709
70465 : 433710 433711
70466 : 433712 433713
70467 : 433714 433715
70468 : 433716 433717
70469 : 433718 433719
70470 : 433720 433721
70471 : 433722 433723
70472 : 433724 433725
70473 : 433726 433727
70474 : 433728 433729
70475 : 433730 433731
70476 : 433732 433733
70477 : 433734 433735
70478 : 433736 433737
70479 : 433738 433739
70480 : 433740 433741
70481 : 433742 433743
70482 : 433744 433745
70483 : 433746 433747
70484 : 433748 433749
70485 : 433750 433751
70486 : 433752 433753
