48203 : 394635 394636
48204 : 394637 394638
48205 : 394639 394640
48206 : 394641 394642
48207 : 394643 394644
48208 : 394645 394646
48209 : 394647 394648
48210 : 394649 394650
48211 : 394651 394652
48212 : 394653 394654
48213 : 394655 394656
48214 : 394657 394658
48215 : 394659 394660
48216 : 394661 394662
48217 : 394663 394664
48218 : 394665 394666
48219 : 394667 394668
48220 : 394669 394670
48221 : 394671 394672
48222 : 394673 394674
48223 : 394675 394676
48224 : 394677 394678
48225 : 394679 394680
48226 : 394681 394682
48227 : 394683 394684
48228 : 394685 394686
48229 : 394687 394688
48230 : 394689 394690
48231 : 394691 394692
