33640 : 225261 225262
33641 : 225263 225264
33642 : 225265 225266
33643 : 225267 225268
33644 : 225269 225270
33645 : 225271 225272
33646 : 225273 225274
33647 : 225275 225276
33648 : 225277 225278
33649 : 225279 225280
33650 : 225281 225282
33651 : 225283 225284
33652 : 225285 225286
33653 : 225287 225288
33654 : 225289 225290
33655 : 225291 225292
33656 : 225293 225294
33657 : 225295 225296
33658 : 225297 225298
33659 : 225299 225300
33660 : 225301 225302
33661 : 225303 225304
33662 : 225305 225306
33663 : 225307 225308
33664 : 225309 225310
33665 : 225311 225312
33666 : 225313 225314
33667 : 225315 225316
33668 : 225317 225318
33669 : 225319 225320
33670 : 225321 225322
33671 : 225323 225324
33672 : 225325 225326
33673 : 225327 225328
33674 : 225329 225330
33675 : 225331 225332
33676 : 225333 225334
33677 : 225335 225336
33678 : 225337 225338
33679 : 225339 225340
33680 : 225341 225342
33681 : 225343 225344
33682 : 225345 225346
33683 : 225347 225348
33684 : 225349 225350
33685 : 225351 225352
33686 : 225353 225354
33687 : 225355 225356
33688 : 225357 225358
33689 : 225359 225360
33690 : 225361 225362
33691 : 225363 225364
33692 : 225365 225366
33693 : 225367 225368
33694 : 225369 225370
33695 : 225371 225372
33696 : 225373 225374
33697 : 225375 225376
33698 : 225377 225378
33699 : 225379 225380
33700 : 225381 225382
