12369 : 169254 169255
12370 : 169256 169257
12371 : 169258 169259
12372 : 169260 169261
12373 : 169262 169263
12374 : 169264 169265
12375 : 169266 169267
12376 : 169268 169269
12377 : 169270 169271
12378 : 169272 169273
12379 : 169274 169275
12380 : 169276 169277
12381 : 169278 169279
12382 : 169280 169281
12383 : 169282 169283
12384 : 169284 169285
12385 : 169286 169287
12386 : 169288 169289
12387 : 169290 169291
12388 : 169292 169293
12389 : 169294 169295
12390 : 169296 169297
12391 : 169298 169299
12392 : 169300 169301
