53628 : 329589 329590
53629 : 329591 329592
53630 : 329593 329594
53631 : 329595 329596
53632 : 329597 329598
53633 : 329599 329600
53634 : 329601 329602
53635 : 329603 329604
53636 : 329605 329606
53637 : 329607 329608
53638 : 329609 329610
53639 : 329611 329612
53640 : 329613 329614
53641 : 329615 329616
53642 : 329617 329618
53643 : 329619 329620
53644 : 329621 329622
53645 : 329623 329624
53646 : 329625 329626
53647 : 329627 329628
53648 : 329629 329630
53649 : 329631 329632
53650 : 329633 329634
53651 : 329635 329636
53652 : 329637 329638
53653 : 329639 329640
53654 : 329641 329642
53655 : 329643 329644
53656 : 329645 329646
53657 : 329647 329648
53658 : 329649 329650
53659 : 329651 329652
53660 : 329653 329654
53661 : 329655 329656
53662 : 329657 329658
53663 : 329659 329660
53664 : 329661 329662
