9875 : 70735 70736
9876 : 70737 70738
9877 : 70739 70740
9878 : 70741 70742
9879 : 70743 70744
9880 : 70745 70746
9881 : 70747 70748
9882 : 70749 70750
9883 : 70751 70752
9884 : 70753 70754
9885 : 70755 70756
9886 : 70757 70758
9887 : 70759 70760
9888 : 70761 70762
9889 : 70763 70764
9890 : 70765 70766
9891 : 70767 70768
9892 : 70769 70770
9893 : 70771 70772
9894 : 70773 70774
9895 : 70775 70776
9896 : 70777 70778
9897 : 70779 70780
9898 : 70781 70782
9899 : 70783 70784
9900 : 70785 70786
9901 : 70787 70788
9902 : 70789 70790
9903 : 70791 70792
9904 : 70793 70794
9905 : 70795 70796
9906 : 70797 70798
9907 : 70799 70800
9908 : 70801 70802
9909 : 70803 70804
9910 : 70805 70806
