2293 : 22349 22350
2294 : 22351 22352
2295 : 22353 22354
2296 : 22355 22356
2297 : 22357 22358
2298 : 22359 22360
2299 : 22361 22362
2300 : 22363 22364
2301 : 22365 22366
2302 : 22367 22368
2303 : 22369 22370
2304 : 22371 22372
2305 : 22373 22374
2306 : 22375 22376
2307 : 22377 22378
2308 : 22379 22380
2309 : 22381 22382
2310 : 22383 22384
2311 : 22385 22386
2312 : 22387 22388
2313 : 22389 22390
2314 : 22391 22392
2315 : 22393 22394
2316 : 22395 22396
2317 : 22397 22398
2318 : 22399 22400
2319 : 22401 22402
2320 : 22403 22404
2321 : 22405 22406
2322 : 22407 22408
2323 : 22409 22410
2324 : 22411 22412
2325 : 22413 22414
2326 : 22415 22416
