11350 : 92598 92599
11351 : 92600 92601
11352 : 92602 92603
11353 : 92604 92605
11354 : 92606 92607
11355 : 92608 92609
11356 : 92610 92611
11357 : 92612 92613
11358 : 92614 92615
11359 : 92616 92617
11360 : 92618 92619
11361 : 92620 92621
11362 : 92622 92623
11363 : 92624 92625
11364 : 92626 92627
11365 : 92628 92629
11366 : 92630 92631
11367 : 92632 92633
11368 : 92634 92635
11369 : 92636 92637
11370 : 92638 92639
11371 : 92640 92641
11372 : 92642 92643
11373 : 92644 92645
11374 : 92646 92647
11375 : 92648 92649
11376 : 92650 92651
11377 : 92652 92653
11378 : 92654 92655
11379 : 92656 92657
11380 : 92658 92659
11381 : 92660 92661
11382 : 92662 92663
11383 : 92664 92665
11384 : 92666 92667
11385 : 92668 92669
11386 : 92670 92671
11387 : 92672 92673
11388 : 92674 92675
11389 : 92676 92677
11390 : 92678 92679
