65697 : 400993 400994
65698 : 400995 400996
65699 : 400997 400998
65700 : 400999 401000
65701 : 401001 401002
65702 : 401003 401004
65703 : 401005 401006
65704 : 401007 401008
65705 : 401009 401010
65706 : 401011 401012
65707 : 401013 401014
65708 : 401015 401016
65709 : 401017 401018
65710 : 401019 401020
65711 : 401021 401022
65712 : 401023 401024
65713 : 401025 401026
65714 : 401027 401028
65715 : 401029 401030
65716 : 401031 401032
65717 : 401033 401034
65718 : 401035 401036
65719 : 401037 401038
65720 : 401039 401040
65721 : 401041 401042
65722 : 401043 401044
65723 : 401045 401046
65724 : 401047 401048
65725 : 401049 401050
65726 : 401051 401052
65727 : 401053 401054
65728 : 401055 401056
65729 : 401057 401058
65730 : 401059 401060
65731 : 401061 401062
65732 : 401063 401064
65733 : 401065 401066
65734 : 401067 401068
