20052 : 177882 177883
20053 : 177884 177885
20054 : 177886 177887
20055 : 177888 177889
20056 : 177890 177891
20057 : 177892 177893
20058 : 177894 177895
20059 : 177896 177897
20060 : 177898 177899
20061 : 177900 177901
20062 : 177902 177903
20063 : 177904 177905
20064 : 177906 177907
20065 : 177908 177909
20066 : 177910 177911
20067 : 177912 177913
20068 : 177914 177915
20069 : 177916 177917
20070 : 177918 177919
20071 : 177920 177921
20072 : 177922 177923
20073 : 177924 177925
20074 : 177926 177927
20075 : 177928 177929
20076 : 177930 177931
20077 : 177932 177933
20078 : 177934 177935
20079 : 177936 177937
20080 : 177938 177939
20081 : 177940 177941
20082 : 177942 177943
20083 : 177944 177945
20084 : 177946 177947
20085 : 177948 177949
20086 : 177950 177951
20087 : 177952 177953
20088 : 177954 177955
20089 : 177956 177957
20090 : 177958 177959
20091 : 177960 177961
20092 : 177962 177963
