13777 : 93444 93445
13878 : 93446 93447
13879 : 93448 93449
13880 : 93450 93451
13881 : 93452 93453
13882 : 93454 93455
13883 : 93456 93457
13884 : 93458 93459
13885 : 93460 93461
13886 : 93462 93463
13887 : 93464 93465
13888 : 93466 93467
13889 : 93468 93469
13890 : 93470 93471
13891 : 93472 93473
13892 : 93474 93475
13893 : 93476 93477
13894 : 93478 93479
13895 : 93480 93481
13896 : 93482 93483
13897 : 93484 93485
13898 : 93486 93487
13899 : 93488 93489
13900 : 93490 93491
13901 : 93492 93493
13902 : 93494 93495
13903 : 93496 93497
13904 : 93498 93499
13905 : 93500 93501
