2975 : 23589 23590
3120 : 23591 23592
3121 : 23593 23594
3122 : 23595 23596
3123 : 23597 23598
3124 : 23599 23600
3125 : 23601 23602
3126 : 23603 23604
3127 : 23605 23606
3128 : 23607 23608
3129 : 23609 23610
3130 : 23611 23612
3131 : 23613 23614
3132 : 23615 23616
3133 : 23617 23618
3134 : 23619 23620
3135 : 23621 23622
3136 : 23623 23624
3137 : 23625 23626
3138 : 23627 23628
3139 : 23629 23630
3140 : 23631 23632
3141 : 23633 23634
3142 : 23635 23636
3143 : 23637 23638
3144 : 23639 23640
3145 : 23641 23642
3146 : 23643 23644
3147 : 23645 23646
3148 : 23647 23648
3149 : 23649 23650
3150 : 23651 23652
3151 : 23653 23654
3152 : 23655 23656
3153 : 23657 23658
3154 : 23659 23660
3155 : 23661 23662
3156 : 23663 23664
3157 : 23665 23666
3158 : 23667 23668
3159 : 23669 23670
3160 : 23671 23672
3161 : 23673 23674
3162 : 23675 23676
3163 : 23677 23678
3164 : 23679 23680
3165 : 23681 23682
3166 : 23683 23684
3167 : 23685 23686
3168 : 23687 23688
3169 : 23689 23690
3170 : 23691 23692
3171 : 23693 23694
3172 : 23695 23696
3173 : 23697 23698
3174 : 23699 23700
3175 : 23701 23702
3176 : 23703 23704
3177 : 23705 23706
3178 : 23707 23708
