11429 : 93357 93358
11430 : 93359 93360
11431 : 93361 93362
11432 : 93363 93364
11433 : 93365 93366
11434 : 93367 93368
11435 : 93369 93370
11436 : 93371 93372
11437 : 93373 93374
11438 : 93375 93376
11439 : 93377 93378
11440 : 93379 93380
11441 : 93381 93382
11442 : 93383 93384
11443 : 93385 93386
11444 : 93387 93388
11445 : 93389 93390
11446 : 93391 93392
11447 : 93393 93394
11448 : 93395 93396
11449 : 93397 93398
11450 : 93399 93400
11451 : 93401 93402
11452 : 93403 93404
11453 : 93405 93406
11454 : 93407 93408
11455 : 93409 93410
11456 : 93411 93412
11457 : 93413 93414
11458 : 93415 93416
11459 : 93417 93418
11460 : 93419 93420
11461 : 93421 93422
11462 : 93423 93424
11463 : 93425 93426
11464 : 93427 93428
11465 : 93429 93430
11466 : 93431 93432
11467 : 93433 93434
11468 : 93435 93436
11469 : 93437 93438
11470 : 93439 93440
11471 : 93441 93442
11472 : 93443 93444
11473 : 93445 93446
11474 : 93447 93448
11475 : 93449 93450
11476 : 93451 93452
11477 : 93453 93454
11478 : 93455 93456
11479 : 93457 93458
11480 : 93459 93460
11481 : 93461 93462
11482 : 93463 93464
11483 : 93465 93466
11484 : 93467 93468
