61235 : 374586 374587
61236 : 374588 374589
61237 : 374590 374591
61238 : 374592 374593
61239 : 374594 374595
61240 : 374596 374597
61241 : 374598 374599
61242 : 374600 374601
61243 : 374602 374603
61244 : 374604 374605
61245 : 374606 374607
61246 : 374608 374609
61247 : 374610 374611
61248 : 374612 374613
61249 : 374614 374615
61250 : 374616 374617
61251 : 374618 374619
61252 : 374620 374621
61253 : 374622 374623
61254 : 374624 374625
61255 : 374626 374627
61256 : 374628 374629
61257 : 374630 374631
61258 : 374632 374633
61259 : 374634 374635
61260 : 374636 374637
61261 : 374638 374639
61262 : 374640 374641
61263 : 374642 374643
61264 : 374644 374645
61265 : 374646 374647
61266 : 374648 374649
61267 : 374650 374651
61268 : 374652 374653
61269 : 374654 374655
61270 : 374656 374657
61271 : 374658 374659
61272 : 374660 374661
61273 : 374662 374663
61274 : 374664 374665
61275 : 374666 374667
61276 : 374668 374669
61277 : 374670 374671
61278 : 374672 374673
