46099 : 377110 377111
46100 : 377112 377113
46101 : 377114 377115
46102 : 377116 377117
46103 : 377118 377119
46104 : 377120 377121
46105 : 377122 377123
46106 : 377124 377125
46107 : 377126 377127
46108 : 377128 377129
46109 : 377130 377131
46110 : 377132 377133
46111 : 377134 377135
46112 : 377136 377137
46113 : 377138 377139
46114 : 377140 377141
46115 : 377142 377143
46116 : 377144 377145
46117 : 377146 377147
46118 : 377148 377149
46119 : 377150 377151
46120 : 377152 377153
46121 : 377154 377155
46122 : 377156 377157
46123 : 377158 377159
46124 : 377160 377161
