50484 : 414040 414041
50485 : 414042 414043
50486 : 414044 414045
50487 : 414046 414047
50488 : 414048 414049
50489 : 414050 414051
50490 : 414052 414053
50491 : 414054 414055
50492 : 414056 414057
50493 : 414058 414059
50494 : 414060 414061
50495 : 414062 414063
50496 : 414064 414065
50497 : 414066 414067
50498 : 414068 414069
50499 : 414070 414071
50500 : 414072 414073
50501 : 414074 414075
50502 : 414076 414077
50503 : 414078 414079
50504 : 414080 414081
50505 : 414082 414083
50506 : 414084 414085
50507 : 414086 414087
50508 : 414088 414089
50509 : 414090 414091
50510 : 414092 414093
50511 : 414094 414095
50512 : 414096 414097
