61795 : 378347 378348
61796 : 378349 378350
61797 : 378351 378352
61798 : 378353 378354
61799 : 378355 378356
61800 : 378357 378358
61801 : 378359 378360
61802 : 378361 378362
61803 : 378363 378364
61804 : 378365 378366
61805 : 378367 378368
61806 : 378369 378370
61807 : 378371 378372
61808 : 378373 378374
61809 : 378375 378376
61810 : 378377 378378
61811 : 378379 378380
61812 : 378381 378382
61813 : 378383 378384
61814 : 378385 378386
61815 : 378387 378388
61816 : 378389 378390
61817 : 378391 378392
61818 : 378393 378394
61819 : 378395 378396
61820 : 378397 378398
61821 : 378399 378400
61822 : 378401 378402
61823 : 378403 378404
61824 : 378405 378406
61825 : 378407 378408
61826 : 378409 378410
61827 : 378411 378412
61828 : 378413 378414
61829 : 378415 378416
61830 : 378417 378418
61831 : 378419 378420
61832 : 378421 378422
61833 : 378423 378424
61834 : 378425 378426
61835 : 378427 378428
61836 : 378429 378430
61837 : 378431 378432
61838 : 378433 378434
61839 : 378435 378436
61840 : 378437 378438
61841 : 378439 378440
61842 : 378441 378442
61843 : 378443 378444
61844 : 378445 378446
61845 : 378447 378448
61846 : 378449 378450
61847 : 378451 378452
