35823 : 224530 224531
36092 : 224532 224533
36229 : 224534 224535
36466 : 224536 224537
36467 : 224538 224539
36468 : 224540 224541
36469 : 224542 224543
36470 : 224544 224545
36471 : 224546 224547
36472 : 224548 224549
36473 : 224550 224551
36474 : 224552 224553
36475 : 224554 224555
36476 : 224556 224557
36477 : 224558 224559
36478 : 224560 224561
36479 : 224562 224563
36480 : 224564 224565
36481 : 224566 224567
36482 : 224568 224569
36483 : 224570 224571
36484 : 224572 224573
36485 : 224574 224575
36486 : 224576 224577
36487 : 224578 224579
36488 : 224580 224581
36489 : 224582 224583
36490 : 224584 224585
36491 : 224586 224587
36492 : 224588 224589
36493 : 224590 224591
36494 : 224592 224593
36495 : 224594 224595
36496 : 224596 224597
36497 : 224598 224599
36498 : 224600 224601
36499 : 224602 224603
36500 : 224604 224605
36501 : 224606 224607
36502 : 224608 224609
36503 : 224610 224611
36504 : 224612 224613
36505 : 224614 224615
36506 : 224616 224617
36507 : 224618 224619
36508 : 224620 224621
36509 : 224622 224623
36510 : 224624 224625
36511 : 224626 224627
36512 : 224628 224629
36513 : 224630 224631
36514 : 224632 224633
36515 : 224634 224635
36516 : 224636 224637
36517 : 224638 224639
36518 : 224640 224641
36519 : 224642 224643
36520 : 224644 224645
36521 : 224646 224647
36522 : 224648 224649
36523 : 224650 224651
36524 : 224652 224653
36525 : 224654 224655
36526 : 224656 224657
36527 : 224658 224659
36528 : 224660 224661
36529 : 224662 224663
36530 : 224664 224665
36531 : 224666 224667
36532 : 224668 224669
36533 : 224670 224671
36534 : 224672 224673
36535 : 224674 224675
36536 : 224676 224677
36537 : 224678 224679
36538 : 224680 224681
36539 : 224682 224683
36540 : 224684 224685
36541 : 224686 224687
36542 : 224688 224689
36543 : 224690 224691
36544 : 224692 224693
36545 : 224694 224695
36546 : 224696 224697
36547 : 224698 224699
36548 : 224700 224701
36549 : 224702 224703
