12330 : 114543 114544
12331 : 114545 114546
12332 : 114547 114548
12333 : 114549 114550
12334 : 114551 114552
12335 : 114553 114554
12336 : 114555 114556
12337 : 114557 114558
12338 : 114559 114560
12339 : 114561 114562
12340 : 114563 114564
12341 : 114565 114566
12342 : 114567 114568
12343 : 114569 114570
12344 : 114571 114572
12345 : 114573 114574
12346 : 114575 114576
12347 : 114577 114578
12348 : 114579 114580
12349 : 114581 114582
12350 : 114583 114584
12351 : 114585 114586
12352 : 114587 114588
12353 : 114589 114590
12354 : 114591 114592
12355 : 114593 114594
12356 : 114595 114596
12357 : 114597 114598
12358 : 114599 114600
12359 : 114601 114602
12360 : 114603 114604
12361 : 114605 114606
12362 : 114607 114608
12363 : 114609 114610
12364 : 114611 114612
12365 : 114613 114614
12366 : 114615 114616
12367 : 114617 114618
12368 : 114619 114620
12369 : 114621 114622
12370 : 114623 114624
