43326 : 275015 275016
43327 : 275017 275018
43328 : 275019 275020
43329 : 275021 275022
43330 : 275023 275024
43331 : 275025 275026
43332 : 275027 275028
43333 : 275029 275030
43334 : 275031 275032
43335 : 275033 275034
43336 : 275035 275036
43337 : 275037 275038
43338 : 275039 275040
43339 : 275041 275042
43340 : 275043 275044
43341 : 275045 275046
43342 : 275047 275048
43343 : 275049 275050
43344 : 275051 275052
43345 : 275053 275054
43346 : 275055 275056
43347 : 275057 275058
43348 : 275059 275060
43349 : 275061 275062
43350 : 275063 275064
43351 : 275065 275066
43352 : 275067 275068
43353 : 275069 275070
43354 : 275071 275072
43355 : 275073 275074
43356 : 275075 275076
43357 : 275077 275078
43358 : 275079 275080
43359 : 275081 275082
43360 : 275083 275084
43361 : 275085 275086
43362 : 275087 275088
43363 : 275089 275090
43364 : 275091 275092
43365 : 275093 275094
43366 : 275095 275096
43367 : 275097 275098
43368 : 275099 275100
43369 : 275101 275102
43370 : 275103 275104
43371 : 275105 275106
43372 : 275107 275108
43373 : 275109 275110
43374 : 275111 275112
43375 : 275113 275114
43376 : 275115 275116
43377 : 275117 275118
43378 : 275119 275120
43379 : 275121 275122
43380 : 275123 275124
43381 : 275125 275126
43382 : 275127 275128
