1790 : 11700 11701
1791 : 11702 11703
1792 : 11704 11705
1793 : 11706 11707
1794 : 11708 11709
1795 : 11710 11711
1796 : 11712 11713
1797 : 11714 11715
1798 : 11716 11717
1799 : 11718 11719
1800 : 11720 11721
1801 : 11722 11723
1802 : 11724 11725
1803 : 11726 11727
1804 : 11728 11729
1805 : 11730 11731
1806 : 11732 11733
1807 : 11734 11735
1808 : 11736 11737
1809 : 11738 11739
1810 : 11740 11741
1811 : 11742 11743
1812 : 11744 11745
1813 : 11746 11747
1814 : 11748 11749
1815 : 11750 11751
1816 : 11752 11753
1817 : 11754 11755
1818 : 11756 11757
1819 : 11758 11759
1820 : 11760 11761
1821 : 11762 11763
1822 : 11764 11765
