13934 : 128964 128965
13935 : 128966 128967
13936 : 128968 128969
13937 : 128970 128971
13938 : 128972 128973
13939 : 128974 128975
13940 : 128976 128977
13941 : 128978 128979
13942 : 128980 128981
13943 : 128982 128983
13944 : 128984 128985
13945 : 128986 128987
13946 : 128988 128989
13947 : 128990 128991
13948 : 128992 128993
13949 : 128994 128995
13950 : 128996 128997
13951 : 128998 128999
13952 : 129000 129001
13953 : 129002 129003
13954 : 129004 129005
13955 : 129006 129007
13956 : 129008 129009
13957 : 129010 129011
13958 : 129012 129013
13959 : 129014 129015
13960 : 129016 129017
13961 : 129018 129019
