6397 : 45606 45607
6398 : 45608 45609
6399 : 45610 45611
6400 : 45612 45613
6401 : 45614 45615
6402 : 45616 45617
6403 : 45618 45619
6404 : 45620 45621
6405 : 45622 45623
6406 : 45624 45625
6407 : 45626 45627
6408 : 45628 45629
6409 : 45630 45631
6410 : 45632 45633
6411 : 45634 45635
6412 : 45636 45637
6413 : 45638 45639
6414 : 45640 45641
6415 : 45642 45643
6416 : 45644 45645
6417 : 45646 45647
6418 : 45648 45649
6419 : 45650 45651
6420 : 45652 45653
6421 : 45654 45655
6422 : 45656 45657
6423 : 45658 45659
6424 : 45660 45661
6425 : 45662 45663
6426 : 45664 45665
6427 : 45666 45667
6428 : 45668 45669
6429 : 45670 45671
6430 : 45672 45673
6431 : 45674 45675
6432 : 45676 45677
6433 : 45678 45679
6434 : 45680 45681
6435 : 45682 45683
6436 : 45684 45685
