54114 : 441271 441272
54115 : 441273 441274
54116 : 441275 441276
54117 : 441277 441278
54118 : 441279 441280
54119 : 441281 441282
54120 : 441283 441284
54121 : 441285 441286
54122 : 441287 441288
54123 : 441289 441290
54124 : 441291 441292
54125 : 441293 441294
54126 : 441295 441296
54127 : 441297 441298
54128 : 441299 441300
54129 : 441301 441302
54130 : 441303 441304
54131 : 441305 441306
54132 : 441307 441308
54133 : 441309 441310
54134 : 441311 441312
54135 : 441313 441314
54136 : 441315 441316
54137 : 441317 441318
54138 : 441319 441320
54139 : 441321 441322
54140 : 441323 441324
54141 : 441325 441326
