46229 : 288197 288198
46230 : 288199 288200
46231 : 288201 288202
46232 : 288203 288204
46233 : 288205 288206
46234 : 288207 288208
46235 : 288209 288210
46236 : 288211 288212
46237 : 288213 288214
46238 : 288215 288216
46239 : 288217 288218
46240 : 288219 288220
46241 : 288221 288222
46242 : 288223 288224
46243 : 288225 288226
46244 : 288227 288228
46245 : 288229 288230
46246 : 288231 288232
46247 : 288233 288234
46248 : 288235 288236
46249 : 288237 288238
46250 : 288239 288240
46251 : 288241 288242
46252 : 288243 288244
46253 : 288245 288246
46254 : 288247 288248
46255 : 288249 288250
46256 : 288251 288252
46257 : 288253 288254
46258 : 288255 288256
46259 : 288257 288258
46260 : 288259 288260
46261 : 288261 288262
46262 : 288263 288264
46263 : 288265 288266
46264 : 288267 288268
46265 : 288269 288270
46266 : 288271 288272
46267 : 288273 288274
46268 : 288275 288276
46269 : 288277 288278
46270 : 288279 288280
46271 : 288281 288282
46272 : 288283 288284
46273 : 288285 288286
46274 : 288287 288288
46275 : 288289 288290
46276 : 288291 288292
46277 : 288293 288294
46278 : 288295 288296
46279 : 288297 288298
46280 : 288299 288300
46281 : 288301 288302
46282 : 288303 288304
46283 : 288305 288306
46284 : 288307 288308
46285 : 288309 288310
46286 : 288311 288312
46287 : 288313 288314
46288 : 288315 288316
46289 : 288317 288318
46290 : 288319 288320
46291 : 288321 288322
46292 : 288323 288324
46293 : 288325 288326
46294 : 288327 288328
46295 : 288329 288330
