2232 : 31382 31383
2233 : 31384 31385
2234 : 31386 31387
2235 : 31388 31389
2236 : 31390 31391
2237 : 31392 31393
2238 : 31394 31395
2239 : 31396 31397
2240 : 31398 31399
2241 : 31400 31401
2242 : 31402 31403
2243 : 31404 31405
2244 : 31406 31407
2245 : 31408 31409
2246 : 31410 31411
2247 : 31412 31413
2248 : 31414 31415
2249 : 31416 31417
2250 : 31418 31419
2251 : 31420 31421
2252 : 31422 31423
2253 : 31424 31425
2254 : 31426 31427
2255 : 31428 31429
2256 : 31430 31431
2257 : 31432 31433
2258 : 31434 31435
2259 : 31436 31437
2260 : 31438 31439
2261 : 31440 31441
2262 : 31442 31443
2263 : 31444 31445
2264 : 31446 31447
2265 : 31448 31449
