74525 : 414634 414635
74526 : 414636 414637
74527 : 414638 414639
74528 : 414640 414641
74529 : 414642 414643
74530 : 414644 414645
74531 : 414646 414647
74532 : 414648 414649
74533 : 414650 414651
74534 : 414652 414653
74535 : 414654 414655
74536 : 414656 414657
74537 : 414658 414659
74538 : 414660 414661
74539 : 414662 414663
74540 : 414664 414665
74541 : 414666 414667
74542 : 414668 414669
74543 : 414670 414671
74544 : 414672 414673
74545 : 414674 414675
74546 : 414676 414677
74547 : 414678 414679
74548 : 414680 414681
74549 : 414682 414683
74550 : 414684 414685
74551 : 414686 414687
74552 : 414688 414689
74553 : 414690 414691
74554 : 414692 414693
74555 : 414694 414695
74556 : 414696 414697
74557 : 414698 414699
74558 : 414700 414701
74559 : 414702 414703
74560 : 414704 414705
74561 : 414706 414707
74562 : 414708 414709
74563 : 414710 414711
74564 : 414712 414713
74565 : 414714 414715
74566 : 414716 414717
74567 : 414718 414719
74568 : 414720 414721
74569 : 414722 414723
74570 : 414724 414725
74571 : 414726 414727
74572 : 414728 414729
74573 : 414730 414731
74574 : 414732 414733
74575 : 414734 414735
74576 : 414736 414737
74577 : 414738 414739
74578 : 414740 414741
74579 : 414742 414743
74580 : 414744 414745
74581 : 414746 414747
74582 : 414748 414749
74583 : 414750 414751
74584 : 414752 414753
74585 : 414754 414755
74586 : 414756 414757
74587 : 414758 414759
74588 : 414760 414761
74589 : 414762 414763
74590 : 414764 414765
74591 : 414766 414767
74592 : 414768 414769
74593 : 414770 414771
74594 : 414772 414773
74595 : 414774 414775
