32375 : 219657 219658
32376 : 219659 219660
32377 : 219661 219662
32378 : 219663 219664
32379 : 219665 219666
32380 : 219667 219668
32381 : 219669 219670
32382 : 219671 219672
32383 : 219673 219674
32384 : 219675 219676
32385 : 219677 219678
32386 : 219679 219680
32387 : 219681 219682
32388 : 219683 219684
32389 : 219685 219686
32390 : 219687 219688
32391 : 219689 219690
32392 : 219691 219692
32393 : 219693 219694
32394 : 219695 219696
32395 : 219697 219698
32396 : 219699 219700
32397 : 219701 219702
32398 : 219703 219704
32399 : 219705 219706
32400 : 219707 219708
32401 : 219709 219710
32402 : 219711 219712
32403 : 219713 219714
32404 : 219715 219716
32405 : 219717 219718
32406 : 219719 219720
32407 : 219721 219722
32408 : 219723 219724
32409 : 219725 219726
32410 : 219727 219728
32411 : 219729 219730
32412 : 219731 219732
32413 : 219733 219734
32414 : 219735 219736
32415 : 219737 219738
32416 : 219739 219740
32417 : 219741 219742
32418 : 219743 219744
32419 : 219745 219746
32420 : 219747 219748
