21311 : 155639 155640
21312 : 155641 155642
21313 : 155643 155644
21314 : 155645 155646
21315 : 155647 155648
21316 : 155649 155650
21317 : 155651 155652
21318 : 155653 155654
21319 : 155655 155656
21320 : 155657 155658
21321 : 155659 155660
21322 : 155661 155662
21323 : 155663 155664
21324 : 155665 155666
21325 : 155667 155668
21326 : 155669 155670
21327 : 155671 155672
21328 : 155673 155674
21329 : 155675 155676
21330 : 155677 155678
21331 : 155679 155680
21332 : 155681 155682
21333 : 155683 155684
21334 : 155685 155686
21335 : 155687 155688
21336 : 155689 155690
21337 : 155691 155692
21338 : 155693 155694
21339 : 155695 155696
21340 : 155697 155698
21341 : 155699 155700
