25780 : 186784 186785
25781 : 186786 186787
25782 : 186788 186789
25783 : 186790 186791
25784 : 186792 186793
25785 : 186794 186795
25786 : 186796 186797
25787 : 186798 186799
25788 : 186800 186801
25789 : 186802 186803
25790 : 186804 186805
25791 : 186806 186807
25792 : 186808 186809
25793 : 186810 186811
25794 : 186812 186813
25795 : 186814 186815
25796 : 186816 186817
25797 : 186818 186819
25798 : 186820 186821
25799 : 186822 186823
25800 : 186824 186825
25801 : 186826 186827
25802 : 186828 186829
25803 : 186830 186831
25804 : 186832 186833
25805 : 186834 186835
25806 : 186836 186837
25807 : 186838 186839
25808 : 186840 186841
25809 : 186842 186843
25810 : 186844 186845
25811 : 186846 186847
25812 : 186848 186849
25813 : 186850 186851
25814 : 186852 186853
25815 : 186854 186855
25816 : 186856 186857
25817 : 186858 186859
25818 : 186860 186861
25819 : 186862 186863
25820 : 186864 186865
25821 : 186866 186867
25822 : 186868 186869
25823 : 186870 186871
25824 : 186872 186873
25825 : 186874 186875
25826 : 186876 186877
25827 : 186878 186879
25828 : 186880 186881
25829 : 186882 186883
25830 : 186884 186885
