22169 : 162430 162431
22170 : 162432 162433
22171 : 162434 162435
22172 : 162436 162437
22173 : 162438 162439
22174 : 162440 162441
22175 : 162442 162443
22176 : 162444 162445
22177 : 162446 162447
22178 : 162448 162449
22179 : 162450 162451
22180 : 162452 162453
22181 : 162454 162455
22182 : 162456 162457
22183 : 162458 162459
22184 : 162460 162461
22185 : 162462 162463
22186 : 162464 162465
22187 : 162466 162467
22188 : 162468 162469
22189 : 162470 162471
22190 : 162472 162473
22191 : 162474 162475
22192 : 162476 162477
22193 : 162478 162479
22194 : 162480 162481
22195 : 162482 162483
22196 : 162484 162485
22197 : 162486 162487
22198 : 162488 162489
22199 : 162490 162491
22200 : 162492 162493
22201 : 162494 162495
22202 : 162496 162497
22203 : 162498 162499
22204 : 162500 162501
22205 : 162502 162503
22206 : 162504 162505
22207 : 162506 162507
22208 : 162508 162509
