3575 : 24952 24953
3576 : 24954 24955
3577 : 24956 24957
3578 : 24958 24959
3579 : 24960 24961
3580 : 24962 24963
3581 : 24964 24965
3582 : 24966 24967
3583 : 24968 24969
3584 : 24970 24971
3585 : 24972 24973
3586 : 24974 24975
3587 : 24976 24977
3588 : 24978 24979
3589 : 24980 24981
3590 : 24982 24983
3591 : 24984 24985
3592 : 24986 24987
3593 : 24988 24989
3594 : 24990 24991
3595 : 24992 24993
3596 : 24994 24995
3597 : 24996 24997
3598 : 24998 24999
3599 : 25000 25001
3600 : 25002 25003
3601 : 25004 25005
3602 : 25006 25007
3603 : 25008 25009
3604 : 25010 25011
3605 : 25012 25013
3606 : 25014 25015
3607 : 25016 25017
3608 : 25018 25019
3609 : 25020 25021
3610 : 25022 25023
