16573 : 119728 119729
16574 : 119730 119731
16575 : 119732 119733
16576 : 119734 119735
16577 : 119736 119737
16578 : 119738 119739
16579 : 119740 119741
16580 : 119742 119743
16581 : 119744 119745
16582 : 119746 119747
16583 : 119748 119749
16584 : 119750 119751
16585 : 119752 119753
16586 : 119754 119755
16587 : 119756 119757
16588 : 119758 119759
16589 : 119760 119761
16590 : 119762 119763
16591 : 119764 119765
16592 : 119766 119767
16593 : 119768 119769
16594 : 119770 119771
16595 : 119772 119773
16596 : 119774 119775
16597 : 119776 119777
16598 : 119778 119779
16599 : 119780 119781
16600 : 119782 119783
16601 : 119784 119785
