73125 : 452159 452160
73126 : 452161 452162
73127 : 452163 452164
73128 : 452165 452166
73129 : 452167 452168
73130 : 452169 452170
73131 : 452171 452172
73132 : 452173 452174
73133 : 452175 452176
73134 : 452177 452178
73135 : 452179 452180
73136 : 452181 452182
73137 : 452183 452184
73138 : 452185 452186
73139 : 452187 452188
73140 : 452189 452190
73141 : 452191 452192
73142 : 452193 452194
73143 : 452195 452196
73144 : 452197 452198
73145 : 452199 452200
73146 : 452201 452202
73147 : 452203 452204
73148 : 452205 452206
73149 : 452207 452208
73150 : 452209 452210
73151 : 452211 452212
73152 : 452213 452214
73153 : 452215 452216
73154 : 452217 452218
73155 : 452219 452220
73156 : 452221 452222
73157 : 452223 452224
73158 : 452225 452226
73159 : 452227 452228
73160 : 452229 452230
73161 : 452231 452232
73162 : 452233 452234
73163 : 452235 452236
73164 : 452237 452238
73165 : 452239 452240
73166 : 452241 452242
73167 : 452243 452244
73168 : 452245 452246
73169 : 452247 452248
