38803 : 249006 249007
38804 : 249008 249009
38805 : 249010 249011
38806 : 249012 249013
38807 : 249014 249015
38808 : 249016 249017
38809 : 249018 249019
38810 : 249020 249021
38811 : 249022 249023
38812 : 249024 249025
38813 : 249026 249027
38814 : 249028 249029
38815 : 249030 249031
38816 : 249032 249033
38817 : 249034 249035
38818 : 249036 249037
38819 : 249038 249039
38820 : 249040 249041
38821 : 249042 249043
38822 : 249044 249045
38823 : 249046 249047
38824 : 249048 249049
38825 : 249050 249051
38826 : 249052 249053
38827 : 249054 249055
38828 : 249056 249057
38829 : 249058 249059
38830 : 249060 249061
38831 : 249062 249063
38832 : 249064 249065
38833 : 249066 249067
38834 : 249068 249069
38835 : 249070 249071
38836 : 249072 249073
38837 : 249074 249075
38838 : 249076 249077
38839 : 249078 249079
38840 : 249080 249081
38841 : 249082 249083
38842 : 249084 249085
38843 : 249086 249087
38844 : 249088 249089
38845 : 249090 249091
38846 : 249092 249093
38847 : 249094 249095
38848 : 249096 249097
38849 : 249098 249099
38850 : 249100 249101
38851 : 249102 249103
38852 : 249104 249105
38853 : 249106 249107
38854 : 249108 249109
38855 : 249110 249111
38856 : 249112 249113
38857 : 249114 249115
