49060 : 284574 284575
49217 : 284576 284577
49218 : 284578 284579
49219 : 284580 284581
49220 : 284582 284583
49221 : 284584 284585
49222 : 284586 284587
49223 : 284588 284589
49224 : 284590 284591
49225 : 284592 284593
49226 : 284594 284595
49227 : 284596 284597
49228 : 284598 284599
49229 : 284600 284601
49230 : 284602 284603
49231 : 284604 284605
49232 : 284606 284607
49233 : 284608 284609
49234 : 284610 284611
49235 : 284612 284613
49236 : 284614 284615
49237 : 284616 284617
49238 : 284618 284619
49239 : 284620 284621
49240 : 284622 284623
49241 : 284624 284625
49242 : 284626 284627
49243 : 284628 284629
49244 : 284630 284631
49245 : 284632 284633
49246 : 284634 284635
49247 : 284636 284637
49248 : 284638 284639
49249 : 284640 284641
49250 : 284642 284643
49251 : 284644 284645
49252 : 284646 284647
49253 : 284648 284649
49254 : 284650 284651
49255 : 284652 284653
49256 : 284654 284655
49257 : 284656 284657
49258 : 284658 284659
49259 : 284660 284661
49260 : 284662 284663
49261 : 284664 284665
49262 : 284666 284667
49263 : 284668 284669
49264 : 284670 284671
49265 : 284672 284673
49266 : 284674 284675
49267 : 284676 284677
49268 : 284678 284679
49269 : 284680 284681
49270 : 284682 284683
49271 : 284684 284685
49272 : 284686 284687
49273 : 284688 284689
49274 : 284690 284691
49275 : 284692 284693
49276 : 284694 284695
49277 : 284696 284697
49278 : 284698 284699
49279 : 284700 284701
49280 : 284702 284703
49281 : 284704 284705
49282 : 284706 284707
49283 : 284708 284709
49284 : 284710 284711
49285 : 284712 284713
49286 : 284714 284715
49287 : 284716 284717
49288 : 284718 284719
49289 : 284720 284721
49290 : 284722 284723
49291 : 284724 284725
49292 : 284726 284727
49293 : 284728 284729
49294 : 284730 284731
49295 : 284732 284733
49296 : 284734 284735
49297 : 284736 284737
