51414 : 296909 296910
51755 : 296911 296912
51756 : 296913 296914
51757 : 296915 296916
51758 : 296917 296918
51759 : 296919 296920
51760 : 296921 296922
51761 : 296923 296924
51762 : 296925 296926
51763 : 296927 296928
51764 : 296929 296930
51765 : 296931 296932
51766 : 296933 296934
51767 : 296935 296936
51768 : 296937 296938
51769 : 296939 296940
51770 : 296941 296942
51771 : 296943 296944
51772 : 296945 296946
51773 : 296947 296948
51774 : 296949 296950
51775 : 296951 296952
51776 : 296953 296954
51777 : 296955 296956
51778 : 296957 296958
51779 : 296959 296960
51780 : 296961 296962
51781 : 296963 296964
51782 : 296965 296966
51783 : 296967 296968
51784 : 296969 296970
51785 : 296971 296972
51786 : 296973 296974
51787 : 296975 296976
51788 : 296977 296978
51789 : 296979 296980
51790 : 296981 296982
51791 : 296983 296984
51792 : 296985 296986
51793 : 296987 296988
51794 : 296989 296990
51795 : 296991 296992
51796 : 296993 296994
51797 : 296995 296996
51798 : 296997 296998
51799 : 296999 297000
51800 : 297001 297002
51801 : 297003 297004
51802 : 297005 297006
51803 : 297007 297008
51804 : 297009 297010
51805 : 297011 297012
51806 : 297013 297014
51807 : 297015 297016
51808 : 297017 297018
51809 : 297019 297020
51810 : 297021 297022
51811 : 297023 297024
51812 : 297025 297026
51813 : 297027 297028
51814 : 297029 297030
51815 : 297031 297032
51816 : 297033 297034
51817 : 297035 297036
51818 : 297037 297038
51819 : 297039 297040
51820 : 297041 297042
51821 : 297043 297044
51822 : 297045 297046
51823 : 297047 297048
51824 : 297049 297050
51825 : 297051 297052
51826 : 297053 297054
51827 : 297055 297056
51828 : 297057 297058
51829 : 297059 297060
51830 : 297061 297062
51831 : 297063 297064
51832 : 297065 297066
51833 : 297067 297068
51834 : 297069 297070
51835 : 297071 297072
51836 : 297073 297074
51837 : 297075 297076
51838 : 297077 297078
51839 : 297079 297080
51840 : 297081 297082
51841 : 297083 297084
51842 : 297085 297086
51843 : 297087 297088
51844 : 297089 297090
51845 : 297091 297092
51846 : 297093 297094
51847 : 297095 297096
51848 : 297097 297098
51849 : 297099 297100
51850 : 297101 297102
51851 : 297103 297104
51852 : 297105 297106
51853 : 297107 297108
51854 : 297109 297110
51855 : 297111 297112
51856 : 297113 297114
51857 : 297115 297116
51858 : 297117 297118
51859 : 297119 297120
51860 : 297121 297122
