102676 : 697993 697994
102677 : 697995 697996
102678 : 697997 697998
102679 : 697999 698000
102680 : 698001 698002
102681 : 698003 698004
102682 : 698005 698006
102683 : 698007 698008
102684 : 698009 698010
102685 : 698011 698012
102686 : 698013 698014
102687 : 698015 698016
102688 : 698017 698018
102689 : 698019 698020
102690 : 698021 698022
102691 : 698023 698024
102692 : 698025 698026
102693 : 698027 698028
102694 : 698029 698030
102695 : 698031 698032
102696 : 698033 698034
102697 : 698035 698036
