8396 : 119024 119025
8397 : 119026 119027
8398 : 119028 119029
8399 : 119030 119031
8400 : 119032 119033
8401 : 119034 119035
8402 : 119036 119037
8403 : 119038 119039
8404 : 119040 119041
8405 : 119042 119043
8406 : 119044 119045
8407 : 119046 119047
8408 : 119048 119049
8409 : 119050 119051
8410 : 119052 119053
8411 : 119054 119055
8412 : 119056 119057
8413 : 119058 119059
8414 : 119060 119061
8415 : 119062 119063
8416 : 119064 119065
8417 : 119066 119067
8418 : 119068 119069
8419 : 119070 119071
8420 : 119072 119073
8421 : 119074 119075
8422 : 119076 119077
8423 : 119078 119079
8424 : 119080 119081
8425 : 119082 119083
8426 : 119084 119085
8427 : 119086 119087
8428 : 119088 119089
8429 : 119090 119091
8430 : 119092 119093
8431 : 119094 119095
