36203 : 239201 239202
36691 : 239203 239204
36692 : 239205 239206
36693 : 239207 239208
36694 : 239209 239210
36695 : 239211 239212
36696 : 239213 239214
36697 : 239215 239216
36698 : 239217 239218
36699 : 239219 239220
36700 : 239221 239222
36701 : 239223 239224
36702 : 239225 239226
36703 : 239227 239228
36704 : 239229 239230
36705 : 239231 239232
36706 : 239233 239234
36707 : 239235 239236
36708 : 239237 239238
36709 : 239239 239240
36710 : 239241 239242
36711 : 239243 239244
36712 : 239245 239246
36713 : 239247 239248
36714 : 239249 239250
36715 : 239251 239252
36716 : 239253 239254
36717 : 239255 239256
36718 : 239257 239258
36719 : 239259 239260
36720 : 239261 239262
36721 : 239263 239264
36722 : 239265 239266
36723 : 239267 239268
36724 : 239269 239270
36725 : 239271 239272
36726 : 239273 239274
36727 : 239275 239276
36728 : 239277 239278
36729 : 239279 239280
36730 : 239281 239282
36731 : 239283 239284
36732 : 239285 239286
36733 : 239287 239288
36734 : 239289 239290
36735 : 239291 239292
36736 : 239293 239294
36737 : 239295 239296
36738 : 239297 239298
36739 : 239299 239300
36740 : 239301 239302
36741 : 239303 239304
36742 : 239305 239306
36743 : 239307 239308
36744 : 239309 239310
