15858 : 125134 125135
15859 : 125136 125137
15860 : 125138 125139
15861 : 125140 125141
15862 : 125142 125143
15863 : 125144 125145
15864 : 125146 125147
15865 : 125148 125149
15866 : 125150 125151
15867 : 125152 125153
15868 : 125154 125155
15869 : 125156 125157
15870 : 125158 125159
15871 : 125160 125161
15872 : 125162 125163
15873 : 125164 125165
15874 : 125166 125167
15875 : 125168 125169
15876 : 125170 125171
15877 : 125172 125173
15878 : 125174 125175
15879 : 125176 125177
15880 : 125178 125179
15881 : 125180 125181
15882 : 125182 125183
15883 : 125184 125185
15884 : 125186 125187
15885 : 125188 125189
15886 : 125190 125191
15887 : 125192 125193
15888 : 125194 125195
15889 : 125196 125197
15890 : 125198 125199
15891 : 125200 125201
15892 : 125202 125203
15893 : 125204 125205
15894 : 125206 125207
15895 : 125208 125209
15896 : 125210 125211
15897 : 125212 125213
15898 : 125214 125215
15899 : 125216 125217
15900 : 125218 125219
15901 : 125220 125221
15902 : 125222 125223
15903 : 125224 125225
15904 : 125226 125227
15905 : 125228 125229
15906 : 125230 125231
15907 : 125232 125233
15908 : 125234 125235
15909 : 125236 125237
15910 : 125238 125239
15911 : 125240 125241
15912 : 125242 125243
15913 : 125244 125245
15914 : 125246 125247
15915 : 125248 125249
15916 : 125250 125251
15917 : 125252 125253
15918 : 125254 125255
15919 : 125256 125257
15920 : 125258 125259
15921 : 125260 125261
15922 : 125262 125263
15923 : 125264 125265
15924 : 125266 125267
15925 : 125268 125269
15926 : 125270 125271
15927 : 125272 125273
15928 : 125274 125275
15929 : 125276 125277
