4271 : 41694 41695
4272 : 41696 41697
4273 : 41698 41699
4274 : 41700 41701
4275 : 41702 41703
4276 : 41704 41705
4277 : 41706 41707
4278 : 41708 41709
4279 : 41710 41711
4280 : 41712 41713
4281 : 41714 41715
4282 : 41716 41717
4283 : 41718 41719
4284 : 41720 41721
4285 : 41722 41723
4286 : 41724 41725
4287 : 41726 41727
4288 : 41728 41729
4289 : 41730 41731
4290 : 41732 41733
4291 : 41734 41735
4292 : 41736 41737
4293 : 41738 41739
4294 : 41740 41741
4295 : 41742 41743
4296 : 41744 41745
4297 : 41746 41747
