101623 : 683195 683196
101624 : 683197 683198
101625 : 683199 683200
101626 : 683201 683202
101627 : 683203 683204
101628 : 683205 683206
101629 : 683207 683208
101630 : 683209 683210
101631 : 683211 683212
101632 : 683213 683214
101633 : 683215 683216
101634 : 683217 683218
101635 : 683219 683220
101636 : 683221 683222
101637 : 683223 683224
101638 : 683225 683226
101639 : 683227 683228
101640 : 683229 683230
101641 : 683231 683232
101642 : 683233 683234
101643 : 683235 683236
101644 : 683237 683238
