23540 : 171767 171768
23541 : 171769 171770
23542 : 171771 171772
23543 : 171773 171774
23544 : 171775 171776
23545 : 171777 171778
23546 : 171779 171780
23547 : 171781 171782
23548 : 171783 171784
23549 : 171785 171786
23550 : 171787 171788
23551 : 171789 171790
23552 : 171791 171792
23553 : 171793 171794
23554 : 171795 171796
23555 : 171797 171798
23556 : 171799 171800
23557 : 171801 171802
23558 : 171803 171804
23559 : 171805 171806
23560 : 171807 171808
23561 : 171809 171810
23562 : 171811 171812
23563 : 171813 171814
23564 : 171815 171816
23565 : 171817 171818
23566 : 171819 171820
23567 : 171821 171822
23568 : 171823 171824
23569 : 171825 171826
23570 : 171827 171828
23571 : 171829 171830
23572 : 171831 171832
23573 : 171833 171834
23574 : 171835 171836
