56341 : 459689 459690
56342 : 459691 459692
56343 : 459693 459694
56344 : 459695 459696
56345 : 459697 459698
56346 : 459699 459700
56347 : 459701 459702
56348 : 459703 459704
56349 : 459705 459706
56350 : 459707 459708
56351 : 459709 459710
56352 : 459711 459712
56353 : 459713 459714
56354 : 459715 459716
56355 : 459717 459718
56356 : 459719 459720
56357 : 459721 459722
56358 : 459723 459724
56359 : 459725 459726
56360 : 459727 459728
56361 : 459729 459730
56362 : 459731 459732
56363 : 459733 459734
56364 : 459735 459736
56365 : 459737 459738
56366 : 459739 459740
56367 : 459741 459742
56368 : 459743 459744
56369 : 459745 459746
56370 : 459747 459748
56371 : 459749 459750
56372 : 459751 459752
56373 : 459753 459754
56374 : 459755 459756
56375 : 459757 459758
56376 : 459759 459760
56377 : 459761 459762
56378 : 459763 459764
56379 : 459765 459766
56380 : 459767 459768
56381 : 459769 459770
56382 : 459771 459772
56383 : 459773 459774
56384 : 459775 459776
56385 : 459777 459778
