26089 : 223531 223532
26090 : 223533 223534
26091 : 223535 223536
26092 : 223537 223538
26093 : 223539 223540
26094 : 223541 223542
26095 : 223543 223544
26096 : 223545 223546
26097 : 223547 223548
26098 : 223549 223550
26099 : 223551 223552
26100 : 223553 223554
26101 : 223555 223556
26102 : 223557 223558
26103 : 223559 223560
26104 : 223561 223562
26105 : 223563 223564
26106 : 223565 223566
26107 : 223567 223568
26108 : 223569 223570
26109 : 223571 223572
26110 : 223573 223574
26111 : 223575 223576
26112 : 223577 223578
26113 : 223579 223580
26114 : 223581 223582
26115 : 223583 223584
26116 : 223585 223586
26117 : 223587 223588
26118 : 223589 223590
26119 : 223591 223592
26120 : 223593 223594
26121 : 223595 223596
26122 : 223597 223598
26123 : 223599 223600
26124 : 223601 223602
26125 : 223603 223604
26126 : 223605 223606
26127 : 223607 223608
26128 : 223609 223610
26129 : 223611 223612
26130 : 223613 223614
26131 : 223615 223616
26132 : 223617 223618
26133 : 223619 223620
26134 : 223621 223622
26135 : 223623 223624
26136 : 223625 223626
26137 : 223627 223628
26138 : 223629 223630
26139 : 223631 223632
26140 : 223633 223634
26141 : 223635 223636
