45530 : 371905 371906
45531 : 371907 371908
45532 : 371909 371910
45533 : 371911 371912
45534 : 371913 371914
45535 : 371915 371916
45536 : 371917 371918
45537 : 371919 371920
45538 : 371921 371922
45539 : 371923 371924
45540 : 371925 371926
45541 : 371927 371928
45542 : 371929 371930
45543 : 371931 371932
45544 : 371933 371934
45545 : 371935 371936
45546 : 371937 371938
45547 : 371939 371940
45548 : 371941 371942
45549 : 371943 371944
45550 : 371945 371946
45551 : 371947 371948
45552 : 371949 371950
45553 : 371951 371952
45554 : 371953 371954
45555 : 371955 371956
45556 : 371957 371958
45557 : 371959 371960
45558 : 371961 371962
45559 : 371963 371964
45560 : 371965 371966
45561 : 371967 371968
45562 : 371969 371970
45563 : 371971 371972
45564 : 371973 371974
45565 : 371975 371976
45566 : 371977 371978
