21731 : 158792 158793
21732 : 158794 158795
21733 : 158796 158797
21734 : 158798 158799
21735 : 158800 158801
21736 : 158802 158803
21737 : 158804 158805
21738 : 158806 158807
21739 : 158808 158809
21740 : 158810 158811
21741 : 158812 158813
21742 : 158814 158815
21743 : 158816 158817
21744 : 158818 158819
21745 : 158820 158821
21746 : 158822 158823
21747 : 158824 158825
21748 : 158826 158827
21749 : 158828 158829
21750 : 158830 158831
21751 : 158832 158833
21752 : 158834 158835
21753 : 158836 158837
21754 : 158838 158839
21755 : 158840 158841
21756 : 158842 158843
21757 : 158844 158845
21758 : 158846 158847
21759 : 158848 158849
21760 : 158850 158851
21761 : 158852 158853
21762 : 158854 158855
21763 : 158856 158857
