11495 : 86919 86920
11838 : 86921 86922
11980 : 86923 86924
11981 : 86925 86926
11982 : 86927 86928
11983 : 86929 86930
11984 : 86931 86932
11985 : 86933 86934
11986 : 86935 86936
11987 : 86937 86938
11988 : 86939 86940
11989 : 86941 86942
11990 : 86943 86944
11991 : 86945 86946
11992 : 86947 86948
11993 : 86949 86950
11994 : 86951 86952
11995 : 86953 86954
11996 : 86955 86956
11997 : 86957 86958
11998 : 86959 86960
11999 : 86961 86962
12000 : 86963 86964
12001 : 86965 86966
12002 : 86967 86968
12003 : 86969 86970
12004 : 86971 86972
12005 : 86973 86974
12006 : 86975 86976
12007 : 86977 86978
12008 : 86979 86980
12009 : 86981 86982
12010 : 86983 86984
12011 : 86985 86986
12012 : 86987 86988
12013 : 86989 86990
12014 : 86991 86992
12015 : 86993 86994
