25531 : 185008 185009
25532 : 185010 185011
25533 : 185012 185013
25534 : 185014 185015
25535 : 185016 185017
25536 : 185018 185019
25537 : 185020 185021
25538 : 185022 185023
25539 : 185024 185025
25540 : 185026 185027
25541 : 185028 185029
25542 : 185030 185031
25543 : 185032 185033
25544 : 185034 185035
25545 : 185036 185037
25546 : 185038 185039
25547 : 185040 185041
25548 : 185042 185043
25549 : 185044 185045
25550 : 185046 185047
25551 : 185048 185049
25552 : 185050 185051
25553 : 185052 185053
25554 : 185054 185055
25555 : 185056 185057
25556 : 185058 185059
25557 : 185060 185061
25558 : 185062 185063
25559 : 185064 185065
25560 : 185066 185067
25561 : 185068 185069
25562 : 185070 185071
25563 : 185072 185073
25564 : 185074 185075
25565 : 185076 185077
25566 : 185078 185079
25567 : 185080 185081
25568 : 185082 185083
25569 : 185084 185085
25570 : 185086 185087
25571 : 185088 185089
25572 : 185090 185091
25573 : 185092 185093
25574 : 185094 185095
25575 : 185096 185097
25576 : 185098 185099
25577 : 185100 185101
25578 : 185102 185103
