59276 : 363167 363168
59277 : 363169 363170
59278 : 363171 363172
59279 : 363173 363174
59280 : 363175 363176
59281 : 363177 363178
59282 : 363179 363180
59283 : 363181 363182
59284 : 363183 363184
59285 : 363185 363186
59286 : 363187 363188
59287 : 363189 363190
59288 : 363191 363192
59289 : 363193 363194
59290 : 363195 363196
59291 : 363197 363198
59292 : 363199 363200
59293 : 363201 363202
59294 : 363203 363204
59295 : 363205 363206
59296 : 363207 363208
59297 : 363209 363210
59298 : 363211 363212
59299 : 363213 363214
59300 : 363215 363216
59301 : 363217 363218
59302 : 363219 363220
59303 : 363221 363222
59304 : 363223 363224
59305 : 363225 363226
59306 : 363227 363228
59307 : 363229 363230
59308 : 363231 363232
59309 : 363233 363234
59310 : 363235 363236
59311 : 363237 363238
59312 : 363239 363240
59313 : 363241 363242
59314 : 363243 363244
59315 : 363245 363246
59316 : 363247 363248
59317 : 363249 363250
59318 : 363251 363252
59319 : 363253 363254
59320 : 363255 363256
59321 : 363257 363258
59322 : 363259 363260
59323 : 363261 363262
59324 : 363263 363264
