30642 : 212050 212051
30643 : 212052 212053
30644 : 212054 212055
30645 : 212056 212057
30646 : 212058 212059
30647 : 212060 212061
30648 : 212062 212063
30649 : 212064 212065
30650 : 212066 212067
30651 : 212068 212069
30652 : 212070 212071
30653 : 212072 212073
30654 : 212074 212075
30655 : 212076 212077
30656 : 212078 212079
30657 : 212080 212081
30658 : 212082 212083
30659 : 212084 212085
30660 : 212086 212087
30661 : 212088 212089
30662 : 212090 212091
30663 : 212092 212093
30664 : 212094 212095
30665 : 212096 212097
30666 : 212098 212099
30667 : 212100 212101
30668 : 212102 212103
30669 : 212104 212105
30670 : 212106 212107
30671 : 212108 212109
30672 : 212110 212111
30673 : 212112 212113
30674 : 212114 212115
30675 : 212116 212117
30676 : 212118 212119
30677 : 212120 212121
30678 : 212122 212123
30679 : 212124 212125
30680 : 212126 212127
30681 : 212128 212129
