4320 : 63373 63374
4321 : 63375 63376
4322 : 63377 63378
4323 : 63379 63380
4324 : 63381 63382
4325 : 63383 63384
4326 : 63385 63386
4327 : 63387 63388
4328 : 63389 63390
4329 : 63391 63392
4330 : 63393 63394
4331 : 63395 63396
4332 : 63397 63398
4333 : 63399 63400
4334 : 63401 63402
4335 : 63403 63404
4336 : 63405 63406
4337 : 63407 63408
4338 : 63409 63410
4339 : 63411 63412
4340 : 63413 63414
4341 : 63415 63416
4342 : 63417 63418
4343 : 63419 63420
4344 : 63421 63422
4345 : 63423 63424
4346 : 63425 63426
4347 : 63427 63428
4348 : 63429 63430
4349 : 63431 63432
