11559 : 81448 81449
11617 : 81450 81451
11618 : 81452 81453
11619 : 81454 81455
11620 : 81456 81457
11621 : 81458 81459
11622 : 81460 81461
11623 : 81462 81463
11624 : 81464 81465
11625 : 81466 81467
11626 : 81468 81469
11627 : 81470 81471
11628 : 81472 81473
11629 : 81474 81475
11630 : 81476 81477
11631 : 81478 81479
11632 : 81480 81481
11633 : 81482 81483
11634 : 81484 81485
11635 : 81486 81487
11636 : 81488 81489
11637 : 81490 81491
11638 : 81492 81493
11639 : 81494 81495
11640 : 81496 81497
11641 : 81498 81499
11642 : 81500 81501
11643 : 81502 81503
11644 : 81504 81505
11645 : 81506 81507
11646 : 81508 81509
11647 : 81510 81511
11648 : 81512 81513
11649 : 81514 81515
11650 : 81516 81517
11651 : 81518 81519
