12743 : 87852 87853
12744 : 87854 87855
12745 : 87856 87857
12746 : 87858 87859
12747 : 87860 87861
12748 : 87862 87863
12749 : 87864 87865
12750 : 87866 87867
12751 : 87868 87869
12752 : 87870 87871
12753 : 87872 87873
12754 : 87874 87875
12755 : 87876 87877
12756 : 87878 87879
12757 : 87880 87881
12758 : 87882 87883
12759 : 87884 87885
12760 : 87886 87887
12761 : 87888 87889
12762 : 87890 87891
12763 : 87892 87893
12764 : 87894 87895
12765 : 87896 87897
12766 : 87898 87899
12767 : 87900 87901
12768 : 87902 87903
12769 : 87904 87905
12770 : 87906 87907
