56563 : 349148 349149
56564 : 349150 349151
56565 : 349152 349153
56566 : 349154 349155
56567 : 349156 349157
56568 : 349158 349159
56569 : 349160 349161
56570 : 349162 349163
56571 : 349164 349165
56572 : 349166 349167
56573 : 349168 349169
56574 : 349170 349171
56575 : 349172 349173
56576 : 349174 349175
56577 : 349176 349177
56578 : 349178 349179
56579 : 349180 349181
56580 : 349182 349183
56581 : 349184 349185
56582 : 349186 349187
56583 : 349188 349189
56584 : 349190 349191
56585 : 349192 349193
56586 : 349194 349195
56587 : 349196 349197
56588 : 349198 349199
56589 : 349200 349201
56590 : 349202 349203
56591 : 349204 349205
56592 : 349206 349207
56593 : 349208 349209
56594 : 349210 349211
56595 : 349212 349213
56596 : 349214 349215
56597 : 349216 349217
56598 : 349218 349219
56599 : 349220 349221
56600 : 349222 349223
56601 : 349224 349225
56602 : 349226 349227
56603 : 349228 349229
56604 : 349230 349231
56605 : 349232 349233
56606 : 349234 349235
56607 : 349236 349237
56608 : 349238 349239
56609 : 349240 349241
56610 : 349242 349243
56611 : 349244 349245
56612 : 349246 349247
56613 : 349248 349249
56614 : 349250 349251
56615 : 349252 349253
