101014 : 674996 674997
101015 : 674998 674999
101016 : 675000 675001
101017 : 675002 675003
101018 : 675004 675005
101019 : 675006 675007
101020 : 675008 675009
101021 : 675010 675011
101022 : 675012 675013
101023 : 675014 675015
101024 : 675016 675017
101025 : 675018 675019
101026 : 675020 675021
101027 : 675022 675023
101028 : 675024 675025
101029 : 675026 675027
101030 : 675028 675029
101031 : 675030 675031
101032 : 675032 675033
101033 : 675034 675035
101034 : 675036 675037
101035 : 675038 675039
