58001 : 357244 357245
58002 : 357246 357247
58003 : 357248 357249
58004 : 357250 357251
58005 : 357252 357253
58006 : 357254 357255
58007 : 357256 357257
58008 : 357258 357259
58009 : 357260 357261
58010 : 357262 357263
58011 : 357264 357265
58012 : 357266 357267
58013 : 357268 357269
58014 : 357270 357271
58015 : 357272 357273
58016 : 357274 357275
58017 : 357276 357277
58018 : 357278 357279
58019 : 357280 357281
58020 : 357282 357283
58021 : 357284 357285
58022 : 357286 357287
58023 : 357288 357289
58024 : 357290 357291
58025 : 357292 357293
58026 : 357294 357295
58027 : 357296 357297
58028 : 357298 357299
58029 : 357300 357301
58030 : 357302 357303
58031 : 357304 357305
58032 : 357306 357307
58033 : 357308 357309
58034 : 357310 357311
58035 : 357312 357313
58036 : 357314 357315
58037 : 357316 357317
58038 : 357318 357319
58039 : 357320 357321
58040 : 357322 357323
58041 : 357324 357325
58042 : 357326 357327
58043 : 357328 357329
58044 : 357330 357331
58045 : 357332 357333
58046 : 357334 357335
58047 : 357336 357337
58048 : 357338 357339
