67649 : 412787 412788
67650 : 412789 412790
67651 : 412791 412792
67652 : 412793 412794
67653 : 412795 412796
67654 : 412797 412798
67655 : 412799 412800
67656 : 412801 412802
67657 : 412803 412804
67658 : 412805 412806
67659 : 412807 412808
67660 : 412809 412810
67661 : 412811 412812
67662 : 412813 412814
67663 : 412815 412816
67664 : 412817 412818
67665 : 412819 412820
67666 : 412821 412822
67667 : 412823 412824
67668 : 412825 412826
67669 : 412827 412828
67670 : 412829 412830
67671 : 412831 412832
67672 : 412833 412834
67673 : 412835 412836
67674 : 412837 412838
67675 : 412839 412840
67676 : 412841 412842
