57273 : 466228 466229
57274 : 466230 466231
57275 : 466232 466233
57276 : 466234 466235
57277 : 466236 466237
57278 : 466238 466239
57279 : 466240 466241
57280 : 466242 466243
57281 : 466244 466245
57282 : 466246 466247
57283 : 466248 466249
57284 : 466250 466251
57285 : 466252 466253
57286 : 466254 466255
57287 : 466256 466257
57288 : 466258 466259
57289 : 466260 466261
57290 : 466262 466263
57291 : 466264 466265
57292 : 466266 466267
57293 : 466268 466269
57294 : 466270 466271
57295 : 466272 466273
57296 : 466274 466275
57297 : 466276 466277
57298 : 466278 466279
57299 : 466280 466281
57300 : 466282 466283
57301 : 466284 466285
57302 : 466286 466287
57303 : 466288 466289
57304 : 466290 466291
