21062 : 185375 185376
21063 : 185377 185378
21064 : 185379 185380
21065 : 185381 185382
21066 : 185383 185384
21067 : 185385 185386
21068 : 185387 185388
21069 : 185389 185390
21070 : 185391 185392
21071 : 185393 185394
21072 : 185395 185396
21073 : 185397 185398
21074 : 185399 185400
21075 : 185401 185402
21076 : 185403 185404
21077 : 185405 185406
21078 : 185407 185408
21079 : 185409 185410
21080 : 185411 185412
21081 : 185413 185414
21082 : 185415 185416
21083 : 185417 185418
21084 : 185419 185420
21085 : 185421 185422
21086 : 185423 185424
21087 : 185425 185426
21088 : 185427 185428
21089 : 185429 185430
21090 : 185431 185432
21091 : 185433 185434
21092 : 185435 185436
21093 : 185437 185438
21094 : 185439 185440
21095 : 185441 185442
21096 : 185443 185444
21097 : 185445 185446
21098 : 185447 185448
21099 : 185449 185450
21100 : 185451 185452
