-11 : 285454 285455
49393 : 285456 285457
49394 : 285458 285459
49395 : 285460 285461
49396 : 285462 285463
49397 : 285464 285465
49398 : 285466 285467
49399 : 285468 285469
49400 : 285470 285471
49401 : 285472 285473
49402 : 285474 285475
49403 : 285476 285477
49404 : 285478 285479
49405 : 285480 285481
49406 : 285482 285483
49407 : 285484 285485
49408 : 285486 285487
49409 : 285488 285489
49410 : 285490 285491
49411 : 285492 285493
49412 : 285494 285495
49413 : 285496 285497
49414 : 285498 285499
49415 : 285500 285501
49416 : 285502 285503
49417 : 285504 285505
49418 : 285506 285507
49419 : 285508 285509
49420 : 285510 285511
49421 : 285512 285513
49422 : 285514 285515
49423 : 285516 285517
49424 : 285518 285519
49425 : 285520 285521
49426 : 285522 285523
49427 : 285524 285525
49428 : 285526 285527
49429 : 285528 285529
49430 : 285530 285531
49431 : 285532 285533
49432 : 285534 285535
49433 : 285536 285537
49434 : 285538 285539
49435 : 285540 285541
49436 : 285542 285543
49437 : 285544 285545
49438 : 285546 285547
49439 : 285548 285549
49440 : 285550 285551
49441 : 285552 285553
49442 : 285554 285555
49443 : 285556 285557
49444 : 285558 285559
49445 : 285560 285561
49446 : 285562 285563
49447 : 285564 285565
49448 : 285566 285567
49449 : 285568 285569
49450 : 285570 285571
49451 : 285572 285573
49452 : 285574 285575
49453 : 285576 285577
49454 : 285578 285579
49455 : 285580 285581
49456 : 285582 285583
49457 : 285584 285585
49458 : 285586 285587
49459 : 285588 285589
49460 : 285590 285591
49461 : 285592 285593
49462 : 285594 285595
49463 : 285596 285597
49464 : 285598 285599
49465 : 285600 285601
49466 : 285602 285603
49467 : 285604 285605
49468 : 285606 285607
49469 : 285608 285609
49470 : 285610 285611
49471 : 285612 285613
49472 : 285614 285615
49473 : 285616 285617
49474 : 285618 285619
49475 : 285620 285621
49476 : 285622 285623
49477 : 285624 285625
49478 : 285626 285627
49479 : 285628 285629
49480 : 285630 285631
