46309 : 375657 375658
46310 : 375659 375660
46311 : 375661 375662
46312 : 375663 375664
46313 : 375665 375666
46314 : 375667 375668
46315 : 375669 375670
46316 : 375671 375672
46317 : 375673 375674
46318 : 375675 375676
46319 : 375677 375678
46320 : 375679 375680
46321 : 375681 375682
46322 : 375683 375684
46323 : 375685 375686
46324 : 375687 375688
46325 : 375689 375690
46326 : 375691 375692
46327 : 375693 375694
46328 : 375695 375696
46329 : 375697 375698
46330 : 375699 375700
46331 : 375701 375702
46332 : 375703 375704
46333 : 375705 375706
46334 : 375707 375708
46335 : 375709 375710
46336 : 375711 375712
