24693 : 179044 179045
24694 : 179046 179047
24695 : 179048 179049
24696 : 179050 179051
24697 : 179052 179053
24698 : 179054 179055
24699 : 179056 179057
24700 : 179058 179059
24701 : 179060 179061
24702 : 179062 179063
24703 : 179064 179065
24704 : 179066 179067
24705 : 179068 179069
24706 : 179070 179071
24707 : 179072 179073
24708 : 179074 179075
24709 : 179076 179077
24710 : 179078 179079
24711 : 179080 179081
24712 : 179082 179083
24713 : 179084 179085
24714 : 179086 179087
24715 : 179088 179089
24716 : 179090 179091
24717 : 179092 179093
24718 : 179094 179095
24719 : 179096 179097
24720 : 179098 179099
24721 : 179100 179101
24722 : 179102 179103
24723 : 179104 179105
24724 : 179106 179107
24725 : 179108 179109
24726 : 179110 179111
24727 : 179112 179113
