52419 : 321316 321317
52420 : 321318 321319
52421 : 321320 321321
52422 : 321322 321323
52423 : 321324 321325
52424 : 321326 321327
52425 : 321328 321329
52426 : 321330 321331
52427 : 321332 321333
52428 : 321334 321335
52429 : 321336 321337
52430 : 321338 321339
52431 : 321340 321341
52432 : 321342 321343
52433 : 321344 321345
52434 : 321346 321347
52435 : 321348 321349
52436 : 321350 321351
52437 : 321352 321353
52438 : 321354 321355
52439 : 321356 321357
52440 : 321358 321359
52441 : 321360 321361
52442 : 321362 321363
52443 : 321364 321365
52444 : 321366 321367
52445 : 321368 321369
52446 : 321370 321371
52447 : 321372 321373
52448 : 321374 321375
52449 : 321376 321377
52450 : 321378 321379
52451 : 321380 321381
52452 : 321382 321383
52453 : 321384 321385
52454 : 321386 321387
52455 : 321388 321389
52456 : 321390 321391
52457 : 321392 321393
52458 : 321394 321395
52459 : 321396 321397
52460 : 321398 321399
52461 : 321400 321401
52462 : 321402 321403
52463 : 321404 321405
52464 : 321406 321407
52465 : 321408 321409
52466 : 321410 321411
52467 : 321412 321413
52468 : 321414 321415
52469 : 321416 321417
52470 : 321418 321419
52471 : 321420 321421
52472 : 321422 321423
52473 : 321424 321425
