15643 : 123925 123926
15644 : 123927 123928
15645 : 123929 123930
15646 : 123931 123932
15647 : 123933 123934
15648 : 123935 123936
15649 : 123937 123938
15650 : 123939 123940
15651 : 123941 123942
15652 : 123943 123944
15653 : 123945 123946
15654 : 123947 123948
15655 : 123949 123950
15656 : 123951 123952
15657 : 123953 123954
15658 : 123955 123956
15659 : 123957 123958
15660 : 123959 123960
15661 : 123961 123962
15662 : 123963 123964
15663 : 123965 123966
15664 : 123967 123968
15665 : 123969 123970
15666 : 123971 123972
15667 : 123973 123974
15668 : 123975 123976
15669 : 123977 123978
15670 : 123979 123980
15671 : 123981 123982
15672 : 123983 123984
15673 : 123985 123986
15674 : 123987 123988
15675 : 123989 123990
15676 : 123991 123992
15677 : 123993 123994
15678 : 123995 123996
15679 : 123997 123998
15680 : 123999 124000
15681 : 124001 124002
15682 : 124003 124004
15683 : 124005 124006
15684 : 124007 124008
15685 : 124009 124010
15686 : 124011 124012
15687 : 124013 124014
15688 : 124015 124016
15689 : 124017 124018
15690 : 124019 124020
15691 : 124021 124022
15692 : 124023 124024
15693 : 124025 124026
15694 : 124027 124028
15695 : 124029 124030
15696 : 124031 124032
15697 : 124033 124034
15698 : 124035 124036
15699 : 124037 124038
15700 : 124039 124040
15701 : 124041 124042
15702 : 124043 124044
15703 : 124045 124046
15704 : 124047 124048
15705 : 124049 124050
15706 : 124051 124052
15707 : 124053 124054
15708 : 124055 124056
15709 : 124057 124058
15710 : 124059 124060
15711 : 124061 124062
15712 : 124063 124064
15713 : 124065 124066
15714 : 124067 124068
15715 : 124069 124070
15716 : 124071 124072
15717 : 124073 124074
