43136 : 352431 352432
43137 : 352433 352434
43138 : 352435 352436
43139 : 352437 352438
43140 : 352439 352440
43141 : 352441 352442
43142 : 352443 352444
43143 : 352445 352446
43144 : 352447 352448
43145 : 352449 352450
43146 : 352451 352452
43147 : 352453 352454
43148 : 352455 352456
43149 : 352457 352458
43150 : 352459 352460
43151 : 352461 352462
43152 : 352463 352464
43153 : 352465 352466
43154 : 352467 352468
43155 : 352469 352470
43156 : 352471 352472
43157 : 352473 352474
43158 : 352475 352476
43159 : 352477 352478
43160 : 352479 352480
43161 : 352481 352482
43162 : 352483 352484
43163 : 352485 352486
43164 : 352487 352488
43165 : 352489 352490
43166 : 352491 352492
43167 : 352493 352494
