50069 : 406347 406348
50070 : 406349 406350
50071 : 406351 406352
50072 : 406353 406354
50073 : 406355 406356
50074 : 406357 406358
50075 : 406359 406360
50076 : 406361 406362
50077 : 406363 406364
50078 : 406365 406366
50079 : 406367 406368
50080 : 406369 406370
50081 : 406371 406372
50082 : 406373 406374
50083 : 406375 406376
50084 : 406377 406378
50085 : 406379 406380
50086 : 406381 406382
50087 : 406383 406384
50088 : 406385 406386
50089 : 406387 406388
50090 : 406389 406390
50091 : 406391 406392
50092 : 406393 406394
50093 : 406395 406396
50094 : 406397 406398
50095 : 406399 406400
50096 : 406401 406402
50097 : 406403 406404
50098 : 406405 406406
50099 : 406407 406408
50100 : 406409 406410
50101 : 406411 406412
50102 : 406413 406414
50103 : 406415 406416
50104 : 406417 406418
50105 : 406419 406420
50106 : 406421 406422
50107 : 406423 406424
