61133 : 374040 374041
61134 : 374042 374043
61135 : 374044 374045
61136 : 374046 374047
61137 : 374048 374049
61138 : 374050 374051
61139 : 374052 374053
61140 : 374054 374055
61141 : 374056 374057
61142 : 374058 374059
61143 : 374060 374061
61144 : 374062 374063
61145 : 374064 374065
61146 : 374066 374067
61147 : 374068 374069
61148 : 374070 374071
61149 : 374072 374073
61150 : 374074 374075
61151 : 374076 374077
61152 : 374078 374079
61153 : 374080 374081
61154 : 374082 374083
61155 : 374084 374085
61156 : 374086 374087
61157 : 374088 374089
61158 : 374090 374091
61159 : 374092 374093
61160 : 374094 374095
61161 : 374096 374097
61162 : 374098 374099
61163 : 374100 374101
61164 : 374102 374103
61165 : 374104 374105
61166 : 374106 374107
61167 : 374108 374109
61168 : 374110 374111
61169 : 374112 374113
61170 : 374114 374115
61171 : 374116 374117
61172 : 374118 374119
61173 : 374120 374121
61174 : 374122 374123
61175 : 374124 374125
61176 : 374126 374127
61177 : 374128 374129
61178 : 374130 374131
61179 : 374132 374133
61180 : 374134 374135
61181 : 374136 374137
61182 : 374138 374139
61183 : 374140 374141
61184 : 374142 374143
61185 : 374144 374145
61186 : 374146 374147
61187 : 374148 374149
61188 : 374150 374151
