7415 : 58173 58174
7416 : 58175 58176
7417 : 58177 58178
7418 : 58179 58180
7419 : 58181 58182
7420 : 58183 58184
7421 : 58185 58186
7422 : 58187 58188
7423 : 58189 58190
7424 : 58191 58192
7425 : 58193 58194
7426 : 58195 58196
7427 : 58197 58198
7428 : 58199 58200
7429 : 58201 58202
7430 : 58203 58204
7431 : 58205 58206
7432 : 58207 58208
7433 : 58209 58210
7434 : 58211 58212
7435 : 58213 58214
7436 : 58215 58216
7437 : 58217 58218
7438 : 58219 58220
7439 : 58221 58222
7440 : 58223 58224
7441 : 58225 58226
