13487 : 98563 98564
13488 : 98565 98566
13489 : 98567 98568
13490 : 98569 98570
13491 : 98571 98572
13492 : 98573 98574
13493 : 98575 98576
13494 : 98577 98578
13495 : 98579 98580
13496 : 98581 98582
13497 : 98583 98584
13498 : 98585 98586
13499 : 98587 98588
13500 : 98589 98590
13501 : 98591 98592
13502 : 98593 98594
13503 : 98595 98596
13504 : 98597 98598
13505 : 98599 98600
13506 : 98601 98602
13507 : 98603 98604
13508 : 98605 98606
13509 : 98607 98608
13510 : 98609 98610
13511 : 98611 98612
13512 : 98613 98614
13513 : 98615 98616
13514 : 98617 98618
