54562 : 336245 336246
54563 : 336247 336248
54564 : 336249 336250
54565 : 336251 336252
54566 : 336253 336254
54567 : 336255 336256
54568 : 336257 336258
54569 : 336259 336260
54570 : 336261 336262
54571 : 336263 336264
54572 : 336265 336266
54573 : 336267 336268
54574 : 336269 336270
54575 : 336271 336272
54576 : 336273 336274
54577 : 336275 336276
54578 : 336277 336278
54579 : 336279 336280
54580 : 336281 336282
54581 : 336283 336284
54582 : 336285 336286
54583 : 336287 336288
54584 : 336289 336290
54585 : 336291 336292
54586 : 336293 336294
54587 : 336295 336296
54588 : 336297 336298
54589 : 336299 336300
54590 : 336301 336302
54591 : 336303 336304
54592 : 336305 336306
54593 : 336307 336308
