32456 : 207037 207038
32620 : 207039 207040
32681 : 207041 207042
32684 : 207043 207044
32824 : 207045 207046
32825 : 207047 207048
32826 : 207049 207050
32827 : 207051 207052
32828 : 207053 207054
32829 : 207055 207056
32830 : 207057 207058
32831 : 207059 207060
32832 : 207061 207062
32833 : 207063 207064
32834 : 207065 207066
32835 : 207067 207068
32836 : 207069 207070
32837 : 207071 207072
32838 : 207073 207074
32839 : 207075 207076
32840 : 207077 207078
32841 : 207079 207080
32842 : 207081 207082
32843 : 207083 207084
32844 : 207085 207086
32845 : 207087 207088
32846 : 207089 207090
32847 : 207091 207092
32848 : 207093 207094
32849 : 207095 207096
32850 : 207097 207098
32851 : 207099 207100
32852 : 207101 207102
32853 : 207103 207104
32854 : 207105 207106
32855 : 207107 207108
32856 : 207109 207110
32857 : 207111 207112
32858 : 207113 207114
32859 : 207115 207116
32860 : 207117 207118
32861 : 207119 207120
32862 : 207121 207122
32863 : 207123 207124
32864 : 207125 207126
32865 : 207127 207128
32866 : 207129 207130
32867 : 207131 207132
32868 : 207133 207134
32869 : 207135 207136
32870 : 207137 207138
32871 : 207139 207140
32872 : 207141 207142
32873 : 207143 207144
32874 : 207145 207146
32875 : 207147 207148
32876 : 207149 207150
32877 : 207151 207152
32878 : 207153 207154
32879 : 207155 207156
32880 : 207157 207158
32881 : 207159 207160
32882 : 207161 207162
32883 : 207163 207164
32884 : 207165 207166
32885 : 207167 207168
32886 : 207169 207170
32887 : 207171 207172
32888 : 207173 207174
32889 : 207175 207176
32890 : 207177 207178
32891 : 207179 207180
32892 : 207181 207182
32893 : 207183 207184
32894 : 207185 207186
32895 : 207187 207188
