41789 : 266208 266209
41790 : 266210 266211
41791 : 266212 266213
41792 : 266214 266215
41793 : 266216 266217
41794 : 266218 266219
41795 : 266220 266221
41796 : 266222 266223
41797 : 266224 266225
41798 : 266226 266227
41799 : 266228 266229
41800 : 266230 266231
41801 : 266232 266233
41802 : 266234 266235
41803 : 266236 266237
41804 : 266238 266239
41805 : 266240 266241
41806 : 266242 266243
41807 : 266244 266245
41808 : 266246 266247
41809 : 266248 266249
41810 : 266250 266251
41811 : 266252 266253
41812 : 266254 266255
41813 : 266256 266257
41814 : 266258 266259
41815 : 266260 266261
41816 : 266262 266263
41817 : 266264 266265
41818 : 266266 266267
41819 : 266268 266269
41820 : 266270 266271
41821 : 266272 266273
41822 : 266274 266275
41823 : 266276 266277
41824 : 266278 266279
41825 : 266280 266281
41826 : 266282 266283
41827 : 266284 266285
41828 : 266286 266287
41829 : 266288 266289
41830 : 266290 266291
41831 : 266292 266293
41832 : 266294 266295
41833 : 266296 266297
41834 : 266298 266299
41835 : 266300 266301
41836 : 266302 266303
41837 : 266304 266305
41838 : 266306 266307
41839 : 266308 266309
