8584 : 65029 65030
9070 : 65031 65032
9071 : 65033 65034
9072 : 65035 65036
9073 : 65037 65038
9074 : 65039 65040
9075 : 65041 65042
9076 : 65043 65044
9077 : 65045 65046
9078 : 65047 65048
9079 : 65049 65050
9080 : 65051 65052
9081 : 65053 65054
9082 : 65055 65056
9083 : 65057 65058
9084 : 65059 65060
9085 : 65061 65062
9086 : 65063 65064
9087 : 65065 65066
9088 : 65067 65068
9089 : 65069 65070
9090 : 65071 65072
9091 : 65073 65074
9092 : 65075 65076
9093 : 65077 65078
9094 : 65079 65080
9095 : 65081 65082
9096 : 65083 65084
9097 : 65085 65086
9098 : 65087 65088
9099 : 65089 65090
9100 : 65091 65092
9101 : 65093 65094
9102 : 65095 65096
9103 : 65097 65098
9104 : 65099 65100
9105 : 65101 65102
9106 : 65103 65104
9107 : 65105 65106
