8813 : 63119 63120
8814 : 63121 63122
8815 : 63123 63124
8816 : 63125 63126
8817 : 63127 63128
8818 : 63129 63130
8819 : 63131 63132
8820 : 63133 63134
8821 : 63135 63136
8822 : 63137 63138
8823 : 63139 63140
8824 : 63141 63142
8825 : 63143 63144
8826 : 63145 63146
8827 : 63147 63148
8828 : 63149 63150
8829 : 63151 63152
8830 : 63153 63154
8831 : 63155 63156
8832 : 63157 63158
8833 : 63159 63160
8834 : 63161 63162
8835 : 63163 63164
8836 : 63165 63166
8837 : 63167 63168
8838 : 63169 63170
8839 : 63171 63172
8840 : 63173 63174
8841 : 63175 63176
8842 : 63177 63178
8843 : 63179 63180
8844 : 63181 63182
8845 : 63183 63184
8846 : 63185 63186
8847 : 63187 63188
