87891 : 520235 520236
87892 : 520237 520238
87893 : 520239 520240
87894 : 520241 520242
87895 : 520243 520244
87896 : 520245 520246
87897 : 520247 520248
87898 : 520249 520250
87899 : 520251 520252
87900 : 520253 520254
87901 : 520255 520256
87902 : 520257 520258
87903 : 520259 520260
87904 : 520261 520262
87905 : 520263 520264
87906 : 520265 520266
87907 : 520267 520268
87908 : 520269 520270
87909 : 520271 520272
87910 : 520273 520274
87911 : 520275 520276
87912 : 520277 520278
87913 : 520279 520280
87914 : 520281 520282
87915 : 520283 520284
87916 : 520285 520286
87917 : 520287 520288
87918 : 520289 520290
87919 : 520291 520292
87920 : 520293 520294
87921 : 520295 520296
87922 : 520297 520298
87923 : 520299 520300
87924 : 520301 520302
87925 : 520303 520304
87926 : 520305 520306
87927 : 520307 520308
87928 : 520309 520310
87929 : 520311 520312
87930 : 520313 520314
87931 : 520315 520316
87932 : 520317 520318
87933 : 520319 520320
87934 : 520321 520322
87935 : 520323 520324
87936 : 520325 520326
87937 : 520327 520328
