43111 : 352161 352162
43112 : 352163 352164
43113 : 352165 352166
43114 : 352167 352168
43115 : 352169 352170
43116 : 352171 352172
43117 : 352173 352174
43118 : 352175 352176
43119 : 352177 352178
43120 : 352179 352180
43121 : 352181 352182
43122 : 352183 352184
43123 : 352185 352186
43124 : 352187 352188
43125 : 352189 352190
43126 : 352191 352192
43127 : 352193 352194
43128 : 352195 352196
43129 : 352197 352198
43130 : 352199 352200
43131 : 352201 352202
43132 : 352203 352204
43133 : 352205 352206
43134 : 352207 352208
43135 : 352209 352210
