24256 : 209230 209231
24257 : 209232 209233
24258 : 209234 209235
24259 : 209236 209237
24260 : 209238 209239
24261 : 209240 209241
24262 : 209242 209243
24263 : 209244 209245
24264 : 209246 209247
24265 : 209248 209249
24266 : 209250 209251
24267 : 209252 209253
24268 : 209254 209255
24269 : 209256 209257
24270 : 209258 209259
24271 : 209260 209261
24272 : 209262 209263
24273 : 209264 209265
24274 : 209266 209267
24275 : 209268 209269
24276 : 209270 209271
24277 : 209272 209273
24278 : 209274 209275
24279 : 209276 209277
24280 : 209278 209279
24281 : 209280 209281
24282 : 209282 209283
24283 : 209284 209285
24284 : 209286 209287
