63845 : 389887 389888
63846 : 389889 389890
63847 : 389891 389892
63848 : 389893 389894
63849 : 389895 389896
63850 : 389897 389898
63851 : 389899 389900
63852 : 389901 389902
63853 : 389903 389904
63854 : 389905 389906
63855 : 389907 389908
63856 : 389909 389910
63857 : 389911 389912
63858 : 389913 389914
63859 : 389915 389916
63860 : 389917 389918
63861 : 389919 389920
63862 : 389921 389922
63863 : 389923 389924
63864 : 389925 389926
63865 : 389927 389928
63866 : 389929 389930
63867 : 389931 389932
63868 : 389933 389934
63869 : 389935 389936
63870 : 389937 389938
63871 : 389939 389940
63872 : 389941 389942
63873 : 389943 389944
63874 : 389945 389946
63875 : 389947 389948
63876 : 389949 389950
63877 : 389951 389952
63878 : 389953 389954
63879 : 389955 389956
63880 : 389957 389958
63881 : 389959 389960
63882 : 389961 389962
63883 : 389963 389964
63884 : 389965 389966
63885 : 389967 389968
63886 : 389969 389970
63887 : 389971 389972
63888 : 389973 389974
63889 : 389975 389976
63890 : 389977 389978
63891 : 389979 389980
63892 : 389981 389982
63893 : 389983 389984
