33125 : 276940 276941
33126 : 276942 276943
33127 : 276944 276945
33128 : 276946 276947
33129 : 276948 276949
33130 : 276950 276951
33131 : 276952 276953
33132 : 276954 276955
33133 : 276956 276957
33134 : 276958 276959
33135 : 276960 276961
33136 : 276962 276963
33137 : 276964 276965
33138 : 276966 276967
33139 : 276968 276969
33140 : 276970 276971
33141 : 276972 276973
33142 : 276974 276975
33143 : 276976 276977
33144 : 276978 276979
33145 : 276980 276981
33146 : 276982 276983
33147 : 276984 276985
33148 : 276986 276987
33149 : 276988 276989
33150 : 276990 276991
33151 : 276992 276993
33152 : 276994 276995
33153 : 276996 276997
33154 : 276998 276999
33155 : 277000 277001
33156 : 277002 277003
33157 : 277004 277005
33158 : 277006 277007
33159 : 277008 277009
