26078 : 188881 188882
26079 : 188883 188884
26080 : 188885 188886
26081 : 188887 188888
26082 : 188889 188890
26083 : 188891 188892
26084 : 188893 188894
26085 : 188895 188896
26086 : 188897 188898
26087 : 188899 188900
26088 : 188901 188902
26089 : 188903 188904
26090 : 188905 188906
26091 : 188907 188908
26092 : 188909 188910
26093 : 188911 188912
26094 : 188913 188914
26095 : 188915 188916
26096 : 188917 188918
26097 : 188919 188920
26098 : 188921 188922
26099 : 188923 188924
26100 : 188925 188926
26101 : 188927 188928
26102 : 188929 188930
26103 : 188931 188932
26104 : 188933 188934
26105 : 188935 188936
26106 : 188937 188938
26107 : 188939 188940
26108 : 188941 188942
26109 : 188943 188944
26110 : 188945 188946
26111 : 188947 188948
26112 : 188949 188950
