56254 : 346184 346185
56255 : 346186 346187
56256 : 346188 346189
56257 : 346190 346191
56258 : 346192 346193
56259 : 346194 346195
56260 : 346196 346197
56261 : 346198 346199
56262 : 346200 346201
56263 : 346202 346203
56264 : 346204 346205
56265 : 346206 346207
56266 : 346208 346209
56267 : 346210 346211
56268 : 346212 346213
56269 : 346214 346215
56270 : 346216 346217
56271 : 346218 346219
56272 : 346220 346221
56273 : 346222 346223
56274 : 346224 346225
56275 : 346226 346227
56276 : 346228 346229
56277 : 346230 346231
56278 : 346232 346233
56279 : 346234 346235
56280 : 346236 346237
56281 : 346238 346239
56282 : 346240 346241
56283 : 346242 346243
56284 : 346244 346245
56285 : 346246 346247
56286 : 346248 346249
56287 : 346250 346251
56288 : 346252 346253
56289 : 346254 346255
56290 : 346256 346257
