33271 : 225004 225005
33465 : 225006 225007
33466 : 225008 225009
33467 : 225010 225011
33468 : 225012 225013
33469 : 225014 225015
33470 : 225016 225017
33471 : 225018 225019
33472 : 225020 225021
33473 : 225022 225023
33474 : 225024 225025
33475 : 225026 225027
33476 : 225028 225029
33477 : 225030 225031
33478 : 225032 225033
33479 : 225034 225035
33480 : 225036 225037
33481 : 225038 225039
33482 : 225040 225041
33483 : 225042 225043
33484 : 225044 225045
33485 : 225046 225047
33486 : 225048 225049
33487 : 225050 225051
33488 : 225052 225053
33489 : 225054 225055
33490 : 225056 225057
33491 : 225058 225059
33492 : 225060 225061
33493 : 225062 225063
33494 : 225064 225065
33495 : 225066 225067
33496 : 225068 225069
33497 : 225070 225071
33498 : 225072 225073
33499 : 225074 225075
33500 : 225076 225077
33501 : 225078 225079
33502 : 225080 225081
33503 : 225082 225083
33504 : 225084 225085
33505 : 225086 225087
33506 : 225088 225089
33507 : 225090 225091
33508 : 225092 225093
33509 : 225094 225095
33510 : 225096 225097
33511 : 225098 225099
33512 : 225100 225101
33513 : 225102 225103
33514 : 225104 225105
33515 : 225106 225107
33516 : 225108 225109
