56966 : 351398 351399
56967 : 351400 351401
56968 : 351402 351403
56969 : 351404 351405
56970 : 351406 351407
56971 : 351408 351409
56972 : 351410 351411
56973 : 351412 351413
56974 : 351414 351415
56975 : 351416 351417
56976 : 351418 351419
56977 : 351420 351421
56978 : 351422 351423
56979 : 351424 351425
56980 : 351426 351427
56981 : 351428 351429
56982 : 351430 351431
56983 : 351432 351433
56984 : 351434 351435
56985 : 351436 351437
56986 : 351438 351439
56987 : 351440 351441
56988 : 351442 351443
56989 : 351444 351445
56990 : 351446 351447
56991 : 351448 351449
56992 : 351450 351451
56993 : 351452 351453
56994 : 351454 351455
56995 : 351456 351457
56996 : 351458 351459
56997 : 351460 351461
56998 : 351462 351463
56999 : 351464 351465
57000 : 351466 351467
57001 : 351468 351469
