3149 : 21595 21596
3150 : 21597 21598
3151 : 21599 21600
3152 : 21601 21602
3153 : 21603 21604
3154 : 21605 21606
3155 : 21607 21608
3156 : 21609 21610
3157 : 21611 21612
3158 : 21613 21614
3159 : 21615 21616
3160 : 21617 21618
3161 : 21619 21620
3162 : 21621 21622
3163 : 21623 21624
3164 : 21625 21626
3165 : 21627 21628
3166 : 21629 21630
3167 : 21631 21632
3168 : 21633 21634
3169 : 21635 21636
3170 : 21637 21638
3171 : 21639 21640
3172 : 21641 21642
3173 : 21643 21644
3174 : 21645 21646
3175 : 21647 21648
3176 : 21649 21650
3177 : 21651 21652
3178 : 21653 21654
3179 : 21655 21656
3180 : 21657 21658
3181 : 21659 21660
3182 : 21661 21662
3183 : 21663 21664
3184 : 21665 21666
3185 : 21667 21668
3186 : 21669 21670
3187 : 21671 21672
3188 : 21673 21674
