95433 : 601762 601763
95434 : 601764 601765
95435 : 601766 601767
95436 : 601768 601769
95437 : 601770 601771
95438 : 601772 601773
95439 : 601774 601775
95440 : 601776 601777
95441 : 601778 601779
95442 : 601780 601781
95443 : 601782 601783
95444 : 601784 601785
95445 : 601786 601787
95446 : 601788 601789
95447 : 601790 601791
95448 : 601792 601793
95449 : 601794 601795
95450 : 601796 601797
95451 : 601798 601799
95452 : 601800 601801
95453 : 601802 601803
95454 : 601804 601805
95455 : 601806 601807
95456 : 601808 601809
95457 : 601810 601811
95458 : 601812 601813
95459 : 601814 601815
95460 : 601816 601817
95461 : 601818 601819
95462 : 601820 601821
95463 : 601822 601823
95464 : 601824 601825
95465 : 601826 601827
95466 : 601828 601829
95467 : 601830 601831
