23358 : 174487 174488
23947 : 174489 174490
23948 : 174491 174492
23949 : 174493 174494
23950 : 174495 174496
23951 : 174497 174498
23952 : 174499 174500
23953 : 174501 174502
23954 : 174503 174504
23955 : 174505 174506
23956 : 174507 174508
23957 : 174509 174510
23958 : 174511 174512
23959 : 174513 174514
23960 : 174515 174516
23961 : 174517 174518
23962 : 174519 174520
23963 : 174521 174522
23964 : 174523 174524
23965 : 174525 174526
23966 : 174527 174528
23967 : 174529 174530
23968 : 174531 174532
23969 : 174533 174534
23970 : 174535 174536
23971 : 174537 174538
23972 : 174539 174540
23973 : 174541 174542
23974 : 174543 174544
23975 : 174545 174546
23976 : 174547 174548
23977 : 174549 174550
23978 : 174551 174552
23979 : 174553 174554
23980 : 174555 174556
