22158 : 161792 161793
22159 : 161794 161795
22160 : 161796 161797
22161 : 161798 161799
22162 : 161800 161801
22163 : 161802 161803
22164 : 161804 161805
22165 : 161806 161807
22166 : 161808 161809
22167 : 161810 161811
22168 : 161812 161813
22169 : 161814 161815
22170 : 161816 161817
22171 : 161818 161819
22172 : 161820 161821
22173 : 161822 161823
22174 : 161824 161825
22175 : 161826 161827
22176 : 161828 161829
22177 : 161830 161831
22178 : 161832 161833
22179 : 161834 161835
22180 : 161836 161837
22181 : 161838 161839
22182 : 161840 161841
22183 : 161842 161843
22184 : 161844 161845
22185 : 161846 161847
22186 : 161848 161849
