57124 : 461917 461918
57125 : 461919 461920
57126 : 461921 461922
57127 : 461923 461924
57128 : 461925 461926
57129 : 461927 461928
57130 : 461929 461930
57131 : 461931 461932
57132 : 461933 461934
57133 : 461935 461936
57134 : 461937 461938
57135 : 461939 461940
57136 : 461941 461942
57137 : 461943 461944
57138 : 461945 461946
57139 : 461947 461948
57140 : 461949 461950
57141 : 461951 461952
57142 : 461953 461954
57143 : 461955 461956
57144 : 461957 461958
57145 : 461959 461960
57146 : 461961 461962
57147 : 461963 461964
57148 : 461965 461966
57149 : 461967 461968
57150 : 461969 461970
57151 : 461971 461972
57152 : 461973 461974
57153 : 461975 461976
57154 : 461977 461978
57155 : 461979 461980
57156 : 461981 461982
57157 : 461983 461984
57158 : 461985 461986
57159 : 461987 461988
57160 : 461989 461990
57161 : 461991 461992
57162 : 461993 461994
57163 : 461995 461996
57164 : 461997 461998
57165 : 461999 462000
57166 : 462001 462002
