10028 : 72261 72262
10029 : 72263 72264
10030 : 72265 72266
10031 : 72267 72268
10032 : 72269 72270
10033 : 72271 72272
10034 : 72273 72274
10035 : 72275 72276
10036 : 72277 72278
10037 : 72279 72280
10038 : 72281 72282
10039 : 72283 72284
10040 : 72285 72286
10041 : 72287 72288
10042 : 72289 72290
10043 : 72291 72292
10044 : 72293 72294
10045 : 72295 72296
10046 : 72297 72298
10047 : 72299 72300
10048 : 72301 72302
10049 : 72303 72304
10050 : 72305 72306
10051 : 72307 72308
10052 : 72309 72310
10053 : 72311 72312
10054 : 72313 72314
10055 : 72315 72316
10056 : 72317 72318
10057 : 72319 72320
10058 : 72321 72322
10059 : 72323 72324
10060 : 72325 72326
10061 : 72327 72328
10062 : 72329 72330
