19477 : 172802 172803
19478 : 172804 172805
19479 : 172806 172807
19480 : 172808 172809
19481 : 172810 172811
19482 : 172812 172813
19483 : 172814 172815
19484 : 172816 172817
19485 : 172818 172819
19486 : 172820 172821
19487 : 172822 172823
19488 : 172824 172825
19489 : 172826 172827
19490 : 172828 172829
19491 : 172830 172831
19492 : 172832 172833
19493 : 172834 172835
19494 : 172836 172837
19495 : 172838 172839
19496 : 172840 172841
19497 : 172842 172843
19498 : 172844 172845
19499 : 172846 172847
19500 : 172848 172849
19501 : 172850 172851
19502 : 172852 172853
19503 : 172854 172855
19504 : 172856 172857
19505 : 172858 172859
19506 : 172860 172861
19507 : 172862 172863
19508 : 172864 172865
19509 : 172866 172867
19510 : 172868 172869
