59079 : 337560 337561
59827 : 337562 337563
59958 : 337564 337565
59959 : 337566 337567
59960 : 337568 337569
59961 : 337570 337571
59962 : 337572 337573
59963 : 337574 337575
59964 : 337576 337577
59965 : 337578 337579
59966 : 337580 337581
59967 : 337582 337583
59968 : 337584 337585
59969 : 337586 337587
59970 : 337588 337589
59971 : 337590 337591
59972 : 337592 337593
59973 : 337594 337595
59974 : 337596 337597
59975 : 337598 337599
59976 : 337600 337601
59977 : 337602 337603
59978 : 337604 337605
59979 : 337606 337607
59980 : 337608 337609
59981 : 337610 337611
59982 : 337612 337613
59983 : 337614 337615
59984 : 337616 337617
59985 : 337618 337619
59986 : 337620 337621
59987 : 337622 337623
59988 : 337624 337625
59989 : 337626 337627
59990 : 337628 337629
59991 : 337630 337631
59992 : 337632 337633
59993 : 337634 337635
59994 : 337636 337637
59995 : 337638 337639
59996 : 337640 337641
59997 : 337642 337643
59998 : 337644 337645
59999 : 337646 337647
60000 : 337648 337649
60001 : 337650 337651
60002 : 337652 337653
60003 : 337654 337655
60004 : 337656 337657
60005 : 337658 337659
60006 : 337660 337661
60007 : 337662 337663
60008 : 337664 337665
60009 : 337666 337667
60010 : 337668 337669
60011 : 337670 337671
60012 : 337672 337673
60013 : 337674 337675
60014 : 337676 337677
60015 : 337678 337679
60016 : 337680 337681
60017 : 337682 337683
60018 : 337684 337685
60019 : 337686 337687
60020 : 337688 337689
60021 : 337690 337691
60022 : 337692 337693
60023 : 337694 337695
60024 : 337696 337697
60025 : 337698 337699
60026 : 337700 337701
60027 : 337702 337703
60028 : 337704 337705
60029 : 337706 337707
60030 : 337708 337709
60031 : 337710 337711
60032 : 337712 337713
60033 : 337714 337715
60034 : 337716 337717
60035 : 337718 337719
60036 : 337720 337721
60037 : 337722 337723
60038 : 337724 337725
60039 : 337726 337727
60040 : 337728 337729
60041 : 337730 337731
60042 : 337732 337733
60043 : 337734 337735
60044 : 337736 337737
60045 : 337738 337739
60046 : 337740 337741
60047 : 337742 337743
60048 : 337744 337745
60049 : 337746 337747
60050 : 337748 337749
60051 : 337750 337751
60052 : 337752 337753
60053 : 337754 337755
60054 : 337756 337757
60055 : 337758 337759
60056 : 337760 337761
