84177 : 485995 485996
84178 : 485997 485998
84179 : 485999 486000
84180 : 486001 486002
84181 : 486003 486004
84182 : 486005 486006
84183 : 486007 486008
84184 : 486009 486010
84185 : 486011 486012
84186 : 486013 486014
84187 : 486015 486016
84188 : 486017 486018
84189 : 486019 486020
84190 : 486021 486022
84191 : 486023 486024
84192 : 486025 486026
84193 : 486027 486028
84194 : 486029 486030
84195 : 486031 486032
84196 : 486033 486034
84197 : 486035 486036
84198 : 486037 486038
84199 : 486039 486040
84200 : 486041 486042
84201 : 486043 486044
84202 : 486045 486046
84203 : 486047 486048
84204 : 486049 486050
84205 : 486051 486052
84206 : 486053 486054
