34737 : 287113 287114
34738 : 287115 287116
34739 : 287117 287118
34740 : 287119 287120
34741 : 287121 287122
34742 : 287123 287124
34743 : 287125 287126
34744 : 287127 287128
34745 : 287129 287130
34746 : 287131 287132
34747 : 287133 287134
34748 : 287135 287136
34749 : 287137 287138
34750 : 287139 287140
34751 : 287141 287142
34752 : 287143 287144
34753 : 287145 287146
34754 : 287147 287148
34755 : 287149 287150
34756 : 287151 287152
34757 : 287153 287154
34758 : 287155 287156
34759 : 287157 287158
34760 : 287159 287160
34761 : 287161 287162
34762 : 287163 287164
34763 : 287165 287166
34764 : 287167 287168
34765 : 287169 287170
34766 : 287171 287172
34767 : 287173 287174
34768 : 287175 287176
34769 : 287177 287178
34770 : 287179 287180
34771 : 287181 287182
34772 : 287183 287184
34773 : 287185 287186
34774 : 287187 287188
34775 : 287189 287190
