5993 : 89121 89122
5994 : 89123 89124
5995 : 89125 89126
5996 : 89127 89128
5997 : 89129 89130
5998 : 89131 89132
5999 : 89133 89134
6000 : 89135 89136
6001 : 89137 89138
6002 : 89139 89140
6003 : 89141 89142
6004 : 89143 89144
6005 : 89145 89146
6006 : 89147 89148
6007 : 89149 89150
6008 : 89151 89152
6009 : 89153 89154
6010 : 89155 89156
6011 : 89157 89158
6012 : 89159 89160
6013 : 89161 89162
6014 : 89163 89164
6015 : 89165 89166
6016 : 89167 89168
6017 : 89169 89170
6018 : 89171 89172
6019 : 89173 89174
6020 : 89175 89176
6021 : 89177 89178
