10079 : 141481 141482
10080 : 141483 141484
10081 : 141485 141486
10082 : 141487 141488
10083 : 141489 141490
10084 : 141491 141492
10085 : 141493 141494
10086 : 141495 141496
10087 : 141497 141498
10088 : 141499 141500
10089 : 141501 141502
10090 : 141503 141504
10091 : 141505 141506
10092 : 141507 141508
10093 : 141509 141510
10094 : 141511 141512
10095 : 141513 141514
10096 : 141515 141516
10097 : 141517 141518
10098 : 141519 141520
10099 : 141521 141522
10100 : 141523 141524
10101 : 141525 141526
10102 : 141527 141528
10103 : 141529 141530
10104 : 141531 141532
10105 : 141533 141534
10106 : 141535 141536
10107 : 141537 141538
10108 : 141539 141540
10109 : 141541 141542
10110 : 141543 141544
10111 : 141545 141546
