27396 : 196603 196604
27397 : 196605 196606
27398 : 196607 196608
27399 : 196609 196610
27400 : 196611 196612
27401 : 196613 196614
27402 : 196615 196616
27403 : 196617 196618
27404 : 196619 196620
27405 : 196621 196622
27406 : 196623 196624
27407 : 196625 196626
27408 : 196627 196628
27409 : 196629 196630
27410 : 196631 196632
27411 : 196633 196634
27412 : 196635 196636
27413 : 196637 196638
27414 : 196639 196640
27415 : 196641 196642
27416 : 196643 196644
27417 : 196645 196646
27418 : 196647 196648
27419 : 196649 196650
27420 : 196651 196652
27421 : 196653 196654
27422 : 196655 196656
27423 : 196657 196658
27424 : 196659 196660
27425 : 196661 196662
27426 : 196663 196664
27427 : 196665 196666
27428 : 196667 196668
27429 : 196669 196670
27430 : 196671 196672
27431 : 196673 196674
27432 : 196675 196676
27433 : 196677 196678
27434 : 196679 196680
27435 : 196681 196682
27436 : 196683 196684
27437 : 196685 196686
27438 : 196687 196688
27439 : 196689 196690
27440 : 196691 196692
