9835 : 92401 92402
9836 : 92403 92404
9837 : 92405 92406
9838 : 92407 92408
9839 : 92409 92410
9840 : 92411 92412
9841 : 92413 92414
9842 : 92415 92416
9843 : 92417 92418
9844 : 92419 92420
9845 : 92421 92422
9846 : 92423 92424
9847 : 92425 92426
9848 : 92427 92428
9849 : 92429 92430
9850 : 92431 92432
9851 : 92433 92434
9852 : 92435 92436
9853 : 92437 92438
9854 : 92439 92440
9855 : 92441 92442
9856 : 92443 92444
9857 : 92445 92446
9858 : 92447 92448
9859 : 92449 92450
9860 : 92451 92452
9861 : 92453 92454
9862 : 92455 92456
9863 : 92457 92458
9864 : 92459 92460
9865 : 92461 92462
9866 : 92463 92464
9867 : 92465 92466
9868 : 92467 92468
9869 : 92469 92470
