23469 : 203893 203894
23470 : 203895 203896
23471 : 203897 203898
23472 : 203899 203900
23473 : 203901 203902
23474 : 203903 203904
23475 : 203905 203906
23476 : 203907 203908
23477 : 203909 203910
23478 : 203911 203912
23479 : 203913 203914
23480 : 203915 203916
23481 : 203917 203918
23482 : 203919 203920
23483 : 203921 203922
23484 : 203923 203924
23485 : 203925 203926
23486 : 203927 203928
23487 : 203929 203930
23488 : 203931 203932
23489 : 203933 203934
23490 : 203935 203936
23491 : 203937 203938
23492 : 203939 203940
23493 : 203941 203942
23494 : 203943 203944
23495 : 203945 203946
23496 : 203947 203948
23497 : 203949 203950
23498 : 203951 203952
23499 : 203953 203954
23500 : 203955 203956
23501 : 203957 203958
23502 : 203959 203960
23503 : 203961 203962
23504 : 203963 203964
23505 : 203965 203966
23506 : 203967 203968
23507 : 203969 203970
23508 : 203971 203972
23509 : 203973 203974
23510 : 203975 203976
