44058 : 359509 359510
44059 : 359511 359512
44060 : 359513 359514
44061 : 359515 359516
44062 : 359517 359518
44063 : 359519 359520
44064 : 359521 359522
44065 : 359523 359524
44066 : 359525 359526
44067 : 359527 359528
44068 : 359529 359530
44069 : 359531 359532
44070 : 359533 359534
44071 : 359535 359536
44072 : 359537 359538
44073 : 359539 359540
44074 : 359541 359542
44075 : 359543 359544
44076 : 359545 359546
44077 : 359547 359548
44078 : 359549 359550
44079 : 359551 359552
44080 : 359553 359554
44081 : 359555 359556
44082 : 359557 359558
44083 : 359559 359560
44084 : 359561 359562
44085 : 359563 359564
44086 : 359565 359566
44087 : 359567 359568
44088 : 359569 359570
44089 : 359571 359572
44090 : 359573 359574
44091 : 359575 359576
44092 : 359577 359578
44093 : 359579 359580
44094 : 359581 359582
44095 : 359583 359584
44096 : 359585 359586
44097 : 359587 359588
44098 : 359589 359590
44099 : 359591 359592
44100 : 359593 359594
44101 : 359595 359596
44102 : 359597 359598
44103 : 359599 359600
44104 : 359601 359602
44105 : 359603 359604
