44518 : 363239 363240
44634 : 363241 363242
44635 : 363243 363244
44636 : 363245 363246
44637 : 363247 363248
44638 : 363249 363250
44639 : 363251 363252
44640 : 363253 363254
44641 : 363255 363256
44642 : 363257 363258
44643 : 363259 363260
44644 : 363261 363262
44645 : 363263 363264
44646 : 363265 363266
44647 : 363267 363268
44648 : 363269 363270
44649 : 363271 363272
44650 : 363273 363274
44651 : 363275 363276
44652 : 363277 363278
44653 : 363279 363280
44654 : 363281 363282
44655 : 363283 363284
44656 : 363285 363286
44657 : 363287 363288
44658 : 363289 363290
44659 : 363291 363292
44660 : 363293 363294
44661 : 363295 363296
44662 : 363297 363298
44663 : 363299 363300
44664 : 363301 363302
44665 : 363303 363304
44666 : 363305 363306
44667 : 363307 363308
44668 : 363309 363310
44669 : 363311 363312
44670 : 363313 363314
44671 : 363315 363316
44672 : 363317 363318
44673 : 363319 363320
44674 : 363321 363322
44675 : 363323 363324
44676 : 363325 363326
44677 : 363327 363328
44678 : 363329 363330
