67119 : 410361 410362
67120 : 410363 410364
67121 : 410365 410366
67122 : 410367 410368
67123 : 410369 410370
67124 : 410371 410372
67125 : 410373 410374
67126 : 410375 410376
67127 : 410377 410378
67128 : 410379 410380
67129 : 410381 410382
67130 : 410383 410384
67131 : 410385 410386
67132 : 410387 410388
67133 : 410389 410390
67134 : 410391 410392
67135 : 410393 410394
67136 : 410395 410396
67137 : 410397 410398
67138 : 410399 410400
67139 : 410401 410402
67140 : 410403 410404
67141 : 410405 410406
67142 : 410407 410408
67143 : 410409 410410
67144 : 410411 410412
67145 : 410413 410414
67146 : 410415 410416
67147 : 410417 410418
67148 : 410419 410420
67149 : 410421 410422
67150 : 410423 410424
