11293 : 81829 81830
11294 : 81831 81832
11295 : 81833 81834
11296 : 81835 81836
11297 : 81837 81838
11298 : 81839 81840
11299 : 81841 81842
11300 : 81843 81844
11301 : 81845 81846
11302 : 81847 81848
11303 : 81849 81850
11304 : 81851 81852
11305 : 81853 81854
11306 : 81855 81856
11307 : 81857 81858
11308 : 81859 81860
11309 : 81861 81862
11310 : 81863 81864
11311 : 81865 81866
11312 : 81867 81868
11313 : 81869 81870
11314 : 81871 81872
11315 : 81873 81874
11316 : 81875 81876
11317 : 81877 81878
11318 : 81879 81880
11319 : 81881 81882
11320 : 81883 81884
11321 : 81885 81886
11322 : 81887 81888
11323 : 81889 81890
11324 : 81891 81892
11325 : 81893 81894
11326 : 81895 81896
