85512 : 499533 499534
85513 : 499535 499536
85514 : 499537 499538
85515 : 499539 499540
85516 : 499541 499542
85517 : 499543 499544
85518 : 499545 499546
85519 : 499547 499548
85520 : 499549 499550
85521 : 499551 499552
85522 : 499553 499554
85523 : 499555 499556
85524 : 499557 499558
85525 : 499559 499560
85526 : 499561 499562
85527 : 499563 499564
85528 : 499565 499566
85529 : 499567 499568
85530 : 499569 499570
85531 : 499571 499572
85532 : 499573 499574
85533 : 499575 499576
85534 : 499577 499578
85535 : 499579 499580
85536 : 499581 499582
85537 : 499583 499584
85538 : 499585 499586
85539 : 499587 499588
85540 : 499589 499590
85541 : 499591 499592
85542 : 499593 499594
85543 : 499595 499596
85544 : 499597 499598
85545 : 499599 499600
85546 : 499601 499602
85547 : 499603 499604
85548 : 499605 499606
85549 : 499607 499608
85550 : 499609 499610
85551 : 499611 499612
85552 : 499613 499614
85553 : 499615 499616
85554 : 499617 499618
85555 : 499619 499620
