5089 : 35458 35459
5090 : 35460 35461
5091 : 35462 35463
5092 : 35464 35465
5093 : 35466 35467
5094 : 35468 35469
5095 : 35470 35471
5096 : 35472 35473
5097 : 35474 35475
5098 : 35476 35477
5099 : 35478 35479
5100 : 35480 35481
5101 : 35482 35483
5102 : 35484 35485
5103 : 35486 35487
5104 : 35488 35489
5105 : 35490 35491
5106 : 35492 35493
5107 : 35494 35495
5108 : 35496 35497
5109 : 35498 35499
5110 : 35500 35501
5111 : 35502 35503
5112 : 35504 35505
5113 : 35506 35507
5114 : 35508 35509
5115 : 35510 35511
5116 : 35512 35513
