1822 : 12672 12673
1823 : 12674 12675
1824 : 12676 12677
1825 : 12678 12679
1826 : 12680 12681
1827 : 12682 12683
1828 : 12684 12685
1829 : 12686 12687
1830 : 12688 12689
1831 : 12690 12691
1832 : 12692 12693
1833 : 12694 12695
1834 : 12696 12697
1835 : 12698 12699
1836 : 12700 12701
1837 : 12702 12703
1838 : 12704 12705
1839 : 12706 12707
1840 : 12708 12709
1841 : 12710 12711
1842 : 12712 12713
1843 : 12714 12715
1844 : 12716 12717
1845 : 12718 12719
1846 : 12720 12721
1847 : 12722 12723
1848 : 12724 12725
1849 : 12726 12727
1850 : 12728 12729
1851 : 12730 12731
1852 : 12732 12733
1853 : 12734 12735
1854 : 12736 12737
1855 : 12738 12739
1856 : 12740 12741
1857 : 12742 12743
1858 : 12744 12745
1859 : 12746 12747
1860 : 12748 12749
