65039 : 395829 395830
65040 : 395831 395832
65041 : 395833 395834
65042 : 395835 395836
65043 : 395837 395838
65044 : 395839 395840
65045 : 395841 395842
65046 : 395843 395844
65047 : 395845 395846
65048 : 395847 395848
65049 : 395849 395850
65050 : 395851 395852
65051 : 395853 395854
65052 : 395855 395856
65053 : 395857 395858
65054 : 395859 395860
65055 : 395861 395862
65056 : 395863 395864
65057 : 395865 395866
65058 : 395867 395868
65059 : 395869 395870
65060 : 395871 395872
65061 : 395873 395874
65062 : 395875 395876
65063 : 395877 395878
65064 : 395879 395880
65065 : 395881 395882
65066 : 395883 395884
65067 : 395885 395886
65068 : 395887 395888
65069 : 395889 395890
65070 : 395891 395892
65071 : 395893 395894
65072 : 395895 395896
65073 : 395897 395898
65074 : 395899 395900
65075 : 395901 395902
65076 : 395903 395904
65077 : 395905 395906
65078 : 395907 395908
65079 : 395909 395910
65080 : 395911 395912
