58482 : 358961 358962
58483 : 358963 358964
58484 : 358965 358966
58485 : 358967 358968
58486 : 358969 358970
58487 : 358971 358972
58488 : 358973 358974
58489 : 358975 358976
58490 : 358977 358978
58491 : 358979 358980
58492 : 358981 358982
58493 : 358983 358984
58494 : 358985 358986
58495 : 358987 358988
58496 : 358989 358990
58497 : 358991 358992
58498 : 358993 358994
58499 : 358995 358996
58500 : 358997 358998
58501 : 358999 359000
58502 : 359001 359002
58503 : 359003 359004
58504 : 359005 359006
58505 : 359007 359008
58506 : 359009 359010
58507 : 359011 359012
58508 : 359013 359014
58509 : 359015 359016
58510 : 359017 359018
58511 : 359019 359020
58512 : 359021 359022
58513 : 359023 359024
58514 : 359025 359026
58515 : 359027 359028
58516 : 359029 359030
58517 : 359031 359032
58518 : 359033 359034
58519 : 359035 359036
58520 : 359037 359038
58521 : 359039 359040
58522 : 359041 359042
58523 : 359043 359044
58524 : 359045 359046
58525 : 359047 359048
58526 : 359049 359050
58527 : 359051 359052
58528 : 359053 359054
58529 : 359055 359056
58530 : 359057 359058
58531 : 359059 359060
58532 : 359061 359062
58533 : 359063 359064
58534 : 359065 359066
58535 : 359067 359068
58536 : 359069 359070
58537 : 359071 359072
58538 : 359073 359074
58539 : 359075 359076
58540 : 359077 359078
58541 : 359079 359080
