15032 : 109271 109272
15033 : 109273 109274
15034 : 109275 109276
15035 : 109277 109278
15036 : 109279 109280
15037 : 109281 109282
15038 : 109283 109284
15039 : 109285 109286
15040 : 109287 109288
15041 : 109289 109290
15042 : 109291 109292
15043 : 109293 109294
15044 : 109295 109296
15045 : 109297 109298
15046 : 109299 109300
15047 : 109301 109302
15048 : 109303 109304
15049 : 109305 109306
15050 : 109307 109308
15051 : 109309 109310
15052 : 109311 109312
15053 : 109313 109314
15054 : 109315 109316
15055 : 109317 109318
15056 : 109319 109320
15057 : 109321 109322
15058 : 109323 109324
15059 : 109325 109326
15060 : 109327 109328
15061 : 109329 109330
15062 : 109331 109332
15063 : 109333 109334
15064 : 109335 109336
15065 : 109337 109338
