10862 : 88650 88651
10863 : 88652 88653
10864 : 88654 88655
10865 : 88656 88657
10866 : 88658 88659
10867 : 88660 88661
10868 : 88662 88663
10869 : 88664 88665
10870 : 88666 88667
10871 : 88668 88669
10872 : 88670 88671
10873 : 88672 88673
10874 : 88674 88675
10875 : 88676 88677
10876 : 88678 88679
10877 : 88680 88681
10878 : 88682 88683
10879 : 88684 88685
10880 : 88686 88687
10881 : 88688 88689
10882 : 88690 88691
10883 : 88692 88693
10884 : 88694 88695
10885 : 88696 88697
10886 : 88698 88699
10887 : 88700 88701
10888 : 88702 88703
10889 : 88704 88705
10890 : 88706 88707
10891 : 88708 88709
10892 : 88710 88711
10893 : 88712 88713
10894 : 88714 88715
10895 : 88716 88717
10896 : 88718 88719
10897 : 88720 88721
10898 : 88722 88723
10899 : 88724 88725
10900 : 88726 88727
10901 : 88728 88729
10902 : 88730 88731
10903 : 88732 88733
10904 : 88734 88735
