50279 : 408042 408043
50280 : 408044 408045
50281 : 408046 408047
50282 : 408048 408049
50283 : 408050 408051
50284 : 408052 408053
50285 : 408054 408055
50286 : 408056 408057
50287 : 408058 408059
50288 : 408060 408061
50289 : 408062 408063
50290 : 408064 408065
50291 : 408066 408067
50292 : 408068 408069
50293 : 408070 408071
50294 : 408072 408073
50295 : 408074 408075
50296 : 408076 408077
50297 : 408078 408079
50298 : 408080 408081
50299 : 408082 408083
50300 : 408084 408085
50301 : 408086 408087
50302 : 408088 408089
50303 : 408090 408091
50304 : 408092 408093
50305 : 408094 408095
50306 : 408096 408097
50307 : 408098 408099
