8264 : 117831 117832
8265 : 117833 117834
8266 : 117835 117836
8267 : 117837 117838
8268 : 117839 117840
8269 : 117841 117842
8270 : 117843 117844
8271 : 117845 117846
8272 : 117847 117848
8273 : 117849 117850
8274 : 117851 117852
8275 : 117853 117854
8276 : 117855 117856
8277 : 117857 117858
8278 : 117859 117860
8279 : 117861 117862
8280 : 117863 117864
8281 : 117865 117866
8282 : 117867 117868
8283 : 117869 117870
8284 : 117871 117872
8285 : 117873 117874
8286 : 117875 117876
8287 : 117877 117878
8288 : 117879 117880
8289 : 117881 117882
8290 : 117883 117884
8291 : 117885 117886
