2651 : 18150 18151
2652 : 18152 18153
2653 : 18154 18155
2654 : 18156 18157
2655 : 18158 18159
2656 : 18160 18161
2657 : 18162 18163
2658 : 18164 18165
2659 : 18166 18167
2660 : 18168 18169
2661 : 18170 18171
2662 : 18172 18173
2663 : 18174 18175
2664 : 18176 18177
2665 : 18178 18179
2666 : 18180 18181
2667 : 18182 18183
2668 : 18184 18185
2669 : 18186 18187
2670 : 18188 18189
2671 : 18190 18191
2672 : 18192 18193
2673 : 18194 18195
2674 : 18196 18197
2675 : 18198 18199
2676 : 18200 18201
2677 : 18202 18203
2678 : 18204 18205
2679 : 18206 18207
2680 : 18208 18209
2681 : 18210 18211
2682 : 18212 18213
2683 : 18214 18215
