16546 : 119485 119486
16547 : 119487 119488
16548 : 119489 119490
16549 : 119491 119492
16550 : 119493 119494
16551 : 119495 119496
16552 : 119497 119498
16553 : 119499 119500
16554 : 119501 119502
16555 : 119503 119504
16556 : 119505 119506
16557 : 119507 119508
16558 : 119509 119510
16559 : 119511 119512
16560 : 119513 119514
16561 : 119515 119516
16562 : 119517 119518
16563 : 119519 119520
16564 : 119521 119522
16565 : 119523 119524
16566 : 119525 119526
16567 : 119527 119528
16568 : 119529 119530
16569 : 119531 119532
16570 : 119533 119534
16571 : 119535 119536
16572 : 119537 119538
