19950 : 177109 177110
19951 : 177111 177112
19952 : 177113 177114
19953 : 177115 177116
19954 : 177117 177118
19955 : 177119 177120
19956 : 177121 177122
19957 : 177123 177124
19958 : 177125 177126
19959 : 177127 177128
19960 : 177129 177130
19961 : 177131 177132
19962 : 177133 177134
19963 : 177135 177136
19964 : 177137 177138
19965 : 177139 177140
19966 : 177141 177142
19967 : 177143 177144
19968 : 177145 177146
19969 : 177147 177148
19970 : 177149 177150
19971 : 177151 177152
19972 : 177153 177154
19973 : 177155 177156
19974 : 177157 177158
19975 : 177159 177160
19976 : 177161 177162
19977 : 177163 177164
19978 : 177165 177166
19979 : 177167 177168
19980 : 177169 177170
19981 : 177171 177172
19982 : 177173 177174
19983 : 177175 177176
19984 : 177177 177178
19985 : 177179 177180
19986 : 177181 177182
