1449 : 19146 19147
1450 : 19148 19149
1451 : 19150 19151
1452 : 19152 19153
1453 : 19154 19155
1454 : 19156 19157
1455 : 19158 19159
1456 : 19160 19161
1457 : 19162 19163
1458 : 19164 19165
1459 : 19166 19167
1460 : 19168 19169
1461 : 19170 19171
1462 : 19172 19173
1463 : 19174 19175
1464 : 19176 19177
1465 : 19178 19179
1466 : 19180 19181
1467 : 19182 19183
1468 : 19184 19185
1469 : 19186 19187
1470 : 19188 19189
1471 : 19190 19191
1472 : 19192 19193
1473 : 19194 19195
1474 : 19196 19197
1475 : 19198 19199
