8254 : 58956 58957
8255 : 58958 58959
8256 : 58960 58961
8257 : 58962 58963
8258 : 58964 58965
8259 : 58966 58967
8260 : 58968 58969
8261 : 58970 58971
8262 : 58972 58973
8263 : 58974 58975
8264 : 58976 58977
8265 : 58978 58979
8266 : 58980 58981
8267 : 58982 58983
8268 : 58984 58985
8269 : 58986 58987
8270 : 58988 58989
8271 : 58990 58991
8272 : 58992 58993
8273 : 58994 58995
8274 : 58996 58997
8275 : 58998 58999
8276 : 59000 59001
8277 : 59002 59003
8278 : 59004 59005
8279 : 59006 59007
8280 : 59008 59009
8281 : 59010 59011
8282 : 59012 59013
8283 : 59014 59015
8284 : 59016 59017
