84253 : 486849 486850
84254 : 486851 486852
84255 : 486853 486854
84256 : 486855 486856
84257 : 486857 486858
84258 : 486859 486860
84259 : 486861 486862
84260 : 486863 486864
84261 : 486865 486866
84262 : 486867 486868
84263 : 486869 486870
84264 : 486871 486872
84265 : 486873 486874
84266 : 486875 486876
84267 : 486877 486878
84268 : 486879 486880
84269 : 486881 486882
84270 : 486883 486884
84271 : 486885 486886
84272 : 486887 486888
84273 : 486889 486890
84274 : 486891 486892
84275 : 486893 486894
84276 : 486895 486896
84277 : 486897 486898
84278 : 486899 486900
84279 : 486901 486902
84280 : 486903 486904
84281 : 486905 486906
84282 : 486907 486908
84283 : 486909 486910
84284 : 486911 486912
84285 : 486913 486914
84286 : 486915 486916
84287 : 486917 486918
84288 : 486919 486920
84289 : 486921 486922
84290 : 486923 486924
84291 : 486925 486926
84292 : 486927 486928
84293 : 486929 486930
84294 : 486931 486932
84295 : 486933 486934
