17804 : 130897 130898
18154 : 130899 130900
18155 : 130901 130902
18156 : 130903 130904
18157 : 130905 130906
18158 : 130907 130908
18159 : 130909 130910
18160 : 130911 130912
18161 : 130913 130914
18162 : 130915 130916
18163 : 130917 130918
18164 : 130919 130920
18165 : 130921 130922
18166 : 130923 130924
18167 : 130925 130926
18168 : 130927 130928
18169 : 130929 130930
18170 : 130931 130932
18171 : 130933 130934
18172 : 130935 130936
18173 : 130937 130938
18174 : 130939 130940
18175 : 130941 130942
18176 : 130943 130944
18177 : 130945 130946
18178 : 130947 130948
18179 : 130949 130950
18180 : 130951 130952
18181 : 130953 130954
18182 : 130955 130956
18183 : 130957 130958
18184 : 130959 130960
18185 : 130961 130962
18186 : 130963 130964
18187 : 130965 130966
18188 : 130967 130968
18189 : 130969 130970
18190 : 130971 130972
18191 : 130973 130974
18192 : 130975 130976
18193 : 130977 130978
18194 : 130979 130980
