86314 : 506492 506493
86315 : 506494 506495
86316 : 506496 506497
86317 : 506498 506499
86318 : 506500 506501
86319 : 506502 506503
86320 : 506504 506505
86321 : 506506 506507
86322 : 506508 506509
86323 : 506510 506511
86324 : 506512 506513
86325 : 506514 506515
86326 : 506516 506517
86327 : 506518 506519
86328 : 506520 506521
86329 : 506522 506523
86330 : 506524 506525
86331 : 506526 506527
86332 : 506528 506529
86333 : 506530 506531
86334 : 506532 506533
86335 : 506534 506535
86336 : 506536 506537
86337 : 506538 506539
86338 : 506540 506541
86339 : 506542 506543
86340 : 506544 506545
86341 : 506546 506547
86342 : 506548 506549
86343 : 506550 506551
86344 : 506552 506553
86345 : 506554 506555
86346 : 506556 506557
86347 : 506558 506559
86348 : 506560 506561
86349 : 506562 506563
86350 : 506564 506565
86351 : 506566 506567
86352 : 506568 506569
86353 : 506570 506571
86354 : 506572 506573
86355 : 506574 506575
