56279 : 455606 455607
56280 : 455608 455609
56281 : 455610 455611
56282 : 455612 455613
56283 : 455614 455615
56284 : 455616 455617
56285 : 455618 455619
56286 : 455620 455621
56287 : 455622 455623
56288 : 455624 455625
56289 : 455626 455627
56290 : 455628 455629
56291 : 455630 455631
56292 : 455632 455633
56293 : 455634 455635
56294 : 455636 455637
56295 : 455638 455639
56296 : 455640 455641
56297 : 455642 455643
56298 : 455644 455645
56299 : 455646 455647
56300 : 455648 455649
56301 : 455650 455651
56302 : 455652 455653
56303 : 455654 455655
56304 : 455656 455657
56305 : 455658 455659
56306 : 455660 455661
56307 : 455662 455663
56308 : 455664 455665
56309 : 455666 455667
56310 : 455668 455669
56311 : 455670 455671
56312 : 455672 455673
56313 : 455674 455675
56314 : 455676 455677
56315 : 455678 455679
56316 : 455680 455681
56317 : 455682 455683
56318 : 455684 455685
