26047 : 192693 192694
26275 : 192695 192696
26602 : 192697 192698
26684 : 192699 192700
26685 : 192701 192702
26686 : 192703 192704
26687 : 192705 192706
26688 : 192707 192708
26689 : 192709 192710
26690 : 192711 192712
26691 : 192713 192714
26692 : 192715 192716
26693 : 192717 192718
26694 : 192719 192720
26695 : 192721 192722
26696 : 192723 192724
26697 : 192725 192726
26698 : 192727 192728
26699 : 192729 192730
26700 : 192731 192732
26701 : 192733 192734
26702 : 192735 192736
26703 : 192737 192738
26704 : 192739 192740
26705 : 192741 192742
26706 : 192743 192744
26707 : 192745 192746
26708 : 192747 192748
26709 : 192749 192750
26710 : 192751 192752
26711 : 192753 192754
26712 : 192755 192756
26713 : 192757 192758
26714 : 192759 192760
26715 : 192761 192762
26716 : 192763 192764
26717 : 192765 192766
26718 : 192767 192768
26719 : 192769 192770
26720 : 192771 192772
26721 : 192773 192774
26722 : 192775 192776
26723 : 192777 192778
26724 : 192779 192780
26725 : 192781 192782
26726 : 192783 192784
26727 : 192785 192786
26728 : 192787 192788
26729 : 192789 192790
26730 : 192791 192792
26731 : 192793 192794
26732 : 192795 192796
