8576 : 121789 121790
8577 : 121791 121792
8578 : 121793 121794
8579 : 121795 121796
8580 : 121797 121798
8581 : 121799 121800
8582 : 121801 121802
8583 : 121803 121804
8584 : 121805 121806
8585 : 121807 121808
8586 : 121809 121810
8587 : 121811 121812
8588 : 121813 121814
8589 : 121815 121816
8590 : 121817 121818
8591 : 121819 121820
8592 : 121821 121822
8593 : 121823 121824
8594 : 121825 121826
8595 : 121827 121828
8596 : 121829 121830
8597 : 121831 121832
8598 : 121833 121834
8599 : 121835 121836
8600 : 121837 121838
8601 : 121839 121840
8602 : 121841 121842
8603 : 121843 121844
8604 : 121845 121846
8605 : 121847 121848
8606 : 121849 121850
8607 : 121851 121852
8608 : 121853 121854
8609 : 121855 121856
8610 : 121857 121858
8611 : 121859 121860
