1716 : 11887 11888
1717 : 11889 11890
1718 : 11891 11892
1719 : 11893 11894
1720 : 11895 11896
1721 : 11897 11898
1722 : 11899 11900
1723 : 11901 11902
1724 : 11903 11904
1725 : 11905 11906
1726 : 11907 11908
1727 : 11909 11910
1728 : 11911 11912
1729 : 11913 11914
1730 : 11915 11916
1731 : 11917 11918
1732 : 11919 11920
1733 : 11921 11922
1734 : 11923 11924
1735 : 11925 11926
1736 : 11927 11928
1737 : 11929 11930
1738 : 11931 11932
1739 : 11933 11934
1740 : 11935 11936
1741 : 11937 11938
1742 : 11939 11940
1743 : 11941 11942
1744 : 11943 11944
1745 : 11945 11946
1746 : 11947 11948
1747 : 11949 11950
1748 : 11951 11952
1749 : 11953 11954
1750 : 11955 11956
1751 : 11957 11958
1752 : 11959 11960
1753 : 11961 11962
1754 : 11963 11964
1755 : 11965 11966
1756 : 11967 11968
1757 : 11969 11970
1758 : 11971 11972
1759 : 11973 11974
1760 : 11975 11976
1761 : 11977 11978
1762 : 11979 11980
1763 : 11981 11982
1764 : 11983 11984
1765 : 11985 11986
1766 : 11987 11988
1767 : 11989 11990
1768 : 11991 11992
1769 : 11993 11994
1770 : 11995 11996
1771 : 11997 11998
1772 : 11999 12000
1773 : 12001 12002
1774 : 12003 12004
1775 : 12005 12006
1776 : 12007 12008
1777 : 12009 12010
1778 : 12011 12012
1779 : 12013 12014
1780 : 12015 12016
1781 : 12017 12018
1782 : 12019 12020
