42899 : 272629 272630
42900 : 272631 272632
42901 : 272633 272634
42902 : 272635 272636
42903 : 272637 272638
42904 : 272639 272640
42905 : 272641 272642
42906 : 272643 272644
42907 : 272645 272646
42908 : 272647 272648
42909 : 272649 272650
42910 : 272651 272652
42911 : 272653 272654
42912 : 272655 272656
42913 : 272657 272658
42914 : 272659 272660
42915 : 272661 272662
42916 : 272663 272664
42917 : 272665 272666
42918 : 272667 272668
42919 : 272669 272670
42920 : 272671 272672
42921 : 272673 272674
42922 : 272675 272676
42923 : 272677 272678
42924 : 272679 272680
42925 : 272681 272682
42926 : 272683 272684
42927 : 272685 272686
42928 : 272687 272688
42929 : 272689 272690
42930 : 272691 272692
42931 : 272693 272694
42932 : 272695 272696
42933 : 272697 272698
42934 : 272699 272700
42935 : 272701 272702
42936 : 272703 272704
42937 : 272705 272706
42938 : 272707 272708
42939 : 272709 272710
42940 : 272711 272712
42941 : 272713 272714
42942 : 272715 272716
42943 : 272717 272718
42944 : 272719 272720
42945 : 272721 272722
42946 : 272723 272724
42947 : 272725 272726
42948 : 272727 272728
42949 : 272729 272730
42950 : 272731 272732
42951 : 272733 272734
42952 : 272735 272736
42953 : 272737 272738
42954 : 272739 272740
42955 : 272741 272742
