28365 : 240504 240505
28366 : 240506 240507
28367 : 240508 240509
28368 : 240510 240511
28369 : 240512 240513
28370 : 240514 240515
28371 : 240516 240517
28372 : 240518 240519
28373 : 240520 240521
28374 : 240522 240523
28375 : 240524 240525
28376 : 240526 240527
28377 : 240528 240529
28378 : 240530 240531
28379 : 240532 240533
28380 : 240534 240535
28381 : 240536 240537
28382 : 240538 240539
28383 : 240540 240541
28384 : 240542 240543
28385 : 240544 240545
28386 : 240546 240547
28387 : 240548 240549
28388 : 240550 240551
28389 : 240552 240553
28390 : 240554 240555
28391 : 240556 240557
28392 : 240558 240559
