9952 : 140589 140590
9953 : 140591 140592
9954 : 140593 140594
9955 : 140595 140596
9956 : 140597 140598
9957 : 140599 140600
9958 : 140601 140602
9959 : 140603 140604
9960 : 140605 140606
9961 : 140607 140608
9962 : 140609 140610
9963 : 140611 140612
9964 : 140613 140614
9965 : 140615 140616
9966 : 140617 140618
9967 : 140619 140620
9968 : 140621 140622
9969 : 140623 140624
9970 : 140625 140626
9971 : 140627 140628
9972 : 140629 140630
9973 : 140631 140632
9974 : 140633 140634
9975 : 140635 140636
9976 : 140637 140638
9977 : 140639 140640
9978 : 140641 140642
9979 : 140643 140644
9980 : 140645 140646
9981 : 140647 140648
9982 : 140649 140650
9983 : 140651 140652
9984 : 140653 140654
9985 : 140655 140656
9986 : 140657 140658
9987 : 140659 140660
9988 : 140661 140662
9989 : 140663 140664
