100668 : 670807 670808
100669 : 670809 670810
100670 : 670811 670812
100671 : 670813 670814
100672 : 670815 670816
100673 : 670817 670818
100674 : 670819 670820
100675 : 670821 670822
100676 : 670823 670824
100677 : 670825 670826
100678 : 670827 670828
100679 : 670829 670830
100680 : 670831 670832
100681 : 670833 670834
100682 : 670835 670836
100683 : 670837 670838
100684 : 670839 670840
100685 : 670841 670842
100686 : 670843 670844
100687 : 670845 670846
100688 : 670847 670848
100689 : 670849 670850
100690 : 670851 670852
100691 : 670853 670854
100692 : 670855 670856
100693 : 670857 670858
100694 : 670859 670860
100695 : 670861 670862
100696 : 670863 670864
100697 : 670865 670866
100698 : 670867 670868
100699 : 670869 670870
100700 : 670871 670872
100701 : 670873 670874
100702 : 670875 670876
100703 : 670877 670878
100704 : 670879 670880
100705 : 670881 670882
100706 : 670883 670884
100707 : 670885 670886
100708 : 670887 670888
100709 : 670889 670890
100710 : 670891 670892
