-12 : 175052 175053
26613 : 175054 175055
26614 : 175056 175057
26615 : 175058 175059
26616 : 175060 175061
26617 : 175062 175063
26618 : 175064 175065
26619 : 175066 175067
26620 : 175068 175069
26621 : 175070 175071
26622 : 175072 175073
26623 : 175074 175075
26624 : 175076 175077
26625 : 175078 175079
26626 : 175080 175081
26627 : 175082 175083
26628 : 175084 175085
26629 : 175086 175087
26630 : 175088 175089
26631 : 175090 175091
26632 : 175092 175093
26633 : 175094 175095
26634 : 175096 175097
26635 : 175098 175099
26636 : 175100 175101
26637 : 175102 175103
26638 : 175104 175105
26639 : 175106 175107
26640 : 175108 175109
26641 : 175110 175111
26642 : 175112 175113
26643 : 175114 175115
26644 : 175116 175117
26645 : 175118 175119
26646 : 175120 175121
26647 : 175122 175123
26648 : 175124 175125
26649 : 175126 175127
26650 : 175128 175129
26651 : 175130 175131
26652 : 175132 175133
26653 : 175134 175135
26654 : 175136 175137
26655 : 175138 175139
26656 : 175140 175141
26657 : 175142 175143
26658 : 175144 175145
26659 : 175146 175147
26660 : 175148 175149
26661 : 175150 175151
26662 : 175152 175153
26663 : 175154 175155
26664 : 175156 175157
26665 : 175158 175159
26666 : 175160 175161
26667 : 175162 175163
26668 : 175164 175165
26669 : 175166 175167
26670 : 175168 175169
26671 : 175170 175171
26672 : 175172 175173
26673 : 175174 175175
26674 : 175176 175177
26675 : 175178 175179
26676 : 175180 175181
26677 : 175182 175183
26678 : 175184 175185
26679 : 175186 175187
26680 : 175188 175189
26681 : 175190 175191
26682 : 175192 175193
26683 : 175194 175195
26684 : 175196 175197
26685 : 175198 175199
26686 : 175200 175201
26687 : 175202 175203
26688 : 175204 175205
26689 : 175206 175207
26690 : 175208 175209
26691 : 175210 175211
26692 : 175212 175213
26693 : 175214 175215
26694 : 175216 175217
26695 : 175218 175219
26696 : 175220 175221
26697 : 175222 175223
26698 : 175224 175225
26699 : 175226 175227
26700 : 175228 175229
26701 : 175230 175231
26702 : 175232 175233
26703 : 175234 175235
26704 : 175236 175237
26705 : 175238 175239
26706 : 175240 175241
26707 : 175242 175243
26708 : 175244 175245
26709 : 175246 175247
26710 : 175248 175249
26711 : 175250 175251
26712 : 175252 175253
26713 : 175254 175255
26714 : 175256 175257
26715 : 175258 175259
26716 : 175260 175261
26717 : 175262 175263
26718 : 175264 175265
26719 : 175266 175267
26720 : 175268 175269
