21579 : 190530 190531
21762 : 190532 190533
21763 : 190534 190535
21764 : 190536 190537
21765 : 190538 190539
21766 : 190540 190541
21767 : 190542 190543
21768 : 190544 190545
21769 : 190546 190547
21770 : 190548 190549
21771 : 190550 190551
21772 : 190552 190553
21773 : 190554 190555
21774 : 190556 190557
21775 : 190558 190559
21776 : 190560 190561
21777 : 190562 190563
21778 : 190564 190565
21779 : 190566 190567
21780 : 190568 190569
21781 : 190570 190571
21782 : 190572 190573
21783 : 190574 190575
21784 : 190576 190577
21785 : 190578 190579
21786 : 190580 190581
21787 : 190582 190583
21788 : 190584 190585
21789 : 190586 190587
21790 : 190588 190589
21791 : 190590 190591
21792 : 190592 190593
21793 : 190594 190595
21794 : 190596 190597
21795 : 190598 190599
21796 : 190600 190601
21797 : 190602 190603
21798 : 190604 190605
21799 : 190606 190607
21800 : 190608 190609
21801 : 190610 190611
