39200 : 324601 324602
39201 : 324603 324604
39202 : 324605 324606
39203 : 324607 324608
39204 : 324609 324610
39205 : 324611 324612
39206 : 324613 324614
39207 : 324615 324616
39208 : 324617 324618
39209 : 324619 324620
39210 : 324621 324622
39211 : 324623 324624
39212 : 324625 324626
39213 : 324627 324628
39214 : 324629 324630
39215 : 324631 324632
39216 : 324633 324634
39217 : 324635 324636
39218 : 324637 324638
39219 : 324639 324640
39220 : 324641 324642
39221 : 324643 324644
39222 : 324645 324646
39223 : 324647 324648
39224 : 324649 324650
39225 : 324651 324652
39226 : 324653 324654
39227 : 324655 324656
39228 : 324657 324658
39229 : 324659 324660
39230 : 324661 324662
39231 : 324663 324664
39232 : 324665 324666
39233 : 324667 324668
39234 : 324669 324670
39235 : 324671 324672
39236 : 324673 324674
39237 : 324675 324676
