67408 : 412340 412341
67409 : 412342 412343
67410 : 412344 412345
67411 : 412346 412347
67412 : 412348 412349
67413 : 412350 412351
67414 : 412352 412353
67415 : 412354 412355
67416 : 412356 412357
67417 : 412358 412359
67418 : 412360 412361
67419 : 412362 412363
67420 : 412364 412365
67421 : 412366 412367
67422 : 412368 412369
67423 : 412370 412371
67424 : 412372 412373
67425 : 412374 412375
67426 : 412376 412377
67427 : 412378 412379
67428 : 412380 412381
67429 : 412382 412383
67430 : 412384 412385
67431 : 412386 412387
67432 : 412388 412389
67433 : 412390 412391
67434 : 412392 412393
67435 : 412394 412395
67436 : 412396 412397
67437 : 412398 412399
67438 : 412400 412401
67439 : 412402 412403
67440 : 412404 412405
67441 : 412406 412407
67442 : 412408 412409
67443 : 412410 412411
67444 : 412412 412413
67445 : 412414 412415
67446 : 412416 412417
