88468 : 524961 524962
88469 : 524963 524964
88470 : 524965 524966
88471 : 524967 524968
88472 : 524969 524970
88473 : 524971 524972
88474 : 524973 524974
88475 : 524975 524976
88476 : 524977 524978
88477 : 524979 524980
88478 : 524981 524982
88479 : 524983 524984
88480 : 524985 524986
88481 : 524987 524988
88482 : 524989 524990
88483 : 524991 524992
88484 : 524993 524994
88485 : 524995 524996
88486 : 524997 524998
88487 : 524999 525000
88488 : 525001 525002
88489 : 525003 525004
88490 : 525005 525006
88491 : 525007 525008
88492 : 525009 525010
88493 : 525011 525012
88494 : 525013 525014
88495 : 525015 525016
88496 : 525017 525018
88497 : 525019 525020
88498 : 525021 525022
88499 : 525023 525024
88500 : 525025 525026
88501 : 525027 525028
88502 : 525029 525030
88503 : 525031 525032
88504 : 525033 525034
88505 : 525035 525036
88506 : 525037 525038
88507 : 525039 525040
88508 : 525041 525042
88509 : 525043 525044
88510 : 525045 525046
88511 : 525047 525048
88512 : 525049 525050
88513 : 525051 525052
88514 : 525053 525054
88515 : 525055 525056
88516 : 525057 525058
