51603 : 419942 419943
51604 : 419944 419945
51605 : 419946 419947
51606 : 419948 419949
51607 : 419950 419951
51608 : 419952 419953
51609 : 419954 419955
51610 : 419956 419957
51611 : 419958 419959
51612 : 419960 419961
51613 : 419962 419963
51614 : 419964 419965
51615 : 419966 419967
51616 : 419968 419969
51617 : 419970 419971
51618 : 419972 419973
51619 : 419974 419975
51620 : 419976 419977
51621 : 419978 419979
51622 : 419980 419981
51623 : 419982 419983
51624 : 419984 419985
51625 : 419986 419987
51626 : 419988 419989
51627 : 419990 419991
51628 : 419992 419993
51629 : 419994 419995
51630 : 419996 419997
51631 : 419998 419999
51632 : 420000 420001
51633 : 420002 420003
51634 : 420004 420005
51635 : 420006 420007
51636 : 420008 420009
51637 : 420010 420011
51638 : 420012 420013
51639 : 420014 420015
51640 : 420016 420017
51641 : 420018 420019
51642 : 420020 420021
