1560 : 10187 10188
1561 : 10189 10190
1562 : 10191 10192
1563 : 10193 10194
1564 : 10195 10196
1565 : 10197 10198
1566 : 10199 10200
1567 : 10201 10202
1568 : 10203 10204
1569 : 10205 10206
1570 : 10207 10208
1571 : 10209 10210
1572 : 10211 10212
1573 : 10213 10214
1574 : 10215 10216
1575 : 10217 10218
1576 : 10219 10220
1577 : 10221 10222
1578 : 10223 10224
1579 : 10225 10226
1580 : 10227 10228
1581 : 10229 10230
1582 : 10231 10232
1583 : 10233 10234
1584 : 10235 10236
1585 : 10237 10238
1586 : 10239 10240
1587 : 10241 10242
1588 : 10243 10244
1589 : 10245 10246
1590 : 10247 10248
1591 : 10249 10250
1592 : 10251 10252
1593 : 10253 10254
1594 : 10255 10256
1595 : 10257 10258
1596 : 10259 10260
1597 : 10261 10262
1598 : 10263 10264
1599 : 10265 10266
1600 : 10267 10268
1601 : 10269 10270
1602 : 10271 10272
1603 : 10273 10274
1604 : 10275 10276
1605 : 10277 10278
1606 : 10279 10280
1607 : 10281 10282
1608 : 10283 10284
1609 : 10285 10286
1610 : 10287 10288
