9931 : 95993 95994
10264 : 95995 95996
10265 : 95997 95998
10266 : 95999 96000
10267 : 96001 96002
10268 : 96003 96004
10269 : 96005 96006
10270 : 96007 96008
10271 : 96009 96010
10272 : 96011 96012
10273 : 96013 96014
10274 : 96015 96016
10275 : 96017 96018
10276 : 96019 96020
10277 : 96021 96022
10278 : 96023 96024
10279 : 96025 96026
10280 : 96027 96028
10281 : 96029 96030
10282 : 96031 96032
10283 : 96033 96034
10284 : 96035 96036
10285 : 96037 96038
10286 : 96039 96040
10287 : 96041 96042
10288 : 96043 96044
10289 : 96045 96046
10290 : 96047 96048
10291 : 96049 96050
