54848 : 447789 447790
54849 : 447791 447792
54850 : 447793 447794
54851 : 447795 447796
54852 : 447797 447798
54853 : 447799 447800
54854 : 447801 447802
54855 : 447803 447804
54856 : 447805 447806
54857 : 447807 447808
54858 : 447809 447810
54859 : 447811 447812
54860 : 447813 447814
54861 : 447815 447816
54862 : 447817 447818
54863 : 447819 447820
54864 : 447821 447822
54865 : 447823 447824
54866 : 447825 447826
54867 : 447827 447828
54868 : 447829 447830
54869 : 447831 447832
54870 : 447833 447834
54871 : 447835 447836
54872 : 447837 447838
54873 : 447839 447840
54874 : 447841 447842
54875 : 447843 447844
54876 : 447845 447846
54877 : 447847 447848
54878 : 447849 447850
54879 : 447851 447852
54880 : 447853 447854
54881 : 447855 447856
54882 : 447857 447858
54883 : 447859 447860
54884 : 447861 447862
54885 : 447863 447864
