29941 : 208481 208482
29942 : 208483 208484
29943 : 208485 208486
29944 : 208487 208488
29945 : 208489 208490
29946 : 208491 208492
29947 : 208493 208494
29948 : 208495 208496
29949 : 208497 208498
29950 : 208499 208500
29951 : 208501 208502
29952 : 208503 208504
29953 : 208505 208506
29954 : 208507 208508
29955 : 208509 208510
29956 : 208511 208512
29957 : 208513 208514
29958 : 208515 208516
29959 : 208517 208518
29960 : 208519 208520
29961 : 208521 208522
29962 : 208523 208524
29963 : 208525 208526
29964 : 208527 208528
29965 : 208529 208530
29966 : 208531 208532
29967 : 208533 208534
29968 : 208535 208536
29969 : 208537 208538
29970 : 208539 208540
29971 : 208541 208542
29972 : 208543 208544
29973 : 208545 208546
29974 : 208547 208548
29975 : 208549 208550
29976 : 208551 208552
29977 : 208553 208554
29978 : 208555 208556
29979 : 208557 208558
29980 : 208559 208560
29981 : 208561 208562
29982 : 208563 208564
29983 : 208565 208566
29984 : 208567 208568
29985 : 208569 208570
29986 : 208571 208572
29987 : 208573 208574
29988 : 208575 208576
29989 : 208577 208578
29990 : 208579 208580
29991 : 208581 208582
29992 : 208583 208584
29993 : 208585 208586
29994 : 208587 208588
