10876 : 101283 101284
10877 : 101285 101286
10878 : 101287 101288
10879 : 101289 101290
10880 : 101291 101292
10881 : 101293 101294
10882 : 101295 101296
10883 : 101297 101298
10884 : 101299 101300
10885 : 101301 101302
10886 : 101303 101304
10887 : 101305 101306
10888 : 101307 101308
10889 : 101309 101310
10890 : 101311 101312
10891 : 101313 101314
10892 : 101315 101316
10893 : 101317 101318
10894 : 101319 101320
10895 : 101321 101322
10896 : 101323 101324
10897 : 101325 101326
10898 : 101327 101328
10899 : 101329 101330
10900 : 101331 101332
10901 : 101333 101334
10902 : 101335 101336
10903 : 101337 101338
10904 : 101339 101340
10905 : 101341 101342
10906 : 101343 101344
10907 : 101345 101346
10908 : 101347 101348
10909 : 101349 101350
