14483 : 96799 96800
14561 : 96801 96802
14569 : 96803 96804
14605 : 96805 96806
14606 : 96807 96808
14607 : 96809 96810
14608 : 96811 96812
14609 : 96813 96814
14610 : 96815 96816
14611 : 96817 96818
14612 : 96819 96820
14613 : 96821 96822
14614 : 96823 96824
14615 : 96825 96826
14616 : 96827 96828
14617 : 96829 96830
14618 : 96831 96832
14619 : 96833 96834
14620 : 96835 96836
14621 : 96837 96838
14622 : 96839 96840
14623 : 96841 96842
14624 : 96843 96844
14625 : 96845 96846
14626 : 96847 96848
14627 : 96849 96850
14628 : 96851 96852
14629 : 96853 96854
14630 : 96855 96856
14631 : 96857 96858
14632 : 96859 96860
14633 : 96861 96862
14634 : 96863 96864
14635 : 96865 96866
14636 : 96867 96868
14637 : 96869 96870
14638 : 96871 96872
14639 : 96873 96874
14640 : 96875 96876
14641 : 96877 96878
14642 : 96879 96880
14643 : 96881 96882
14644 : 96883 96884
