15149 : 120787 120788
15150 : 120789 120790
15151 : 120791 120792
15152 : 120793 120794
15153 : 120795 120796
15154 : 120797 120798
15155 : 120799 120800
15156 : 120801 120802
15157 : 120803 120804
15158 : 120805 120806
15159 : 120807 120808
15160 : 120809 120810
15161 : 120811 120812
15162 : 120813 120814
15163 : 120815 120816
15164 : 120817 120818
15165 : 120819 120820
15166 : 120821 120822
15167 : 120823 120824
15168 : 120825 120826
15169 : 120827 120828
15170 : 120829 120830
15171 : 120831 120832
15172 : 120833 120834
15173 : 120835 120836
15174 : 120837 120838
15175 : 120839 120840
15176 : 120841 120842
15177 : 120843 120844
15178 : 120845 120846
15179 : 120847 120848
15180 : 120849 120850
15181 : 120851 120852
15182 : 120853 120854
15183 : 120855 120856
15184 : 120857 120858
15185 : 120859 120860
15186 : 120861 120862
15187 : 120863 120864
15188 : 120865 120866
15189 : 120867 120868
15190 : 120869 120870
15191 : 120871 120872
15192 : 120873 120874
15193 : 120875 120876
15194 : 120877 120878
15195 : 120879 120880
15196 : 120881 120882
15197 : 120883 120884
15198 : 120885 120886
15199 : 120887 120888
15200 : 120889 120890
15201 : 120891 120892
15202 : 120893 120894
15203 : 120895 120896
15204 : 120897 120898
15205 : 120899 120900
15206 : 120901 120902
15207 : 120903 120904
15208 : 120905 120906
15209 : 120907 120908
15210 : 120909 120910
15211 : 120911 120912
15212 : 120913 120914
15213 : 120915 120916
15214 : 120917 120918
15215 : 120919 120920
