8519 : 60923 60924
8520 : 60925 60926
8521 : 60927 60928
8522 : 60929 60930
8523 : 60931 60932
8524 : 60933 60934
8525 : 60935 60936
8526 : 60937 60938
8527 : 60939 60940
8528 : 60941 60942
8529 : 60943 60944
8530 : 60945 60946
8531 : 60947 60948
8532 : 60949 60950
8533 : 60951 60952
8534 : 60953 60954
8535 : 60955 60956
8536 : 60957 60958
8537 : 60959 60960
8538 : 60961 60962
8539 : 60963 60964
8540 : 60965 60966
8541 : 60967 60968
8542 : 60969 60970
8543 : 60971 60972
8544 : 60973 60974
8545 : 60975 60976
8546 : 60977 60978
8547 : 60979 60980
