41137 : 261922 261923
41138 : 261924 261925
41139 : 261926 261927
41140 : 261928 261929
41141 : 261930 261931
41142 : 261932 261933
41143 : 261934 261935
41144 : 261936 261937
41145 : 261938 261939
41146 : 261940 261941
41147 : 261942 261943
41148 : 261944 261945
41149 : 261946 261947
41150 : 261948 261949
41151 : 261950 261951
41152 : 261952 261953
41153 : 261954 261955
41154 : 261956 261957
41155 : 261958 261959
41156 : 261960 261961
41157 : 261962 261963
41158 : 261964 261965
41159 : 261966 261967
41160 : 261968 261969
41161 : 261970 261971
41162 : 261972 261973
41163 : 261974 261975
41164 : 261976 261977
41165 : 261978 261979
41166 : 261980 261981
41167 : 261982 261983
41168 : 261984 261985
41169 : 261986 261987
41170 : 261988 261989
41171 : 261990 261991
41172 : 261992 261993
41173 : 261994 261995
41174 : 261996 261997
41175 : 261998 261999
41176 : 262000 262001
41177 : 262002 262003
41178 : 262004 262005
41179 : 262006 262007
41180 : 262008 262009
41181 : 262010 262011
41182 : 262012 262013
41183 : 262014 262015
41184 : 262016 262017
41185 : 262018 262019
41186 : 262020 262021
41187 : 262022 262023
41188 : 262024 262025
41189 : 262026 262027
41190 : 262028 262029
41191 : 262030 262031
41192 : 262032 262033
41193 : 262034 262035
