17459 : 126426 126427
17460 : 126428 126429
17461 : 126430 126431
17462 : 126432 126433
17463 : 126434 126435
17464 : 126436 126437
17465 : 126438 126439
17466 : 126440 126441
17467 : 126442 126443
17468 : 126444 126445
17469 : 126446 126447
17470 : 126448 126449
17471 : 126450 126451
17472 : 126452 126453
17473 : 126454 126455
17474 : 126456 126457
17475 : 126458 126459
17476 : 126460 126461
17477 : 126462 126463
17478 : 126464 126465
17479 : 126466 126467
17480 : 126468 126469
17481 : 126470 126471
17482 : 126472 126473
17483 : 126474 126475
17484 : 126476 126477
17485 : 126478 126479
17486 : 126480 126481
17487 : 126482 126483
17488 : 126484 126485
17489 : 126486 126487
17490 : 126488 126489
17491 : 126490 126491
17492 : 126492 126493
17493 : 126494 126495
17494 : 126496 126497
17495 : 126498 126499
17496 : 126500 126501
17497 : 126502 126503
17498 : 126504 126505
17499 : 126506 126507
17500 : 126508 126509
17501 : 126510 126511
