11337 : 155037 155038
11338 : 155039 155040
11339 : 155041 155042
11340 : 155043 155044
11341 : 155045 155046
11342 : 155047 155048
11343 : 155049 155050
11344 : 155051 155052
11345 : 155053 155054
11346 : 155055 155056
11347 : 155057 155058
11348 : 155059 155060
11349 : 155061 155062
11350 : 155063 155064
11351 : 155065 155066
11352 : 155067 155068
11353 : 155069 155070
11354 : 155071 155072
11355 : 155073 155074
11356 : 155075 155076
11357 : 155077 155078
11358 : 155079 155080
11359 : 155081 155082
11360 : 155083 155084
11361 : 155085 155086
11362 : 155087 155088
11363 : 155089 155090
11364 : 155091 155092
11365 : 155093 155094
11366 : 155095 155096
11367 : 155097 155098
11368 : 155099 155100
11369 : 155101 155102
11370 : 155103 155104
11371 : 155105 155106
11372 : 155107 155108
11373 : 155109 155110
