42357 : 268727 268728
42358 : 268729 268730
42359 : 268731 268732
42360 : 268733 268734
42361 : 268735 268736
42362 : 268737 268738
42363 : 268739 268740
42364 : 268741 268742
42365 : 268743 268744
42366 : 268745 268746
42367 : 268747 268748
42368 : 268749 268750
42369 : 268751 268752
42370 : 268753 268754
42371 : 268755 268756
42372 : 268757 268758
42373 : 268759 268760
42374 : 268761 268762
42375 : 268763 268764
42376 : 268765 268766
42377 : 268767 268768
42378 : 268769 268770
42379 : 268771 268772
42380 : 268773 268774
42381 : 268775 268776
42382 : 268777 268778
42383 : 268779 268780
42384 : 268781 268782
42385 : 268783 268784
42386 : 268785 268786
42387 : 268787 268788
42388 : 268789 268790
42389 : 268791 268792
42390 : 268793 268794
42391 : 268795 268796
42392 : 268797 268798
42393 : 268799 268800
42394 : 268801 268802
42395 : 268803 268804
42396 : 268805 268806
42397 : 268807 268808
42398 : 268809 268810
42399 : 268811 268812
42400 : 268813 268814
42401 : 268815 268816
42402 : 268817 268818
42403 : 268819 268820
42404 : 268821 268822
