67713 : 414848 414849
67714 : 414850 414851
67715 : 414852 414853
67716 : 414854 414855
67717 : 414856 414857
67718 : 414858 414859
67719 : 414860 414861
67720 : 414862 414863
67721 : 414864 414865
67722 : 414866 414867
67723 : 414868 414869
67724 : 414870 414871
67725 : 414872 414873
67726 : 414874 414875
67727 : 414876 414877
67728 : 414878 414879
67729 : 414880 414881
67730 : 414882 414883
67731 : 414884 414885
67732 : 414886 414887
67733 : 414888 414889
67734 : 414890 414891
67735 : 414892 414893
67736 : 414894 414895
67737 : 414896 414897
67738 : 414898 414899
67739 : 414900 414901
67740 : 414902 414903
67741 : 414904 414905
67742 : 414906 414907
67743 : 414908 414909
67744 : 414910 414911
67745 : 414912 414913
67746 : 414914 414915
67747 : 414916 414917
67748 : 414918 414919
67749 : 414920 414921
67750 : 414922 414923
67751 : 414924 414925
67752 : 414926 414927
67753 : 414928 414929
67754 : 414930 414931
