44177 : 362520 362521
44178 : 362522 362523
44179 : 362524 362525
44180 : 362526 362527
44181 : 362528 362529
44182 : 362530 362531
44183 : 362532 362533
44184 : 362534 362535
44185 : 362536 362537
44186 : 362538 362539
44187 : 362540 362541
44188 : 362542 362543
44189 : 362544 362545
44190 : 362546 362547
44191 : 362548 362549
44192 : 362550 362551
44193 : 362552 362553
44194 : 362554 362555
44195 : 362556 362557
44196 : 362558 362559
44197 : 362560 362561
44198 : 362562 362563
44199 : 362564 362565
44200 : 362566 362567
44201 : 362568 362569
44202 : 362570 362571
44203 : 362572 362573
44204 : 362574 362575
44205 : 362576 362577
44206 : 362578 362579
44207 : 362580 362581
44208 : 362582 362583
44209 : 362584 362585
44210 : 362586 362587
44211 : 362588 362589
44212 : 362590 362591
44213 : 362592 362593
44214 : 362594 362595
44215 : 362596 362597
44216 : 362598 362599
44217 : 362600 362601
