67107 : 409003 409004
67108 : 409005 409006
67109 : 409007 409008
67110 : 409009 409010
67111 : 409011 409012
67112 : 409013 409014
67113 : 409015 409016
67114 : 409017 409018
67115 : 409019 409020
67116 : 409021 409022
67117 : 409023 409024
67118 : 409025 409026
67119 : 409027 409028
67120 : 409029 409030
67121 : 409031 409032
67122 : 409033 409034
67123 : 409035 409036
67124 : 409037 409038
67125 : 409039 409040
67126 : 409041 409042
67127 : 409043 409044
67128 : 409045 409046
67129 : 409047 409048
67130 : 409049 409050
67131 : 409051 409052
67132 : 409053 409054
67133 : 409055 409056
67134 : 409057 409058
67135 : 409059 409060
67136 : 409061 409062
67137 : 409063 409064
67138 : 409065 409066
67139 : 409067 409068
67140 : 409069 409070
67141 : 409071 409072
67142 : 409073 409074
