57193 : 465626 465627
57194 : 465628 465629
57195 : 465630 465631
57196 : 465632 465633
57197 : 465634 465635
57198 : 465636 465637
57199 : 465638 465639
57200 : 465640 465641
57201 : 465642 465643
57202 : 465644 465645
57203 : 465646 465647
57204 : 465648 465649
57205 : 465650 465651
57206 : 465652 465653
57207 : 465654 465655
57208 : 465656 465657
57209 : 465658 465659
57210 : 465660 465661
57211 : 465662 465663
57212 : 465664 465665
57213 : 465666 465667
57214 : 465668 465669
57215 : 465670 465671
57216 : 465672 465673
57217 : 465674 465675
57218 : 465676 465677
57219 : 465678 465679
57220 : 465680 465681
57221 : 465682 465683
57222 : 465684 465685
57223 : 465686 465687
57224 : 465688 465689
57225 : 465690 465691
57226 : 465692 465693
57227 : 465694 465695
57228 : 465696 465697
57229 : 465698 465699
57230 : 465700 465701
57231 : 465702 465703
57232 : 465704 465705
57233 : 465706 465707
57234 : 465708 465709
57235 : 465710 465711
57236 : 465712 465713
57237 : 465714 465715
57238 : 465716 465717
