97997 : 635495 635496
97998 : 635497 635498
97999 : 635499 635500
98000 : 635501 635502
98001 : 635503 635504
98002 : 635505 635506
98003 : 635507 635508
98004 : 635509 635510
98005 : 635511 635512
98006 : 635513 635514
98007 : 635515 635516
98008 : 635517 635518
98009 : 635519 635520
98010 : 635521 635522
98011 : 635523 635524
98012 : 635525 635526
98013 : 635527 635528
98014 : 635529 635530
98015 : 635531 635532
98016 : 635533 635534
98017 : 635535 635536
98018 : 635537 635538
98019 : 635539 635540
98020 : 635541 635542
98021 : 635543 635544
