35989 : 238148 238149
36472 : 238150 238151
36627 : 238152 238153
36628 : 238154 238155
36629 : 238156 238157
36630 : 238158 238159
36631 : 238160 238161
36632 : 238162 238163
36633 : 238164 238165
36634 : 238166 238167
36635 : 238168 238169
36636 : 238170 238171
36637 : 238172 238173
36638 : 238174 238175
36639 : 238176 238177
36640 : 238178 238179
36641 : 238180 238181
36642 : 238182 238183
36643 : 238184 238185
36644 : 238186 238187
36645 : 238188 238189
36646 : 238190 238191
36647 : 238192 238193
36648 : 238194 238195
36649 : 238196 238197
36650 : 238198 238199
36651 : 238200 238201
36652 : 238202 238203
36653 : 238204 238205
36654 : 238206 238207
36655 : 238208 238209
36656 : 238210 238211
36657 : 238212 238213
36658 : 238214 238215
36659 : 238216 238217
36660 : 238218 238219
36661 : 238220 238221
36662 : 238222 238223
36663 : 238224 238225
36664 : 238226 238227
36665 : 238228 238229
36666 : 238230 238231
36667 : 238232 238233
36668 : 238234 238235
36669 : 238236 238237
36670 : 238238 238239
36671 : 238240 238241
36672 : 238242 238243
36673 : 238244 238245
36674 : 238246 238247
36675 : 238248 238249
