30930 : 199249 199250
31405 : 199251 199252
31406 : 199253 199254
31407 : 199255 199256
31408 : 199257 199258
31409 : 199259 199260
31410 : 199261 199262
31411 : 199263 199264
31412 : 199265 199266
31413 : 199267 199268
31414 : 199269 199270
31415 : 199271 199272
31416 : 199273 199274
31417 : 199275 199276
31418 : 199277 199278
31419 : 199279 199280
31420 : 199281 199282
31421 : 199283 199284
31422 : 199285 199286
31423 : 199287 199288
31424 : 199289 199290
31425 : 199291 199292
31426 : 199293 199294
31427 : 199295 199296
31428 : 199297 199298
31429 : 199299 199300
31430 : 199301 199302
31431 : 199303 199304
31432 : 199305 199306
31433 : 199307 199308
31434 : 199309 199310
31435 : 199311 199312
31436 : 199313 199314
31437 : 199315 199316
31438 : 199317 199318
31439 : 199319 199320
31440 : 199321 199322
31441 : 199323 199324
31442 : 199325 199326
31443 : 199327 199328
31444 : 199329 199330
31445 : 199331 199332
31446 : 199333 199334
31447 : 199335 199336
31448 : 199337 199338
31449 : 199339 199340
31450 : 199341 199342
31451 : 199343 199344
31452 : 199345 199346
31453 : 199347 199348
31454 : 199349 199350
31455 : 199351 199352
31456 : 199353 199354
31457 : 199355 199356
31458 : 199357 199358
31459 : 199359 199360
31460 : 199361 199362
31461 : 199363 199364
31462 : 199365 199366
31463 : 199367 199368
31464 : 199369 199370
31465 : 199371 199372
31466 : 199373 199374
31467 : 199375 199376
31468 : 199377 199378
31469 : 199379 199380
31470 : 199381 199382
31471 : 199383 199384
31472 : 199385 199386
31473 : 199387 199388
31474 : 199389 199390
