27668 : 235746 235747
27669 : 235748 235749
27670 : 235750 235751
27671 : 235752 235753
27672 : 235754 235755
27673 : 235756 235757
27674 : 235758 235759
27675 : 235760 235761
27676 : 235762 235763
27677 : 235764 235765
27678 : 235766 235767
27679 : 235768 235769
27680 : 235770 235771
27681 : 235772 235773
27682 : 235774 235775
27683 : 235776 235777
27684 : 235778 235779
27685 : 235780 235781
27686 : 235782 235783
27687 : 235784 235785
27688 : 235786 235787
27689 : 235788 235789
27690 : 235790 235791
27691 : 235792 235793
27692 : 235794 235795
27693 : 235796 235797
27694 : 235798 235799
27695 : 235800 235801
27696 : 235802 235803
27697 : 235804 235805
27698 : 235806 235807
