23547 : 203777 203778
23548 : 203779 203780
23549 : 203781 203782
23550 : 203783 203784
23551 : 203785 203786
23552 : 203787 203788
23553 : 203789 203790
23554 : 203791 203792
23555 : 203793 203794
23556 : 203795 203796
23557 : 203797 203798
23558 : 203799 203800
23559 : 203801 203802
23560 : 203803 203804
23561 : 203805 203806
23562 : 203807 203808
23563 : 203809 203810
23564 : 203811 203812
23565 : 203813 203814
23566 : 203815 203816
23567 : 203817 203818
23568 : 203819 203820
23569 : 203821 203822
23570 : 203823 203824
23571 : 203825 203826
23572 : 203827 203828
23573 : 203829 203830
23574 : 203831 203832
23575 : 203833 203834
23576 : 203835 203836
23577 : 203837 203838
23578 : 203839 203840
23579 : 203841 203842
23580 : 203843 203844
