14790 : 135224 135225
14791 : 135226 135227
14792 : 135228 135229
14793 : 135230 135231
14794 : 135232 135233
14795 : 135234 135235
14796 : 135236 135237
14797 : 135238 135239
14798 : 135240 135241
14799 : 135242 135243
14800 : 135244 135245
14801 : 135246 135247
14802 : 135248 135249
14803 : 135250 135251
14804 : 135252 135253
14805 : 135254 135255
14806 : 135256 135257
14807 : 135258 135259
14808 : 135260 135261
14809 : 135262 135263
14810 : 135264 135265
14811 : 135266 135267
14812 : 135268 135269
14813 : 135270 135271
14814 : 135272 135273
14815 : 135274 135275
14816 : 135276 135277
14817 : 135278 135279
14818 : 135280 135281
14819 : 135282 135283
14820 : 135284 135285
14821 : 135286 135287
14822 : 135288 135289
14823 : 135290 135291
14824 : 135292 135293
14825 : 135294 135295
14826 : 135296 135297
14827 : 135298 135299
14828 : 135300 135301
14829 : 135302 135303
14830 : 135304 135305
14831 : 135306 135307
14832 : 135308 135309
14833 : 135310 135311
14834 : 135312 135313
14835 : 135314 135315
14836 : 135316 135317
14837 : 135318 135319
14838 : 135320 135321
14839 : 135322 135323
