72466 : 446221 446222
72467 : 446223 446224
72468 : 446225 446226
72469 : 446227 446228
72470 : 446229 446230
72471 : 446231 446232
72472 : 446233 446234
72473 : 446235 446236
72474 : 446237 446238
72475 : 446239 446240
72476 : 446241 446242
72477 : 446243 446244
72478 : 446245 446246
72479 : 446247 446248
72480 : 446249 446250
72481 : 446251 446252
72482 : 446253 446254
72483 : 446255 446256
72484 : 446257 446258
72485 : 446259 446260
72486 : 446261 446262
72487 : 446263 446264
72488 : 446265 446266
72489 : 446267 446268
72490 : 446269 446270
72491 : 446271 446272
72492 : 446273 446274
72493 : 446275 446276
72494 : 446277 446278
72495 : 446279 446280
72496 : 446281 446282
72497 : 446283 446284
72498 : 446285 446286
72499 : 446287 446288
72500 : 446289 446290
72501 : 446291 446292
72502 : 446293 446294
72503 : 446295 446296
72504 : 446297 446298
72505 : 446299 446300
72506 : 446301 446302
72507 : 446303 446304
