60614 : 371794 371795
60615 : 371796 371797
60616 : 371798 371799
60617 : 371800 371801
60618 : 371802 371803
60619 : 371804 371805
60620 : 371806 371807
60621 : 371808 371809
60622 : 371810 371811
60623 : 371812 371813
60624 : 371814 371815
60625 : 371816 371817
60626 : 371818 371819
60627 : 371820 371821
60628 : 371822 371823
60629 : 371824 371825
60630 : 371826 371827
60631 : 371828 371829
60632 : 371830 371831
60633 : 371832 371833
60634 : 371834 371835
60635 : 371836 371837
60636 : 371838 371839
60637 : 371840 371841
60638 : 371842 371843
60639 : 371844 371845
60640 : 371846 371847
60641 : 371848 371849
60642 : 371850 371851
60643 : 371852 371853
60644 : 371854 371855
60645 : 371856 371857
60646 : 371858 371859
60647 : 371860 371861
60648 : 371862 371863
60649 : 371864 371865
60650 : 371866 371867
60651 : 371868 371869
60652 : 371870 371871
60653 : 371872 371873
60654 : 371874 371875
60655 : 371876 371877
60656 : 371878 371879
60657 : 371880 371881
60658 : 371882 371883
60659 : 371884 371885
60660 : 371886 371887
60661 : 371888 371889
60662 : 371890 371891
