11149 : 79107 79108
11150 : 79109 79110
11151 : 79111 79112
11152 : 79113 79114
11153 : 79115 79116
11154 : 79117 79118
11155 : 79119 79120
11156 : 79121 79122
11157 : 79123 79124
11158 : 79125 79126
11159 : 79127 79128
11160 : 79129 79130
11161 : 79131 79132
11162 : 79133 79134
11163 : 79135 79136
11164 : 79137 79138
11165 : 79139 79140
11166 : 79141 79142
11167 : 79143 79144
11168 : 79145 79146
11169 : 79147 79148
11170 : 79149 79150
11171 : 79151 79152
11172 : 79153 79154
11173 : 79155 79156
11174 : 79157 79158
11175 : 79159 79160
11176 : 79161 79162
11177 : 79163 79164
11178 : 79165 79166
11179 : 79167 79168
11180 : 79169 79170
11181 : 79171 79172
11182 : 79173 79174
11183 : 79175 79176
11184 : 79177 79178
11185 : 79179 79180
11186 : 79181 79182
11187 : 79183 79184
