6079 : 57606 57607
6080 : 57608 57609
6081 : 57610 57611
6082 : 57612 57613
6083 : 57614 57615
6084 : 57616 57617
6085 : 57618 57619
6086 : 57620 57621
6087 : 57622 57623
6088 : 57624 57625
6089 : 57626 57627
6090 : 57628 57629
6091 : 57630 57631
6092 : 57632 57633
6093 : 57634 57635
6094 : 57636 57637
6095 : 57638 57639
6096 : 57640 57641
6097 : 57642 57643
6098 : 57644 57645
6099 : 57646 57647
6100 : 57648 57649
6101 : 57650 57651
6102 : 57652 57653
6103 : 57654 57655
6104 : 57656 57657
6105 : 57658 57659
6106 : 57660 57661
6107 : 57662 57663
6108 : 57664 57665
6109 : 57666 57667
6110 : 57668 57669
6111 : 57670 57671
6112 : 57672 57673
6113 : 57674 57675
