39736 : 254832 254833
39737 : 254834 254835
39738 : 254836 254837
39739 : 254838 254839
39740 : 254840 254841
39741 : 254842 254843
39742 : 254844 254845
39743 : 254846 254847
39744 : 254848 254849
39745 : 254850 254851
39746 : 254852 254853
39747 : 254854 254855
39748 : 254856 254857
39749 : 254858 254859
39750 : 254860 254861
39751 : 254862 254863
39752 : 254864 254865
39753 : 254866 254867
39754 : 254868 254869
39755 : 254870 254871
39756 : 254872 254873
39757 : 254874 254875
39758 : 254876 254877
39759 : 254878 254879
39760 : 254880 254881
39761 : 254882 254883
39762 : 254884 254885
39763 : 254886 254887
39764 : 254888 254889
39765 : 254890 254891
39766 : 254892 254893
39767 : 254894 254895
39768 : 254896 254897
39769 : 254898 254899
39770 : 254900 254901
39771 : 254902 254903
39772 : 254904 254905
39773 : 254906 254907
39774 : 254908 254909
39775 : 254910 254911
39776 : 254912 254913
39777 : 254914 254915
39778 : 254916 254917
39779 : 254918 254919
39780 : 254920 254921
39781 : 254922 254923
