54520 : 444656 444657
54521 : 444658 444659
54522 : 444660 444661
54523 : 444662 444663
54524 : 444664 444665
54525 : 444666 444667
54526 : 444668 444669
54527 : 444670 444671
54528 : 444672 444673
54529 : 444674 444675
54530 : 444676 444677
54531 : 444678 444679
54532 : 444680 444681
54533 : 444682 444683
54534 : 444684 444685
54535 : 444686 444687
54536 : 444688 444689
54537 : 444690 444691
54538 : 444692 444693
54539 : 444694 444695
54540 : 444696 444697
54541 : 444698 444699
54542 : 444700 444701
54543 : 444702 444703
54544 : 444704 444705
54545 : 444706 444707
54546 : 444708 444709
54547 : 444710 444711
54548 : 444712 444713
54549 : 444714 444715
54550 : 444716 444717
54551 : 444718 444719
54552 : 444720 444721
54553 : 444722 444723
54554 : 444724 444725
