31770 : 266445 266446
31771 : 266447 266448
31772 : 266449 266450
31773 : 266451 266452
31774 : 266453 266454
31775 : 266455 266456
31776 : 266457 266458
31777 : 266459 266460
31778 : 266461 266462
31779 : 266463 266464
31780 : 266465 266466
31781 : 266467 266468
31782 : 266469 266470
31783 : 266471 266472
31784 : 266473 266474
31785 : 266475 266476
31786 : 266477 266478
31787 : 266479 266480
31788 : 266481 266482
31789 : 266483 266484
31790 : 266485 266486
31791 : 266487 266488
31792 : 266489 266490
31793 : 266491 266492
31794 : 266493 266494
31795 : 266495 266496
31796 : 266497 266498
31797 : 266499 266500
31798 : 266501 266502
31799 : 266503 266504
31800 : 266505 266506
31801 : 266507 266508
31802 : 266509 266510
31803 : 266511 266512
31804 : 266513 266514
31805 : 266515 266516
31806 : 266517 266518
31807 : 266519 266520
31808 : 266521 266522
31809 : 266523 266524
31810 : 266525 266526
31811 : 266527 266528
