47539 : 389399 389400
47540 : 389401 389402
47541 : 389403 389404
47542 : 389405 389406
47543 : 389407 389408
47544 : 389409 389410
47545 : 389411 389412
47546 : 389413 389414
47547 : 389415 389416
47548 : 389417 389418
47549 : 389419 389420
47550 : 389421 389422
47551 : 389423 389424
47552 : 389425 389426
47553 : 389427 389428
47554 : 389429 389430
47555 : 389431 389432
47556 : 389433 389434
47557 : 389435 389436
47558 : 389437 389438
47559 : 389439 389440
47560 : 389441 389442
47561 : 389443 389444
47562 : 389445 389446
47563 : 389447 389448
47564 : 389449 389450
47565 : 389451 389452
47566 : 389453 389454
47567 : 389455 389456
47568 : 389457 389458
47569 : 389459 389460
47570 : 389461 389462
47571 : 389463 389464
