18283 : 131898 131899
18284 : 131900 131901
18285 : 131902 131903
18286 : 131904 131905
18287 : 131906 131907
18288 : 131908 131909
18289 : 131910 131911
18290 : 131912 131913
18291 : 131914 131915
18292 : 131916 131917
18293 : 131918 131919
18294 : 131920 131921
18295 : 131922 131923
18296 : 131924 131925
18297 : 131926 131927
18298 : 131928 131929
18299 : 131930 131931
18300 : 131932 131933
18301 : 131934 131935
18302 : 131936 131937
18303 : 131938 131939
18304 : 131940 131941
18305 : 131942 131943
18306 : 131944 131945
18307 : 131946 131947
18308 : 131948 131949
18309 : 131950 131951
18310 : 131952 131953
18311 : 131954 131955
18312 : 131956 131957
18313 : 131958 131959
