43271 : 356421 356422
43272 : 356423 356424
43273 : 356425 356426
43274 : 356427 356428
43275 : 356429 356430
43276 : 356431 356432
43277 : 356433 356434
43278 : 356435 356436
43279 : 356437 356438
43280 : 356439 356440
43281 : 356441 356442
43282 : 356443 356444
43283 : 356445 356446
43284 : 356447 356448
43285 : 356449 356450
43286 : 356451 356452
43287 : 356453 356454
43288 : 356455 356456
43289 : 356457 356458
43290 : 356459 356460
43291 : 356461 356462
43292 : 356463 356464
43293 : 356465 356466
43294 : 356467 356468
43295 : 356469 356470
43296 : 356471 356472
43297 : 356473 356474
43298 : 356475 356476
43299 : 356477 356478
43300 : 356479 356480
43301 : 356481 356482
43302 : 356483 356484
43303 : 356485 356486
43304 : 356487 356488
43305 : 356489 356490
43306 : 356491 356492
43307 : 356493 356494
43308 : 356495 356496
43309 : 356497 356498
43310 : 356499 356500
43311 : 356501 356502
43312 : 356503 356504
43313 : 356505 356506
43314 : 356507 356508
43315 : 356509 356510
43316 : 356511 356512
43317 : 356513 356514
43318 : 356515 356516
43319 : 356517 356518
