46616 : 381921 381922
46617 : 381923 381924
46618 : 381925 381926
46619 : 381927 381928
46620 : 381929 381930
46621 : 381931 381932
46622 : 381933 381934
46623 : 381935 381936
46624 : 381937 381938
46625 : 381939 381940
46626 : 381941 381942
46627 : 381943 381944
46628 : 381945 381946
46629 : 381947 381948
46630 : 381949 381950
46631 : 381951 381952
46632 : 381953 381954
46633 : 381955 381956
46634 : 381957 381958
46635 : 381959 381960
46636 : 381961 381962
46637 : 381963 381964
46638 : 381965 381966
46639 : 381967 381968
46640 : 381969 381970
46641 : 381971 381972
46642 : 381973 381974
