23887 : 163968 163969
24105 : 163970 163971
24106 : 163972 163973
24107 : 163974 163975
24108 : 163976 163977
24109 : 163978 163979
24110 : 163980 163981
24111 : 163982 163983
24112 : 163984 163985
24113 : 163986 163987
24114 : 163988 163989
24115 : 163990 163991
24116 : 163992 163993
24117 : 163994 163995
24118 : 163996 163997
24119 : 163998 163999
24120 : 164000 164001
24121 : 164002 164003
24122 : 164004 164005
24123 : 164006 164007
24124 : 164008 164009
24125 : 164010 164011
24126 : 164012 164013
24127 : 164014 164015
24128 : 164016 164017
24129 : 164018 164019
24130 : 164020 164021
24131 : 164022 164023
24132 : 164024 164025
24133 : 164026 164027
24134 : 164028 164029
24135 : 164030 164031
24136 : 164032 164033
24137 : 164034 164035
24138 : 164036 164037
24139 : 164038 164039
24140 : 164040 164041
24141 : 164042 164043
24142 : 164044 164045
24143 : 164046 164047
24144 : 164048 164049
24145 : 164050 164051
24146 : 164052 164053
24147 : 164054 164055
24148 : 164056 164057
24149 : 164058 164059
24150 : 164060 164061
24151 : 164062 164063
24152 : 164064 164065
24153 : 164066 164067
24154 : 164068 164069
24155 : 164070 164071
24156 : 164072 164073
24157 : 164074 164075
24158 : 164076 164077
24159 : 164078 164079
24160 : 164080 164081
24161 : 164082 164083
24162 : 164084 164085
24163 : 164086 164087
24164 : 164088 164089
24165 : 164090 164091
24166 : 164092 164093
24167 : 164094 164095
24168 : 164096 164097
24169 : 164098 164099
24170 : 164100 164101
24171 : 164102 164103
24172 : 164104 164105
24173 : 164106 164107
24174 : 164108 164109
24175 : 164110 164111
24176 : 164112 164113
24177 : 164114 164115
