9159 : 129800 129801
9160 : 129802 129803
9161 : 129804 129805
9162 : 129806 129807
9163 : 129808 129809
9164 : 129810 129811
9165 : 129812 129813
9166 : 129814 129815
9167 : 129816 129817
9168 : 129818 129819
9169 : 129820 129821
9170 : 129822 129823
9171 : 129824 129825
9172 : 129826 129827
9173 : 129828 129829
9174 : 129830 129831
9175 : 129832 129833
9176 : 129834 129835
9177 : 129836 129837
9178 : 129838 129839
9179 : 129840 129841
9180 : 129842 129843
9181 : 129844 129845
9182 : 129846 129847
9183 : 129848 129849
9184 : 129850 129851
9185 : 129852 129853
9186 : 129854 129855
9187 : 129856 129857
9188 : 129858 129859
