55976 : 453306 453307
55977 : 453308 453309
55978 : 453310 453311
55979 : 453312 453313
55980 : 453314 453315
55981 : 453316 453317
55982 : 453318 453319
55983 : 453320 453321
55984 : 453322 453323
55985 : 453324 453325
55986 : 453326 453327
55987 : 453328 453329
55988 : 453330 453331
55989 : 453332 453333
55990 : 453334 453335
55991 : 453336 453337
55992 : 453338 453339
55993 : 453340 453341
55994 : 453342 453343
55995 : 453344 453345
55996 : 453346 453347
55997 : 453348 453349
55998 : 453350 453351
55999 : 453352 453353
56000 : 453354 453355
56001 : 453356 453357
56002 : 453358 453359
56003 : 453360 453361
56004 : 453362 453363
