19688 : 144156 144157
19689 : 144158 144159
19690 : 144160 144161
19691 : 144162 144163
19692 : 144164 144165
19693 : 144166 144167
19694 : 144168 144169
19695 : 144170 144171
19696 : 144172 144173
19697 : 144174 144175
19698 : 144176 144177
19699 : 144178 144179
19700 : 144180 144181
19701 : 144182 144183
19702 : 144184 144185
19703 : 144186 144187
19704 : 144188 144189
19705 : 144190 144191
19706 : 144192 144193
19707 : 144194 144195
19708 : 144196 144197
19709 : 144198 144199
19710 : 144200 144201
19711 : 144202 144203
19712 : 144204 144205
19713 : 144206 144207
19714 : 144208 144209
19715 : 144210 144211
19716 : 144212 144213
19717 : 144214 144215
19718 : 144216 144217
19719 : 144218 144219
