51643 : 423535 423536
51644 : 423537 423538
51645 : 423539 423540
51646 : 423541 423542
51647 : 423543 423544
51648 : 423545 423546
51649 : 423547 423548
51650 : 423549 423550
51651 : 423551 423552
51652 : 423553 423554
51653 : 423555 423556
51654 : 423557 423558
51655 : 423559 423560
51656 : 423561 423562
51657 : 423563 423564
51658 : 423565 423566
51659 : 423567 423568
51660 : 423569 423570
51661 : 423571 423572
51662 : 423573 423574
51663 : 423575 423576
51664 : 423577 423578
51665 : 423579 423580
51666 : 423581 423582
51667 : 423583 423584
51668 : 423585 423586
51669 : 423587 423588
51670 : 423589 423590
51671 : 423591 423592
51672 : 423593 423594
51673 : 423595 423596
51674 : 423597 423598
51675 : 423599 423600
51676 : 423601 423602
