9356 : 67003 67004
9357 : 67005 67006
9358 : 67007 67008
9359 : 67009 67010
9360 : 67011 67012
9361 : 67013 67014
9362 : 67015 67016
9363 : 67017 67018
9364 : 67019 67020
9365 : 67021 67022
9366 : 67023 67024
9367 : 67025 67026
9368 : 67027 67028
9369 : 67029 67030
9370 : 67031 67032
9371 : 67033 67034
9372 : 67035 67036
9373 : 67037 67038
9374 : 67039 67040
9375 : 67041 67042
9376 : 67043 67044
9377 : 67045 67046
9378 : 67047 67048
9379 : 67049 67050
9380 : 67051 67052
9381 : 67053 67054
9382 : 67055 67056
9383 : 67057 67058
9384 : 67059 67060
9385 : 67061 67062
9386 : 67063 67064
9387 : 67065 67066
9388 : 67067 67068
9389 : 67069 67070
9390 : 67071 67072
9391 : 67073 67074
9392 : 67075 67076
9393 : 67077 67078
9394 : 67079 67080
9395 : 67081 67082
9396 : 67083 67084
9397 : 67085 67086
