554 : 2996 2997
555 : 2998 2999
556 : 3000 3001
557 : 3002 3003
558 : 3004 3005
559 : 3006 3007
560 : 3008 3009
561 : 3010 3011
562 : 3012 3013
563 : 3014 3015
564 : 3016 3017
565 : 3018 3019
566 : 3020 3021
567 : 3022 3023
568 : 3024 3025
569 : 3026 3027
570 : 3028 3029
571 : 3030 3031
572 : 3032 3033
573 : 3034 3035
574 : 3036 3037
575 : 3038 3039
576 : 3040 3041
577 : 3042 3043
578 : 3044 3045
579 : 3046 3047
580 : 3048 3049
581 : 3050 3051
582 : 3052 3053
583 : 3054 3055
584 : 3056 3057
585 : 3058 3059
586 : 3060 3061
587 : 3062 3063
588 : 3064 3065
589 : 3066 3067
590 : 3068 3069
591 : 3070 3071
592 : 3072 3073
593 : 3074 3075
594 : 3076 3077
595 : 3078 3079
596 : 3080 3081
597 : 3082 3083
