56559 : 457665 457666
56560 : 457667 457668
56561 : 457669 457670
56562 : 457671 457672
56563 : 457673 457674
56564 : 457675 457676
56565 : 457677 457678
56566 : 457679 457680
56567 : 457681 457682
56568 : 457683 457684
56569 : 457685 457686
56570 : 457687 457688
56571 : 457689 457690
56572 : 457691 457692
56573 : 457693 457694
56574 : 457695 457696
56575 : 457697 457698
56576 : 457699 457700
56577 : 457701 457702
56578 : 457703 457704
56579 : 457705 457706
56580 : 457707 457708
56581 : 457709 457710
56582 : 457711 457712
56583 : 457713 457714
56584 : 457715 457716
56585 : 457717 457718
56586 : 457719 457720
56587 : 457721 457722
56588 : 457723 457724
56589 : 457725 457726
56590 : 457727 457728
56591 : 457729 457730
56592 : 457731 457732
56593 : 457733 457734
56594 : 457735 457736
