52229 : 320212 320213
52230 : 320214 320215
52231 : 320216 320217
52232 : 320218 320219
52233 : 320220 320221
52234 : 320222 320223
52235 : 320224 320225
52236 : 320226 320227
52237 : 320228 320229
52238 : 320230 320231
52239 : 320232 320233
52240 : 320234 320235
52241 : 320236 320237
52242 : 320238 320239
52243 : 320240 320241
52244 : 320242 320243
52245 : 320244 320245
52246 : 320246 320247
52247 : 320248 320249
52248 : 320250 320251
52249 : 320252 320253
52250 : 320254 320255
52251 : 320256 320257
52252 : 320258 320259
52253 : 320260 320261
52254 : 320262 320263
52255 : 320264 320265
52256 : 320266 320267
52257 : 320268 320269
52258 : 320270 320271
52259 : 320272 320273
52260 : 320274 320275
52261 : 320276 320277
52262 : 320278 320279
52263 : 320280 320281
52264 : 320282 320283
52265 : 320284 320285
52266 : 320286 320287
52267 : 320288 320289
52268 : 320290 320291
52269 : 320292 320293
52270 : 320294 320295
52271 : 320296 320297
52272 : 320298 320299
52273 : 320300 320301
52274 : 320302 320303
52275 : 320304 320305
52276 : 320306 320307
52277 : 320308 320309
52278 : 320310 320311
52279 : 320312 320313
52280 : 320314 320315
52281 : 320316 320317
52282 : 320318 320319
52283 : 320320 320321
52284 : 320322 320323
52285 : 320324 320325
52286 : 320326 320327
52287 : 320328 320329
52288 : 320330 320331
52289 : 320332 320333
52290 : 320334 320335
52291 : 320336 320337
52292 : 320338 320339
52293 : 320340 320341
52294 : 320342 320343
