68801 : 380959 380960
68802 : 380961 380962
68803 : 380963 380964
68804 : 380965 380966
68805 : 380967 380968
68806 : 380969 380970
68807 : 380971 380972
68808 : 380973 380974
68809 : 380975 380976
68810 : 380977 380978
68811 : 380979 380980
68812 : 380981 380982
68813 : 380983 380984
68814 : 380985 380986
68815 : 380987 380988
68816 : 380989 380990
68817 : 380991 380992
68818 : 380993 380994
68819 : 380995 380996
68820 : 380997 380998
68821 : 380999 381000
68822 : 381001 381002
68823 : 381003 381004
68824 : 381005 381006
68825 : 381007 381008
68826 : 381009 381010
68827 : 381011 381012
68828 : 381013 381014
68829 : 381015 381016
68830 : 381017 381018
68831 : 381019 381020
68832 : 381021 381022
68833 : 381023 381024
68834 : 381025 381026
68835 : 381027 381028
68836 : 381029 381030
68837 : 381031 381032
68838 : 381033 381034
68839 : 381035 381036
68840 : 381037 381038
68841 : 381039 381040
68842 : 381041 381042
68843 : 381043 381044
68844 : 381045 381046
68845 : 381047 381048
68846 : 381049 381050
68847 : 381051 381052
68848 : 381053 381054
68849 : 381055 381056
68850 : 381057 381058
68851 : 381059 381060
68852 : 381061 381062
68853 : 381063 381064
68854 : 381065 381066
68855 : 381067 381068
68856 : 381069 381070
68857 : 381071 381072
68858 : 381073 381074
68859 : 381075 381076
68860 : 381077 381078
68861 : 381079 381080
68862 : 381081 381082
68863 : 381083 381084
68864 : 381085 381086
68865 : 381087 381088
68866 : 381089 381090
68867 : 381091 381092
68868 : 381093 381094
68869 : 381095 381096
68870 : 381097 381098
68871 : 381099 381100
68872 : 381101 381102
68873 : 381103 381104
68874 : 381105 381106
68875 : 381107 381108
68876 : 381109 381110
68877 : 381111 381112
68878 : 381113 381114
68879 : 381115 381116
68880 : 381117 381118
68881 : 381119 381120
68882 : 381121 381122
68883 : 381123 381124
68884 : 381125 381126
68885 : 381127 381128
68886 : 381129 381130
68887 : 381131 381132
68888 : 381133 381134
68889 : 381135 381136
68890 : 381137 381138
68891 : 381139 381140
68892 : 381141 381142
68893 : 381143 381144
68894 : 381145 381146
68895 : 381147 381148
68896 : 381149 381150
68897 : 381151 381152
68898 : 381153 381154
68899 : 381155 381156
