57944 : 471909 471910
57945 : 471911 471912
57946 : 471913 471914
57947 : 471915 471916
57948 : 471917 471918
57949 : 471919 471920
57950 : 471921 471922
57951 : 471923 471924
57952 : 471925 471926
57953 : 471927 471928
57954 : 471929 471930
57955 : 471931 471932
57956 : 471933 471934
57957 : 471935 471936
57958 : 471937 471938
57959 : 471939 471940
57960 : 471941 471942
57961 : 471943 471944
57962 : 471945 471946
57963 : 471947 471948
57964 : 471949 471950
57965 : 471951 471952
57966 : 471953 471954
57967 : 471955 471956
57968 : 471957 471958
57969 : 471959 471960
57970 : 471961 471962
57971 : 471963 471964
57972 : 471965 471966
57973 : 471967 471968
57974 : 471969 471970
57975 : 471971 471972
57976 : 471973 471974
57977 : 471975 471976
57978 : 471977 471978
57979 : 471979 471980
57980 : 471981 471982
57981 : 471983 471984
57982 : 471985 471986
57983 : 471987 471988
57984 : 471989 471990
57985 : 471991 471992
57986 : 471993 471994
57987 : 471995 471996
57988 : 471997 471998
57989 : 471999 472000
57990 : 472001 472002
57991 : 472003 472004
57992 : 472005 472006
57993 : 472007 472008
57994 : 472009 472010
57995 : 472011 472012
57996 : 472013 472014
