31281 : 263776 263777
31282 : 263778 263779
31283 : 263780 263781
31284 : 263782 263783
31285 : 263784 263785
31286 : 263786 263787
31287 : 263788 263789
31288 : 263790 263791
31289 : 263792 263793
31290 : 263794 263795
31291 : 263796 263797
31292 : 263798 263799
31293 : 263800 263801
31294 : 263802 263803
31295 : 263804 263805
31296 : 263806 263807
31297 : 263808 263809
31298 : 263810 263811
31299 : 263812 263813
31300 : 263814 263815
31301 : 263816 263817
31302 : 263818 263819
31303 : 263820 263821
31304 : 263822 263823
31305 : 263824 263825
31306 : 263826 263827
31307 : 263828 263829
31308 : 263830 263831
31309 : 263832 263833
31310 : 263834 263835
31311 : 263836 263837
31312 : 263838 263839
31313 : 263840 263841
31314 : 263842 263843
31315 : 263844 263845
31316 : 263846 263847
31317 : 263848 263849
31318 : 263850 263851
31319 : 263852 263853
31320 : 263854 263855
