100099 : 663827 663828
100100 : 663829 663830
100101 : 663831 663832
100102 : 663833 663834
100103 : 663835 663836
100104 : 663837 663838
100105 : 663839 663840
100106 : 663841 663842
100107 : 663843 663844
100108 : 663845 663846
100109 : 663847 663848
100110 : 663849 663850
100111 : 663851 663852
100112 : 663853 663854
100113 : 663855 663856
100114 : 663857 663858
100115 : 663859 663860
100116 : 663861 663862
100117 : 663863 663864
100118 : 663865 663866
100119 : 663867 663868
100120 : 663869 663870
100121 : 663871 663872
100122 : 663873 663874
100123 : 663875 663876
100124 : 663877 663878
100125 : 663879 663880
100126 : 663881 663882
100127 : 663883 663884
100128 : 663885 663886
100129 : 663887 663888
100130 : 663889 663890
100131 : 663891 663892
100132 : 663893 663894
100133 : 663895 663896
100134 : 663897 663898
100135 : 663899 663900
100136 : 663901 663902
100137 : 663903 663904
