5255 : 39714 39715
5256 : 39716 39717
5257 : 39718 39719
5258 : 39720 39721
5259 : 39722 39723
5260 : 39724 39725
5261 : 39726 39727
5262 : 39728 39729
5263 : 39730 39731
5264 : 39732 39733
5265 : 39734 39735
5266 : 39736 39737
5267 : 39738 39739
5268 : 39740 39741
5269 : 39742 39743
5270 : 39744 39745
5271 : 39746 39747
5272 : 39748 39749
5273 : 39750 39751
5274 : 39752 39753
5275 : 39754 39755
5276 : 39756 39757
5277 : 39758 39759
5278 : 39760 39761
5279 : 39762 39763
5280 : 39764 39765
5281 : 39766 39767
5282 : 39768 39769
5283 : 39770 39771
5284 : 39772 39773
5285 : 39774 39775
5286 : 39776 39777
5287 : 39778 39779
5288 : 39780 39781
5289 : 39782 39783
5290 : 39784 39785
5291 : 39786 39787
5292 : 39788 39789
5293 : 39790 39791
5294 : 39792 39793
5295 : 39794 39795
5296 : 39796 39797
5297 : 39798 39799
5298 : 39800 39801
5299 : 39802 39803
5300 : 39804 39805
5301 : 39806 39807
5302 : 39808 39809
5303 : 39810 39811
5304 : 39812 39813
5305 : 39814 39815
