48745 : 300728 300729
48746 : 300730 300731
48747 : 300732 300733
48748 : 300734 300735
48749 : 300736 300737
48750 : 300738 300739
48751 : 300740 300741
48752 : 300742 300743
48753 : 300744 300745
48754 : 300746 300747
48755 : 300748 300749
48756 : 300750 300751
48757 : 300752 300753
48758 : 300754 300755
48759 : 300756 300757
48760 : 300758 300759
48761 : 300760 300761
48762 : 300762 300763
48763 : 300764 300765
48764 : 300766 300767
48765 : 300768 300769
48766 : 300770 300771
48767 : 300772 300773
48768 : 300774 300775
48769 : 300776 300777
48770 : 300778 300779
48771 : 300780 300781
48772 : 300782 300783
48773 : 300784 300785
48774 : 300786 300787
48775 : 300788 300789
48776 : 300790 300791
48777 : 300792 300793
48778 : 300794 300795
48779 : 300796 300797
48780 : 300798 300799
48781 : 300800 300801
48782 : 300802 300803
48783 : 300804 300805
48784 : 300806 300807
48785 : 300808 300809
48786 : 300810 300811
48787 : 300812 300813
48788 : 300814 300815
48789 : 300816 300817
48790 : 300818 300819
48791 : 300820 300821
48792 : 300822 300823
48793 : 300824 300825
48794 : 300826 300827
48795 : 300828 300829
48796 : 300830 300831
48797 : 300832 300833
