58190 : 469868 469869
58191 : 469870 469871
58192 : 469872 469873
58193 : 469874 469875
58194 : 469876 469877
58195 : 469878 469879
58196 : 469880 469881
58197 : 469882 469883
58198 : 469884 469885
58199 : 469886 469887
58200 : 469888 469889
58201 : 469890 469891
58202 : 469892 469893
58203 : 469894 469895
58204 : 469896 469897
58205 : 469898 469899
58206 : 469900 469901
58207 : 469902 469903
58208 : 469904 469905
58209 : 469906 469907
58210 : 469908 469909
58211 : 469910 469911
58212 : 469912 469913
58213 : 469914 469915
58214 : 469916 469917
58215 : 469918 469919
58216 : 469920 469921
58217 : 469922 469923
58218 : 469924 469925
58219 : 469926 469927
58220 : 469928 469929
58221 : 469930 469931
58222 : 469932 469933
58223 : 469934 469935
