70058 : 387806 387807
70059 : 387808 387809
70060 : 387810 387811
70061 : 387812 387813
70062 : 387814 387815
70063 : 387816 387817
70064 : 387818 387819
70065 : 387820 387821
70066 : 387822 387823
70067 : 387824 387825
70068 : 387826 387827
70069 : 387828 387829
70070 : 387830 387831
70071 : 387832 387833
70072 : 387834 387835
70073 : 387836 387837
70074 : 387838 387839
70075 : 387840 387841
70076 : 387842 387843
70077 : 387844 387845
70078 : 387846 387847
70079 : 387848 387849
70080 : 387850 387851
70081 : 387852 387853
70082 : 387854 387855
70083 : 387856 387857
70084 : 387858 387859
70085 : 387860 387861
70086 : 387862 387863
70087 : 387864 387865
70088 : 387866 387867
70089 : 387868 387869
70090 : 387870 387871
70091 : 387872 387873
70092 : 387874 387875
70093 : 387876 387877
70094 : 387878 387879
70095 : 387880 387881
70096 : 387882 387883
70097 : 387884 387885
70098 : 387886 387887
70099 : 387888 387889
70100 : 387890 387891
70101 : 387892 387893
70102 : 387894 387895
70103 : 387896 387897
70104 : 387898 387899
70105 : 387900 387901
70106 : 387902 387903
70107 : 387904 387905
70108 : 387906 387907
70109 : 387908 387909
70110 : 387910 387911
70111 : 387912 387913
70112 : 387914 387915
70113 : 387916 387917
70114 : 387918 387919
70115 : 387920 387921
70116 : 387922 387923
70117 : 387924 387925
70118 : 387926 387927
70119 : 387928 387929
70120 : 387930 387931
70121 : 387932 387933
70122 : 387934 387935
70123 : 387936 387937
70124 : 387938 387939
70125 : 387940 387941
70126 : 387942 387943
70127 : 387944 387945
70128 : 387946 387947
70129 : 387948 387949
70130 : 387950 387951
70131 : 387952 387953
70132 : 387954 387955
70133 : 387956 387957
70134 : 387958 387959
70135 : 387960 387961
70136 : 387962 387963
70137 : 387964 387965
70138 : 387966 387967
