32166 : 221657 221658
32825 : 221659 221660
32826 : 221661 221662
32827 : 221663 221664
32828 : 221665 221666
32829 : 221667 221668
32830 : 221669 221670
32831 : 221671 221672
32832 : 221673 221674
32833 : 221675 221676
32834 : 221677 221678
32835 : 221679 221680
32836 : 221681 221682
32837 : 221683 221684
32838 : 221685 221686
32839 : 221687 221688
32840 : 221689 221690
32841 : 221691 221692
32842 : 221693 221694
32843 : 221695 221696
32844 : 221697 221698
32845 : 221699 221700
32846 : 221701 221702
32847 : 221703 221704
32848 : 221705 221706
32849 : 221707 221708
32850 : 221709 221710
32851 : 221711 221712
32852 : 221713 221714
32853 : 221715 221716
32854 : 221717 221718
32855 : 221719 221720
32856 : 221721 221722
32857 : 221723 221724
32858 : 221725 221726
32859 : 221727 221728
32860 : 221729 221730
32861 : 221731 221732
32862 : 221733 221734
32863 : 221735 221736
32864 : 221737 221738
32865 : 221739 221740
32866 : 221741 221742
32867 : 221743 221744
32868 : 221745 221746
32869 : 221747 221748
32870 : 221749 221750
32871 : 221751 221752
32872 : 221753 221754
32873 : 221755 221756
32874 : 221757 221758
32875 : 221759 221760
