37810 : 248183 248184
38634 : 248185 248186
38635 : 248187 248188
38636 : 248189 248190
38637 : 248191 248192
38638 : 248193 248194
38639 : 248195 248196
38640 : 248197 248198
38641 : 248199 248200
38642 : 248201 248202
38643 : 248203 248204
38644 : 248205 248206
38645 : 248207 248208
38646 : 248209 248210
38647 : 248211 248212
38648 : 248213 248214
38649 : 248215 248216
38650 : 248217 248218
38651 : 248219 248220
38652 : 248221 248222
38653 : 248223 248224
38654 : 248225 248226
38655 : 248227 248228
38656 : 248229 248230
38657 : 248231 248232
38658 : 248233 248234
38659 : 248235 248236
38660 : 248237 248238
38661 : 248239 248240
38662 : 248241 248242
38663 : 248243 248244
38664 : 248245 248246
38665 : 248247 248248
38666 : 248249 248250
38667 : 248251 248252
38668 : 248253 248254
38669 : 248255 248256
38670 : 248257 248258
38671 : 248259 248260
38672 : 248261 248262
38673 : 248263 248264
38674 : 248265 248266
38675 : 248267 248268
38676 : 248269 248270
38677 : 248271 248272
38678 : 248273 248274
