42067 : 267830 267831
42068 : 267832 267833
42069 : 267834 267835
42070 : 267836 267837
42071 : 267838 267839
42072 : 267840 267841
42073 : 267842 267843
42074 : 267844 267845
42075 : 267846 267847
42076 : 267848 267849
42077 : 267850 267851
42078 : 267852 267853
42079 : 267854 267855
42080 : 267856 267857
42081 : 267858 267859
42082 : 267860 267861
42083 : 267862 267863
42084 : 267864 267865
42085 : 267866 267867
42086 : 267868 267869
42087 : 267870 267871
42088 : 267872 267873
42089 : 267874 267875
42090 : 267876 267877
42091 : 267878 267879
42092 : 267880 267881
42093 : 267882 267883
42094 : 267884 267885
42095 : 267886 267887
42096 : 267888 267889
42097 : 267890 267891
42098 : 267892 267893
42099 : 267894 267895
42100 : 267896 267897
42101 : 267898 267899
42102 : 267900 267901
42103 : 267902 267903
42104 : 267904 267905
42105 : 267906 267907
42106 : 267908 267909
42107 : 267910 267911
42108 : 267912 267913
42109 : 267914 267915
42110 : 267916 267917
42111 : 267918 267919
42112 : 267920 267921
42113 : 267922 267923
42114 : 267924 267925
42115 : 267926 267927
42116 : 267928 267929
