7369 : 52356 52357
7370 : 52358 52359
7371 : 52360 52361
7372 : 52362 52363
7373 : 52364 52365
7374 : 52366 52367
7375 : 52368 52369
7376 : 52370 52371
7377 : 52372 52373
7378 : 52374 52375
7379 : 52376 52377
7380 : 52378 52379
7381 : 52380 52381
7382 : 52382 52383
7383 : 52384 52385
7384 : 52386 52387
7385 : 52388 52389
7386 : 52390 52391
7387 : 52392 52393
7388 : 52394 52395
7389 : 52396 52397
7390 : 52398 52399
7391 : 52400 52401
7392 : 52402 52403
7393 : 52404 52405
7394 : 52406 52407
7395 : 52408 52409
7396 : 52410 52411
7397 : 52412 52413
7398 : 52414 52415
7399 : 52416 52417
7400 : 52418 52419
7401 : 52420 52421
7402 : 52422 52423
7403 : 52424 52425
7404 : 52426 52427
