57878 : 471369 471370
57879 : 471371 471372
57880 : 471373 471374
57881 : 471375 471376
57882 : 471377 471378
57883 : 471379 471380
57884 : 471381 471382
57885 : 471383 471384
57886 : 471385 471386
57887 : 471387 471388
57888 : 471389 471390
57889 : 471391 471392
57890 : 471393 471394
57891 : 471395 471396
57892 : 471397 471398
57893 : 471399 471400
57894 : 471401 471402
57895 : 471403 471404
57896 : 471405 471406
57897 : 471407 471408
57898 : 471409 471410
57899 : 471411 471412
57900 : 471413 471414
57901 : 471415 471416
57902 : 471417 471418
57903 : 471419 471420
57904 : 471421 471422
