25924 : 187617 187618
25925 : 187619 187620
25926 : 187621 187622
25927 : 187623 187624
25928 : 187625 187626
25929 : 187627 187628
25930 : 187629 187630
25931 : 187631 187632
25932 : 187633 187634
25933 : 187635 187636
25934 : 187637 187638
25935 : 187639 187640
25936 : 187641 187642
25937 : 187643 187644
25938 : 187645 187646
25939 : 187647 187648
25940 : 187649 187650
25941 : 187651 187652
25942 : 187653 187654
25943 : 187655 187656
25944 : 187657 187658
25945 : 187659 187660
25946 : 187661 187662
25947 : 187663 187664
25948 : 187665 187666
25949 : 187667 187668
25950 : 187669 187670
25951 : 187671 187672
25952 : 187673 187674
25953 : 187675 187676
25954 : 187677 187678
25955 : 187679 187680
25956 : 187681 187682
25957 : 187683 187684
25958 : 187685 187686
25959 : 187687 187688
