3950 : 38389 38390
3951 : 38391 38392
3952 : 38393 38394
3953 : 38395 38396
3954 : 38397 38398
3955 : 38399 38400
3956 : 38401 38402
3957 : 38403 38404
3958 : 38405 38406
3959 : 38407 38408
3960 : 38409 38410
3961 : 38411 38412
3962 : 38413 38414
3963 : 38415 38416
3964 : 38417 38418
3965 : 38419 38420
3966 : 38421 38422
3967 : 38423 38424
3968 : 38425 38426
3969 : 38427 38428
3970 : 38429 38430
3971 : 38431 38432
3972 : 38433 38434
3973 : 38435 38436
3974 : 38437 38438
3975 : 38439 38440
3976 : 38441 38442
3977 : 38443 38444
3978 : 38445 38446
3979 : 38447 38448
3980 : 38449 38450
3981 : 38451 38452
3982 : 38453 38454
3983 : 38455 38456
