7046 : 68325 68326
7047 : 68327 68328
7048 : 68329 68330
7049 : 68331 68332
7050 : 68333 68334
7051 : 68335 68336
7052 : 68337 68338
7053 : 68339 68340
7054 : 68341 68342
7055 : 68343 68344
7056 : 68345 68346
7057 : 68347 68348
7058 : 68349 68350
7059 : 68351 68352
7060 : 68353 68354
7061 : 68355 68356
7062 : 68357 68358
7063 : 68359 68360
7064 : 68361 68362
7065 : 68363 68364
7066 : 68365 68366
7067 : 68367 68368
7068 : 68369 68370
7069 : 68371 68372
7070 : 68373 68374
7071 : 68375 68376
7072 : 68377 68378
7073 : 68379 68380
