22493 : 157001 157002
22494 : 157003 157004
22495 : 157005 157006
22496 : 157007 157008
22497 : 157009 157010
22498 : 157011 157012
22499 : 157013 157014
22500 : 157015 157016
22501 : 157017 157018
22502 : 157019 157020
22503 : 157021 157022
22504 : 157023 157024
22505 : 157025 157026
22506 : 157027 157028
22507 : 157029 157030
22508 : 157031 157032
22509 : 157033 157034
22510 : 157035 157036
22511 : 157037 157038
22512 : 157039 157040
22513 : 157041 157042
22514 : 157043 157044
22515 : 157045 157046
22516 : 157047 157048
22517 : 157049 157050
22518 : 157051 157052
22519 : 157053 157054
22520 : 157055 157056
22521 : 157057 157058
22522 : 157059 157060
22523 : 157061 157062
22524 : 157063 157064
22525 : 157065 157066
22526 : 157067 157068
22527 : 157069 157070
22528 : 157071 157072
22529 : 157073 157074
22530 : 157075 157076
22531 : 157077 157078
22532 : 157079 157080
22533 : 157081 157082
22534 : 157083 157084
22535 : 157085 157086
22536 : 157087 157088
22537 : 157089 157090
22538 : 157091 157092
22539 : 157093 157094
22540 : 157095 157096
22541 : 157097 157098
22542 : 157099 157100
22543 : 157101 157102
22544 : 157103 157104
22545 : 157105 157106
22546 : 157107 157108
22547 : 157109 157110
22548 : 157111 157112
22549 : 157113 157114
22550 : 157115 157116
22551 : 157117 157118
22552 : 157119 157120
22553 : 157121 157122
22554 : 157123 157124
22555 : 157125 157126
22556 : 157127 157128
22557 : 157129 157130
22558 : 157131 157132
22559 : 157133 157134
22560 : 157135 157136
22561 : 157137 157138
22562 : 157139 157140
22563 : 157141 157142
22564 : 157143 157144
22565 : 157145 157146
22566 : 157147 157148
22567 : 157149 157150
22568 : 157151 157152
22569 : 157153 157154
22570 : 157155 157156
22571 : 157157 157158
22572 : 157159 157160
22573 : 157161 157162
22574 : 157163 157164
22575 : 157165 157166
22576 : 157167 157168
22577 : 157169 157170
22578 : 157171 157172
22579 : 157173 157174
22580 : 157175 157176
22581 : 157177 157178
22582 : 157179 157180
22583 : 157181 157182
