14802 : 118482 118483
14803 : 118484 118485
14804 : 118486 118487
14805 : 118488 118489
14806 : 118490 118491
14807 : 118492 118493
14808 : 118494 118495
14809 : 118496 118497
14810 : 118498 118499
14811 : 118500 118501
14812 : 118502 118503
14813 : 118504 118505
14814 : 118506 118507
14815 : 118508 118509
14816 : 118510 118511
14817 : 118512 118513
14818 : 118514 118515
14819 : 118516 118517
14820 : 118518 118519
14821 : 118520 118521
14822 : 118522 118523
14823 : 118524 118525
14824 : 118526 118527
14825 : 118528 118529
14826 : 118530 118531
14827 : 118532 118533
14828 : 118534 118535
14829 : 118536 118537
14830 : 118538 118539
14831 : 118540 118541
14832 : 118542 118543
14833 : 118544 118545
14834 : 118546 118547
14835 : 118548 118549
14836 : 118550 118551
14837 : 118552 118553
14838 : 118554 118555
14839 : 118556 118557
14840 : 118558 118559
14841 : 118560 118561
14842 : 118562 118563
