43901 : 277979 277980
43902 : 277981 277982
43903 : 277983 277984
43904 : 277985 277986
43905 : 277987 277988
43906 : 277989 277990
43907 : 277991 277992
43908 : 277993 277994
43909 : 277995 277996
43910 : 277997 277998
43911 : 277999 278000
43912 : 278001 278002
43913 : 278003 278004
43914 : 278005 278006
43915 : 278007 278008
43916 : 278009 278010
43917 : 278011 278012
43918 : 278013 278014
43919 : 278015 278016
43920 : 278017 278018
43921 : 278019 278020
43922 : 278021 278022
43923 : 278023 278024
43924 : 278025 278026
43925 : 278027 278028
43926 : 278029 278030
43927 : 278031 278032
43928 : 278033 278034
43929 : 278035 278036
43930 : 278037 278038
43931 : 278039 278040
43932 : 278041 278042
43933 : 278043 278044
43934 : 278045 278046
43935 : 278047 278048
43936 : 278049 278050
43937 : 278051 278052
43938 : 278053 278054
43939 : 278055 278056
43940 : 278057 278058
43941 : 278059 278060
43942 : 278061 278062
43943 : 278063 278064
43944 : 278065 278066
43945 : 278067 278068
43946 : 278069 278070
43947 : 278071 278072
43948 : 278073 278074
43949 : 278075 278076
43950 : 278077 278078
43951 : 278079 278080
43952 : 278081 278082
43953 : 278083 278084
43954 : 278085 278086
43955 : 278087 278088
43956 : 278089 278090
43957 : 278091 278092
43958 : 278093 278094
43959 : 278095 278096
43960 : 278097 278098
43961 : 278099 278100
43962 : 278101 278102
43963 : 278103 278104
43964 : 278105 278106
43965 : 278107 278108
43966 : 278109 278110
43967 : 278111 278112
