11732 : 85240 85241
11733 : 85242 85243
11734 : 85244 85245
11735 : 85246 85247
11736 : 85248 85249
11737 : 85250 85251
11738 : 85252 85253
11739 : 85254 85255
11740 : 85256 85257
11741 : 85258 85259
11742 : 85260 85261
11743 : 85262 85263
11744 : 85264 85265
11745 : 85266 85267
11746 : 85268 85269
11747 : 85270 85271
11748 : 85272 85273
11749 : 85274 85275
11750 : 85276 85277
11751 : 85278 85279
11752 : 85280 85281
11753 : 85282 85283
11754 : 85284 85285
11755 : 85286 85287
11756 : 85288 85289
11757 : 85290 85291
11758 : 85292 85293
11759 : 85294 85295
11760 : 85296 85297
