82175 : 468049 468050
82176 : 468051 468052
82177 : 468053 468054
82178 : 468055 468056
82179 : 468057 468058
82180 : 468059 468060
82181 : 468061 468062
82182 : 468063 468064
82183 : 468065 468066
82184 : 468067 468068
82185 : 468069 468070
82186 : 468071 468072
82187 : 468073 468074
82188 : 468075 468076
82189 : 468077 468078
82190 : 468079 468080
82191 : 468081 468082
82192 : 468083 468084
82193 : 468085 468086
82194 : 468087 468088
82195 : 468089 468090
82196 : 468091 468092
82197 : 468093 468094
82198 : 468095 468096
82199 : 468097 468098
82200 : 468099 468100
82201 : 468101 468102
82202 : 468103 468104
82203 : 468105 468106
82204 : 468107 468108
82205 : 468109 468110
82206 : 468111 468112
82207 : 468113 468114
82208 : 468115 468116
82209 : 468117 468118
82210 : 468119 468120
82211 : 468121 468122
82212 : 468123 468124
82213 : 468125 468126
82214 : 468127 468128
82215 : 468129 468130
82216 : 468131 468132
82217 : 468133 468134
82218 : 468135 468136
82219 : 468137 468138
82220 : 468139 468140
82221 : 468141 468142
82222 : 468143 468144
82223 : 468145 468146
82224 : 468147 468148
82225 : 468149 468150
