12679 : 117719 117720
12680 : 117721 117722
12681 : 117723 117724
12682 : 117725 117726
12683 : 117727 117728
12684 : 117729 117730
12685 : 117731 117732
12686 : 117733 117734
12687 : 117735 117736
12688 : 117737 117738
12689 : 117739 117740
12690 : 117741 117742
12691 : 117743 117744
12692 : 117745 117746
12693 : 117747 117748
12694 : 117749 117750
12695 : 117751 117752
12696 : 117753 117754
12697 : 117755 117756
12698 : 117757 117758
12699 : 117759 117760
12700 : 117761 117762
12701 : 117763 117764
12702 : 117765 117766
12703 : 117767 117768
12704 : 117769 117770
12705 : 117771 117772
12706 : 117773 117774
12707 : 117775 117776
12708 : 117777 117778
12709 : 117779 117780
12710 : 117781 117782
