46672 : 379158 379159
46673 : 379160 379161
46674 : 379162 379163
46675 : 379164 379165
46676 : 379166 379167
46677 : 379168 379169
46678 : 379170 379171
46679 : 379172 379173
46680 : 379174 379175
46681 : 379176 379177
46682 : 379178 379179
46683 : 379180 379181
46684 : 379182 379183
46685 : 379184 379185
46686 : 379186 379187
46687 : 379188 379189
46688 : 379190 379191
46689 : 379192 379193
46690 : 379194 379195
46691 : 379196 379197
46692 : 379198 379199
46693 : 379200 379201
46694 : 379202 379203
46695 : 379204 379205
