2429 : 23902 23903
2430 : 23904 23905
2431 : 23906 23907
2432 : 23908 23909
2433 : 23910 23911
2434 : 23912 23913
2435 : 23914 23915
2436 : 23916 23917
2437 : 23918 23919
2438 : 23920 23921
2439 : 23922 23923
2440 : 23924 23925
2441 : 23926 23927
2442 : 23928 23929
2443 : 23930 23931
2444 : 23932 23933
2445 : 23934 23935
2446 : 23936 23937
2447 : 23938 23939
2448 : 23940 23941
2449 : 23942 23943
2450 : 23944 23945
2451 : 23946 23947
2452 : 23948 23949
2453 : 23950 23951
2454 : 23952 23953
2455 : 23954 23955
2456 : 23956 23957
2457 : 23958 23959
2458 : 23960 23961
2459 : 23962 23963
2460 : 23964 23965
2461 : 23966 23967
