-17 : 217884 217885
31445 : 217886 217887
31990 : 217888 217889
31991 : 217890 217891
31992 : 217892 217893
31993 : 217894 217895
31994 : 217896 217897
31995 : 217898 217899
31996 : 217900 217901
31997 : 217902 217903
31998 : 217904 217905
31999 : 217906 217907
32000 : 217908 217909
32001 : 217910 217911
32002 : 217912 217913
32003 : 217914 217915
32004 : 217916 217917
32005 : 217918 217919
32006 : 217920 217921
32007 : 217922 217923
32008 : 217924 217925
32009 : 217926 217927
32010 : 217928 217929
32011 : 217930 217931
32012 : 217932 217933
32013 : 217934 217935
32014 : 217936 217937
32015 : 217938 217939
32016 : 217940 217941
32017 : 217942 217943
32018 : 217944 217945
32019 : 217946 217947
32020 : 217948 217949
32021 : 217950 217951
32022 : 217952 217953
32023 : 217954 217955
32024 : 217956 217957
32025 : 217958 217959
32026 : 217960 217961
32027 : 217962 217963
32028 : 217964 217965
32029 : 217966 217967
32030 : 217968 217969
32031 : 217970 217971
32032 : 217972 217973
32033 : 217974 217975
32034 : 217976 217977
32035 : 217978 217979
32036 : 217980 217981
32037 : 217982 217983
32038 : 217984 217985
32039 : 217986 217987
32040 : 217988 217989
32041 : 217990 217991
32042 : 217992 217993
32043 : 217994 217995
32044 : 217996 217997
32045 : 217998 217999
32046 : 218000 218001
32047 : 218002 218003
32048 : 218004 218005
32049 : 218006 218007
