67777 : 413856 413857
67778 : 413858 413859
67779 : 413860 413861
67780 : 413862 413863
67781 : 413864 413865
67782 : 413866 413867
67783 : 413868 413869
67784 : 413870 413871
67785 : 413872 413873
67786 : 413874 413875
67787 : 413876 413877
67788 : 413878 413879
67789 : 413880 413881
67790 : 413882 413883
67791 : 413884 413885
67792 : 413886 413887
67793 : 413888 413889
67794 : 413890 413891
67795 : 413892 413893
67796 : 413894 413895
67797 : 413896 413897
67798 : 413898 413899
67799 : 413900 413901
67800 : 413902 413903
67801 : 413904 413905
67802 : 413906 413907
67803 : 413908 413909
67804 : 413910 413911
67805 : 413912 413913
67806 : 413914 413915
67807 : 413916 413917
67808 : 413918 413919
67809 : 413920 413921
67810 : 413922 413923
67811 : 413924 413925
67812 : 413926 413927
67813 : 413928 413929
67814 : 413930 413931
67815 : 413932 413933
67816 : 413934 413935
67817 : 413936 413937
67818 : 413938 413939
67819 : 413940 413941
67820 : 413942 413943
67821 : 413944 413945
67822 : 413946 413947
67823 : 413948 413949
