9810 : 92819 92820
9811 : 92821 92822
9812 : 92823 92824
9813 : 92825 92826
9814 : 92827 92828
9815 : 92829 92830
9816 : 92831 92832
9817 : 92833 92834
9818 : 92835 92836
9819 : 92837 92838
9820 : 92839 92840
9821 : 92841 92842
9822 : 92843 92844
9823 : 92845 92846
9824 : 92847 92848
9825 : 92849 92850
9826 : 92851 92852
9827 : 92853 92854
9828 : 92855 92856
9829 : 92857 92858
9830 : 92859 92860
9831 : 92861 92862
9832 : 92863 92864
9833 : 92865 92866
9834 : 92867 92868
9835 : 92869 92870
9836 : 92871 92872
9837 : 92873 92874
9838 : 92875 92876
9839 : 92877 92878
9840 : 92879 92880
9841 : 92881 92882
9842 : 92883 92884
9843 : 92885 92886
9844 : 92887 92888
9845 : 92889 92890
9846 : 92891 92892
