4880 : 33802 33803
4881 : 33804 33805
4882 : 33806 33807
4883 : 33808 33809
4884 : 33810 33811
4885 : 33812 33813
4886 : 33814 33815
4887 : 33816 33817
4888 : 33818 33819
4889 : 33820 33821
4890 : 33822 33823
4891 : 33824 33825
4892 : 33826 33827
4893 : 33828 33829
4894 : 33830 33831
4895 : 33832 33833
4896 : 33834 33835
4897 : 33836 33837
4898 : 33838 33839
4899 : 33840 33841
4900 : 33842 33843
4901 : 33844 33845
4902 : 33846 33847
4903 : 33848 33849
4904 : 33850 33851
4905 : 33852 33853
4906 : 33854 33855
4907 : 33856 33857
4908 : 33858 33859
4909 : 33860 33861
4910 : 33862 33863
