96697 : 617801 617802
96698 : 617803 617804
96699 : 617805 617806
96700 : 617807 617808
96701 : 617809 617810
96702 : 617811 617812
96703 : 617813 617814
96704 : 617815 617816
96705 : 617817 617818
96706 : 617819 617820
96707 : 617821 617822
96708 : 617823 617824
96709 : 617825 617826
96710 : 617827 617828
96711 : 617829 617830
96712 : 617831 617832
96713 : 617833 617834
96714 : 617835 617836
96715 : 617837 617838
96716 : 617839 617840
96717 : 617841 617842
96718 : 617843 617844
96719 : 617845 617846
