12026 : 84368 84369
12125 : 84370 84371
12126 : 84372 84373
12127 : 84374 84375
12128 : 84376 84377
12129 : 84378 84379
12130 : 84380 84381
12131 : 84382 84383
12132 : 84384 84385
12133 : 84386 84387
12134 : 84388 84389
12135 : 84390 84391
12136 : 84392 84393
12137 : 84394 84395
12138 : 84396 84397
12139 : 84398 84399
12140 : 84400 84401
12141 : 84402 84403
12142 : 84404 84405
12143 : 84406 84407
12144 : 84408 84409
12145 : 84410 84411
12146 : 84412 84413
12147 : 84414 84415
12148 : 84416 84417
