36516 : 302297 302298
36517 : 302299 302300
36518 : 302301 302302
36519 : 302303 302304
36520 : 302305 302306
36521 : 302307 302308
36522 : 302309 302310
36523 : 302311 302312
36524 : 302313 302314
36525 : 302315 302316
36526 : 302317 302318
36527 : 302319 302320
36528 : 302321 302322
36529 : 302323 302324
36530 : 302325 302326
36531 : 302327 302328
36532 : 302329 302330
36533 : 302331 302332
36534 : 302333 302334
36535 : 302335 302336
36536 : 302337 302338
36537 : 302339 302340
36538 : 302341 302342
36539 : 302343 302344
36540 : 302345 302346
36541 : 302347 302348
36542 : 302349 302350
36543 : 302351 302352
36544 : 302353 302354
36545 : 302355 302356
36546 : 302357 302358
36547 : 302359 302360
36548 : 302361 302362
36549 : 302363 302364
36550 : 302365 302366
36551 : 302367 302368
36552 : 302369 302370
36553 : 302371 302372
36554 : 302373 302374
36555 : 302375 302376
36556 : 302377 302378
36557 : 302379 302380
36558 : 302381 302382
36559 : 302383 302384
36560 : 302385 302386
36561 : 302387 302388
