4665 : 32224 32225
4666 : 32226 32227
4667 : 32228 32229
4668 : 32230 32231
4669 : 32232 32233
4670 : 32234 32235
4671 : 32236 32237
4672 : 32238 32239
4673 : 32240 32241
4674 : 32242 32243
4675 : 32244 32245
4676 : 32246 32247
4677 : 32248 32249
4678 : 32250 32251
4679 : 32252 32253
4680 : 32254 32255
4681 : 32256 32257
4682 : 32258 32259
4683 : 32260 32261
4684 : 32262 32263
4685 : 32264 32265
4686 : 32266 32267
4687 : 32268 32269
4688 : 32270 32271
4689 : 32272 32273
4690 : 32274 32275
4691 : 32276 32277
4692 : 32278 32279
4693 : 32280 32281
4694 : 32282 32283
