71104 : 438637 438638
71357 : 438639 438640
71358 : 438641 438642
71359 : 438643 438644
71360 : 438645 438646
71361 : 438647 438648
71362 : 438649 438650
71363 : 438651 438652
71364 : 438653 438654
71365 : 438655 438656
71366 : 438657 438658
71367 : 438659 438660
71368 : 438661 438662
71369 : 438663 438664
71370 : 438665 438666
71371 : 438667 438668
71372 : 438669 438670
71373 : 438671 438672
71374 : 438673 438674
71375 : 438675 438676
71376 : 438677 438678
71377 : 438679 438680
71378 : 438681 438682
71379 : 438683 438684
71380 : 438685 438686
71381 : 438687 438688
71382 : 438689 438690
71383 : 438691 438692
71384 : 438693 438694
