57201 : 353930 353931
57309 : 353932 353933
57405 : 353934 353935
57406 : 353936 353937
57407 : 353938 353939
57408 : 353940 353941
57409 : 353942 353943
57410 : 353944 353945
57411 : 353946 353947
57412 : 353948 353949
57413 : 353950 353951
57414 : 353952 353953
57415 : 353954 353955
57416 : 353956 353957
57417 : 353958 353959
57418 : 353960 353961
57419 : 353962 353963
57420 : 353964 353965
57421 : 353966 353967
57422 : 353968 353969
57423 : 353970 353971
57424 : 353972 353973
57425 : 353974 353975
57426 : 353976 353977
57427 : 353978 353979
57428 : 353980 353981
57429 : 353982 353983
57430 : 353984 353985
57431 : 353986 353987
57432 : 353988 353989
57433 : 353990 353991
57434 : 353992 353993
57435 : 353994 353995
57436 : 353996 353997
57437 : 353998 353999
57438 : 354000 354001
57439 : 354002 354003
57440 : 354004 354005
57441 : 354006 354007
57442 : 354008 354009
57443 : 354010 354011
57444 : 354012 354013
57445 : 354014 354015
57446 : 354016 354017
