72122 : 443654 443655
72123 : 443656 443657
72124 : 443658 443659
72125 : 443660 443661
72126 : 443662 443663
72127 : 443664 443665
72128 : 443666 443667
72129 : 443668 443669
72130 : 443670 443671
72131 : 443672 443673
72132 : 443674 443675
72133 : 443676 443677
72134 : 443678 443679
72135 : 443680 443681
72136 : 443682 443683
72137 : 443684 443685
72138 : 443686 443687
72139 : 443688 443689
72140 : 443690 443691
72141 : 443692 443693
72142 : 443694 443695
72143 : 443696 443697
72144 : 443698 443699
72145 : 443700 443701
72146 : 443702 443703
72147 : 443704 443705
72148 : 443706 443707
72149 : 443708 443709
72150 : 443710 443711
72151 : 443712 443713
72152 : 443714 443715
72153 : 443716 443717
72154 : 443718 443719
72155 : 443720 443721
72156 : 443722 443723
72157 : 443724 443725
72158 : 443726 443727
