8200 : 58470 58471
8201 : 58472 58473
8202 : 58474 58475
8203 : 58476 58477
8204 : 58478 58479
8205 : 58480 58481
8206 : 58482 58483
8207 : 58484 58485
8208 : 58486 58487
8209 : 58488 58489
8210 : 58490 58491
8211 : 58492 58493
8212 : 58494 58495
8213 : 58496 58497
8214 : 58498 58499
8215 : 58500 58501
8216 : 58502 58503
8217 : 58504 58505
8218 : 58506 58507
8219 : 58508 58509
8220 : 58510 58511
8221 : 58512 58513
8222 : 58514 58515
8223 : 58516 58517
8224 : 58518 58519
8225 : 58520 58521
8226 : 58522 58523
8227 : 58524 58525
8228 : 58526 58527
8229 : 58528 58529
