7603 : 53840 53841
7604 : 53842 53843
7605 : 53844 53845
7606 : 53846 53847
7607 : 53848 53849
7608 : 53850 53851
7609 : 53852 53853
7610 : 53854 53855
7611 : 53856 53857
7612 : 53858 53859
7613 : 53860 53861
7614 : 53862 53863
7615 : 53864 53865
7616 : 53866 53867
7617 : 53868 53869
7618 : 53870 53871
7619 : 53872 53873
7620 : 53874 53875
7621 : 53876 53877
7622 : 53878 53879
7623 : 53880 53881
7624 : 53882 53883
7625 : 53884 53885
7626 : 53886 53887
7627 : 53888 53889
7628 : 53890 53891
7629 : 53892 53893
7630 : 53894 53895
