53881 : 330181 330182
53882 : 330183 330184
53883 : 330185 330186
53884 : 330187 330188
53885 : 330189 330190
53886 : 330191 330192
53887 : 330193 330194
53888 : 330195 330196
53889 : 330197 330198
53890 : 330199 330200
53891 : 330201 330202
53892 : 330203 330204
53893 : 330205 330206
53894 : 330207 330208
53895 : 330209 330210
53896 : 330211 330212
53897 : 330213 330214
53898 : 330215 330216
53899 : 330217 330218
53900 : 330219 330220
53901 : 330221 330222
53902 : 330223 330224
53903 : 330225 330226
53904 : 330227 330228
53905 : 330229 330230
53906 : 330231 330232
53907 : 330233 330234
53908 : 330235 330236
53909 : 330237 330238
53910 : 330239 330240
53911 : 330241 330242
53912 : 330243 330244
53913 : 330245 330246
53914 : 330247 330248
53915 : 330249 330250
53916 : 330251 330252
53917 : 330253 330254
53918 : 330255 330256
53919 : 330257 330258
53920 : 330259 330260
53921 : 330261 330262
53922 : 330263 330264
53923 : 330265 330266
53924 : 330267 330268
53925 : 330269 330270
