56723 : 462250 462251
56724 : 462252 462253
56725 : 462254 462255
56726 : 462256 462257
56727 : 462258 462259
56728 : 462260 462261
56729 : 462262 462263
56730 : 462264 462265
56731 : 462266 462267
56732 : 462268 462269
56733 : 462270 462271
56734 : 462272 462273
56735 : 462274 462275
56736 : 462276 462277
56737 : 462278 462279
56738 : 462280 462281
56739 : 462282 462283
56740 : 462284 462285
56741 : 462286 462287
56742 : 462288 462289
56743 : 462290 462291
56744 : 462292 462293
56745 : 462294 462295
56746 : 462296 462297
56747 : 462298 462299
56748 : 462300 462301
56749 : 462302 462303
56750 : 462304 462305
56751 : 462306 462307
56752 : 462308 462309
56753 : 462310 462311
56754 : 462312 462313
56755 : 462314 462315
56756 : 462316 462317
56757 : 462318 462319
56758 : 462320 462321
56759 : 462322 462323
56760 : 462324 462325
56761 : 462326 462327
