9523 : 77003 77004
9524 : 77005 77006
9525 : 77007 77008
9526 : 77009 77010
9527 : 77011 77012
9528 : 77013 77014
9529 : 77015 77016
9530 : 77017 77018
9531 : 77019 77020
9532 : 77021 77022
9533 : 77023 77024
9534 : 77025 77026
9535 : 77027 77028
9536 : 77029 77030
9537 : 77031 77032
9538 : 77033 77034
9539 : 77035 77036
9540 : 77037 77038
9541 : 77039 77040
9542 : 77041 77042
9543 : 77043 77044
9544 : 77045 77046
9545 : 77047 77048
9546 : 77049 77050
9547 : 77051 77052
9548 : 77053 77054
9549 : 77055 77056
9550 : 77057 77058
9551 : 77059 77060
9552 : 77061 77062
9553 : 77063 77064
9554 : 77065 77066
9555 : 77067 77068
9556 : 77069 77070
9557 : 77071 77072
9558 : 77073 77074
