28389 : 241949 241950
28390 : 241951 241952
28391 : 241953 241954
28392 : 241955 241956
28393 : 241957 241958
28394 : 241959 241960
28395 : 241961 241962
28396 : 241963 241964
28397 : 241965 241966
28398 : 241967 241968
28399 : 241969 241970
28400 : 241971 241972
28401 : 241973 241974
28402 : 241975 241976
28403 : 241977 241978
28404 : 241979 241980
28405 : 241981 241982
28406 : 241983 241984
28407 : 241985 241986
28408 : 241987 241988
28409 : 241989 241990
28410 : 241991 241992
28411 : 241993 241994
28412 : 241995 241996
28413 : 241997 241998
28414 : 241999 242000
28415 : 242001 242002
28416 : 242003 242004
28417 : 242005 242006
28418 : 242007 242008
28419 : 242009 242010
28420 : 242011 242012
28421 : 242013 242014
28422 : 242015 242016
28423 : 242017 242018
28424 : 242019 242020
28425 : 242021 242022
