32498 : 272695 272696
32499 : 272697 272698
32500 : 272699 272700
32501 : 272701 272702
32502 : 272703 272704
32503 : 272705 272706
32504 : 272707 272708
32505 : 272709 272710
32506 : 272711 272712
32507 : 272713 272714
32508 : 272715 272716
32509 : 272717 272718
32510 : 272719 272720
32511 : 272721 272722
32512 : 272723 272724
32513 : 272725 272726
32514 : 272727 272728
32515 : 272729 272730
32516 : 272731 272732
32517 : 272733 272734
32518 : 272735 272736
32519 : 272737 272738
32520 : 272739 272740
32521 : 272741 272742
32522 : 272743 272744
32523 : 272745 272746
32524 : 272747 272748
32525 : 272749 272750
32526 : 272751 272752
32527 : 272753 272754
32528 : 272755 272756
32529 : 272757 272758
32530 : 272759 272760
32531 : 272761 272762
32532 : 272763 272764
32533 : 272765 272766
32534 : 272767 272768
32535 : 272769 272770
32536 : 272771 272772
32537 : 272773 272774
32538 : 272775 272776
32539 : 272777 272778
32540 : 272779 272780
32541 : 272781 272782
32542 : 272783 272784
32543 : 272785 272786
32544 : 272787 272788
32545 : 272789 272790
