100933 : 674112 674113
100934 : 674114 674115
100935 : 674116 674117
100936 : 674118 674119
100937 : 674120 674121
100938 : 674122 674123
100939 : 674124 674125
100940 : 674126 674127
100941 : 674128 674129
100942 : 674130 674131
100943 : 674132 674133
100944 : 674134 674135
100945 : 674136 674137
100946 : 674138 674139
100947 : 674140 674141
100948 : 674142 674143
100949 : 674144 674145
100950 : 674146 674147
100951 : 674148 674149
100952 : 674150 674151
100953 : 674152 674153
100954 : 674154 674155
100955 : 674156 674157
100956 : 674158 674159
100957 : 674160 674161
100958 : 674162 674163
100959 : 674164 674165
100960 : 674166 674167
100961 : 674168 674169
100962 : 674170 674171
100963 : 674172 674173
100964 : 674174 674175
100965 : 674176 674177
100966 : 674178 674179
100967 : 674180 674181
100968 : 674182 674183
100969 : 674184 674185
100970 : 674186 674187
100971 : 674188 674189
100972 : 674190 674191
100973 : 674192 674193
100974 : 674194 674195
100975 : 674196 674197
100976 : 674198 674199
100977 : 674200 674201
100978 : 674202 674203
100979 : 674204 674205
100980 : 674206 674207
