20365 : 148767 148768
20366 : 148769 148770
20367 : 148771 148772
20368 : 148773 148774
20369 : 148775 148776
20370 : 148777 148778
20371 : 148779 148780
20372 : 148781 148782
20373 : 148783 148784
20374 : 148785 148786
20375 : 148787 148788
20376 : 148789 148790
20377 : 148791 148792
20378 : 148793 148794
20379 : 148795 148796
20380 : 148797 148798
20381 : 148799 148800
20382 : 148801 148802
20383 : 148803 148804
20384 : 148805 148806
20385 : 148807 148808
20386 : 148809 148810
20387 : 148811 148812
20388 : 148813 148814
20389 : 148815 148816
20390 : 148817 148818
20391 : 148819 148820
20392 : 148821 148822
20393 : 148823 148824
20394 : 148825 148826
20395 : 148827 148828
