7617 : 109841 109842
7618 : 109843 109844
7619 : 109845 109846
7620 : 109847 109848
7621 : 109849 109850
7622 : 109851 109852
7623 : 109853 109854
7624 : 109855 109856
7625 : 109857 109858
7626 : 109859 109860
7627 : 109861 109862
7628 : 109863 109864
7629 : 109865 109866
7630 : 109867 109868
7631 : 109869 109870
7632 : 109871 109872
7633 : 109873 109874
7634 : 109875 109876
7635 : 109877 109878
7636 : 109879 109880
7637 : 109881 109882
7638 : 109883 109884
7639 : 109885 109886
7640 : 109887 109888
7641 : 109889 109890
7642 : 109891 109892
7643 : 109893 109894
7644 : 109895 109896
7645 : 109897 109898
7646 : 109899 109900
7647 : 109901 109902
7648 : 109903 109904
7649 : 109905 109906
