29417 : 207225 207226
29687 : 207227 207228
29688 : 207229 207230
29689 : 207231 207232
29690 : 207233 207234
29691 : 207235 207236
29692 : 207237 207238
29693 : 207239 207240
29694 : 207241 207242
29695 : 207243 207244
29696 : 207245 207246
29697 : 207247 207248
29698 : 207249 207250
29699 : 207251 207252
29700 : 207253 207254
29701 : 207255 207256
29702 : 207257 207258
29703 : 207259 207260
29704 : 207261 207262
29705 : 207263 207264
29706 : 207265 207266
29707 : 207267 207268
29708 : 207269 207270
29709 : 207271 207272
29710 : 207273 207274
29711 : 207275 207276
29712 : 207277 207278
29713 : 207279 207280
29714 : 207281 207282
29715 : 207283 207284
29716 : 207285 207286
29717 : 207287 207288
29718 : 207289 207290
29719 : 207291 207292
29720 : 207293 207294
29721 : 207295 207296
29722 : 207297 207298
29723 : 207299 207300
29724 : 207301 207302
29725 : 207303 207304
29726 : 207305 207306
29727 : 207307 207308
29728 : 207309 207310
29729 : 207311 207312
29730 : 207313 207314
29731 : 207315 207316
29732 : 207317 207318
29733 : 207319 207320
