16328 : 129024 129025
16566 : 129026 129027
16567 : 129028 129029
16568 : 129030 129031
16569 : 129032 129033
16570 : 129034 129035
16571 : 129036 129037
16572 : 129038 129039
16573 : 129040 129041
16574 : 129042 129043
16575 : 129044 129045
16576 : 129046 129047
16577 : 129048 129049
16578 : 129050 129051
16579 : 129052 129053
16580 : 129054 129055
16581 : 129056 129057
16582 : 129058 129059
16583 : 129060 129061
16584 : 129062 129063
16585 : 129064 129065
16586 : 129066 129067
16587 : 129068 129069
16588 : 129070 129071
16589 : 129072 129073
16590 : 129074 129075
16591 : 129076 129077
16592 : 129078 129079
16593 : 129080 129081
16594 : 129082 129083
16595 : 129084 129085
16596 : 129086 129087
16597 : 129088 129089
16598 : 129090 129091
16599 : 129092 129093
16600 : 129094 129095
16601 : 129096 129097
16602 : 129098 129099
16603 : 129100 129101
16604 : 129102 129103
16605 : 129104 129105
16606 : 129106 129107
16607 : 129108 129109
16608 : 129110 129111
16609 : 129112 129113
16610 : 129114 129115
16611 : 129116 129117
16612 : 129118 129119
16613 : 129120 129121
16614 : 129122 129123
16615 : 129124 129125
16616 : 129126 129127
16617 : 129128 129129
16618 : 129130 129131
16619 : 129132 129133
16620 : 129134 129135
16621 : 129136 129137
16622 : 129138 129139
16623 : 129140 129141
16624 : 129142 129143
16625 : 129144 129145
16626 : 129146 129147
16627 : 129148 129149
16628 : 129150 129151
16629 : 129152 129153
16630 : 129154 129155
16631 : 129156 129157
16632 : 129158 129159
16633 : 129160 129161
16634 : 129162 129163
16635 : 129164 129165
16636 : 129166 129167
16637 : 129168 129169
16638 : 129170 129171
16639 : 129172 129173
16640 : 129174 129175
16641 : 129176 129177
