24472 : 177528 177529
24473 : 177530 177531
24474 : 177532 177533
24475 : 177534 177535
24476 : 177536 177537
24477 : 177538 177539
24478 : 177540 177541
24479 : 177542 177543
24480 : 177544 177545
24481 : 177546 177547
24482 : 177548 177549
24483 : 177550 177551
24484 : 177552 177553
24485 : 177554 177555
24486 : 177556 177557
24487 : 177558 177559
24488 : 177560 177561
24489 : 177562 177563
24490 : 177564 177565
24491 : 177566 177567
24492 : 177568 177569
24493 : 177570 177571
24494 : 177572 177573
24495 : 177574 177575
24496 : 177576 177577
24497 : 177578 177579
24498 : 177580 177581
24499 : 177582 177583
24500 : 177584 177585
24501 : 177586 177587
24502 : 177588 177589
24503 : 177590 177591
