51235 : 416766 416767
51236 : 416768 416769
51237 : 416770 416771
51238 : 416772 416773
51239 : 416774 416775
51240 : 416776 416777
51241 : 416778 416779
51242 : 416780 416781
51243 : 416782 416783
51244 : 416784 416785
51245 : 416786 416787
51246 : 416788 416789
51247 : 416790 416791
51248 : 416792 416793
51249 : 416794 416795
51250 : 416796 416797
51251 : 416798 416799
51252 : 416800 416801
51253 : 416802 416803
51254 : 416804 416805
51255 : 416806 416807
51256 : 416808 416809
51257 : 416810 416811
51258 : 416812 416813
51259 : 416814 416815
51260 : 416816 416817
51261 : 416818 416819
51262 : 416820 416821
51263 : 416822 416823
51264 : 416824 416825
51265 : 416826 416827
51266 : 416828 416829
51267 : 416830 416831
51268 : 416832 416833
51269 : 416834 416835
51270 : 416836 416837
51271 : 416838 416839
