11989 : 83665 83666
11990 : 83667 83668
11991 : 83669 83670
11992 : 83671 83672
11993 : 83673 83674
11994 : 83675 83676
11995 : 83677 83678
11996 : 83679 83680
11997 : 83681 83682
11998 : 83683 83684
11999 : 83685 83686
12000 : 83687 83688
12001 : 83689 83690
12002 : 83691 83692
12003 : 83693 83694
12004 : 83695 83696
12005 : 83697 83698
12006 : 83699 83700
12007 : 83701 83702
12008 : 83703 83704
12009 : 83705 83706
12010 : 83707 83708
12011 : 83709 83710
12012 : 83711 83712
12013 : 83713 83714
12014 : 83715 83716
12015 : 83717 83718
12016 : 83719 83720
12017 : 83721 83722
12018 : 83723 83724
12019 : 83725 83726
