65783 : 400261 400262
65784 : 400263 400264
65785 : 400265 400266
65786 : 400267 400268
65787 : 400269 400270
65788 : 400271 400272
65789 : 400273 400274
65790 : 400275 400276
65791 : 400277 400278
65792 : 400279 400280
65793 : 400281 400282
65794 : 400283 400284
65795 : 400285 400286
65796 : 400287 400288
65797 : 400289 400290
65798 : 400291 400292
65799 : 400293 400294
65800 : 400295 400296
65801 : 400297 400298
65802 : 400299 400300
65803 : 400301 400302
65804 : 400303 400304
65805 : 400305 400306
65806 : 400307 400308
65807 : 400309 400310
65808 : 400311 400312
65809 : 400313 400314
65810 : 400315 400316
65811 : 400317 400318
65812 : 400319 400320
65813 : 400321 400322
65814 : 400323 400324
65815 : 400325 400326
65816 : 400327 400328
65817 : 400329 400330
65818 : 400331 400332
65819 : 400333 400334
65820 : 400335 400336
65821 : 400337 400338
65822 : 400339 400340
65823 : 400341 400342
65824 : 400343 400344
65825 : 400345 400346
65826 : 400347 400348
65827 : 400349 400350
65828 : 400351 400352
65829 : 400353 400354
65830 : 400355 400356
65831 : 400357 400358
65832 : 400359 400360
65833 : 400361 400362
65834 : 400363 400364
65835 : 400365 400366
65836 : 400367 400368
65837 : 400369 400370
65838 : 400371 400372
