63612 : 388540 388541
63613 : 388542 388543
63614 : 388544 388545
63615 : 388546 388547
63616 : 388548 388549
63617 : 388550 388551
63618 : 388552 388553
63619 : 388554 388555
63620 : 388556 388557
63621 : 388558 388559
63622 : 388560 388561
63623 : 388562 388563
63624 : 388564 388565
63625 : 388566 388567
63626 : 388568 388569
63627 : 388570 388571
63628 : 388572 388573
63629 : 388574 388575
63630 : 388576 388577
63631 : 388578 388579
63632 : 388580 388581
63633 : 388582 388583
63634 : 388584 388585
63635 : 388586 388587
63636 : 388588 388589
63637 : 388590 388591
63638 : 388592 388593
63639 : 388594 388595
63640 : 388596 388597
63641 : 388598 388599
63642 : 388600 388601
63643 : 388602 388603
63644 : 388604 388605
63645 : 388606 388607
63646 : 388608 388609
63647 : 388610 388611
63648 : 388612 388613
63649 : 388614 388615
63650 : 388616 388617
63651 : 388618 388619
63652 : 388620 388621
63653 : 388622 388623
