4651 : 56362 56363
4652 : 56364 56365
4653 : 56366 56367
4654 : 56368 56369
4655 : 56370 56371
4656 : 56372 56373
4657 : 56374 56375
4658 : 56376 56377
4659 : 56378 56379
4660 : 56380 56381
4661 : 56382 56383
4662 : 56384 56385
4663 : 56386 56387
4664 : 56388 56389
4665 : 56390 56391
4666 : 56392 56393
4667 : 56394 56395
4668 : 56396 56397
4669 : 56398 56399
4670 : 56400 56401
4671 : 56402 56403
4672 : 56404 56405
4673 : 56406 56407
4674 : 56408 56409
4675 : 56410 56411
4676 : 56412 56413
4677 : 56414 56415
4678 : 56416 56417
4679 : 56418 56419
