54005 : 331014 331015
54006 : 331016 331017
54007 : 331018 331019
54008 : 331020 331021
54009 : 331022 331023
54010 : 331024 331025
54011 : 331026 331027
54012 : 331028 331029
54013 : 331030 331031
54014 : 331032 331033
54015 : 331034 331035
54016 : 331036 331037
54017 : 331038 331039
54018 : 331040 331041
54019 : 331042 331043
54020 : 331044 331045
54021 : 331046 331047
54022 : 331048 331049
54023 : 331050 331051
54024 : 331052 331053
54025 : 331054 331055
54026 : 331056 331057
54027 : 331058 331059
54028 : 331060 331061
54029 : 331062 331063
54030 : 331064 331065
54031 : 331066 331067
54032 : 331068 331069
54033 : 331070 331071
54034 : 331072 331073
54035 : 331074 331075
54036 : 331076 331077
54037 : 331078 331079
54038 : 331080 331081
54039 : 331082 331083
54040 : 331084 331085
54041 : 331086 331087
54042 : 331088 331089
54043 : 331090 331091
54044 : 331092 331093
54045 : 331094 331095
54046 : 331096 331097
