3818 : 56107 56108
3819 : 56109 56110
3820 : 56111 56112
3821 : 56113 56114
3822 : 56115 56116
3823 : 56117 56118
3824 : 56119 56120
3825 : 56121 56122
3826 : 56123 56124
3827 : 56125 56126
3828 : 56127 56128
3829 : 56129 56130
3830 : 56131 56132
3831 : 56133 56134
3832 : 56135 56136
3833 : 56137 56138
3834 : 56139 56140
3835 : 56141 56142
3836 : 56143 56144
3837 : 56145 56146
3838 : 56147 56148
3839 : 56149 56150
3840 : 56151 56152
3841 : 56153 56154
3842 : 56155 56156
3843 : 56157 56158
3844 : 56159 56160
3845 : 56161 56162
3846 : 56163 56164
