28764 : 244070 244071
28765 : 244072 244073
28766 : 244074 244075
28767 : 244076 244077
28768 : 244078 244079
28769 : 244080 244081
28770 : 244082 244083
28771 : 244084 244085
28772 : 244086 244087
28773 : 244088 244089
28774 : 244090 244091
28775 : 244092 244093
28776 : 244094 244095
28777 : 244096 244097
28778 : 244098 244099
28779 : 244100 244101
28780 : 244102 244103
28781 : 244104 244105
28782 : 244106 244107
28783 : 244108 244109
28784 : 244110 244111
28785 : 244112 244113
28786 : 244114 244115
28787 : 244116 244117
28788 : 244118 244119
28789 : 244120 244121
28790 : 244122 244123
28791 : 244124 244125
28792 : 244126 244127
28793 : 244128 244129
28794 : 244130 244131
28795 : 244132 244133
28796 : 244134 244135
28797 : 244136 244137
28798 : 244138 244139
28799 : 244140 244141
28800 : 244142 244143
