69577 : 426439 426440
69578 : 426441 426442
69579 : 426443 426444
69580 : 426445 426446
69581 : 426447 426448
69582 : 426449 426450
69583 : 426451 426452
69584 : 426453 426454
69585 : 426455 426456
69586 : 426457 426458
69587 : 426459 426460
69588 : 426461 426462
69589 : 426463 426464
69590 : 426465 426466
69591 : 426467 426468
69592 : 426469 426470
69593 : 426471 426472
69594 : 426473 426474
69595 : 426475 426476
69596 : 426477 426478
69597 : 426479 426480
69598 : 426481 426482
69599 : 426483 426484
69600 : 426485 426486
69601 : 426487 426488
69602 : 426489 426490
69603 : 426491 426492
69604 : 426493 426494
69605 : 426495 426496
69606 : 426497 426498
69607 : 426499 426500
69608 : 426501 426502
69609 : 426503 426504
69610 : 426505 426506
69611 : 426507 426508
69612 : 426509 426510
