70890 : 435470 435471
70891 : 435472 435473
70892 : 435474 435475
70893 : 435476 435477
70894 : 435478 435479
70895 : 435480 435481
70896 : 435482 435483
70897 : 435484 435485
70898 : 435486 435487
70899 : 435488 435489
70900 : 435490 435491
70901 : 435492 435493
70902 : 435494 435495
70903 : 435496 435497
70904 : 435498 435499
70905 : 435500 435501
70906 : 435502 435503
70907 : 435504 435505
70908 : 435506 435507
70909 : 435508 435509
70910 : 435510 435511
70911 : 435512 435513
70912 : 435514 435515
70913 : 435516 435517
70914 : 435518 435519
70915 : 435520 435521
70916 : 435522 435523
70917 : 435524 435525
70918 : 435526 435527
70919 : 435528 435529
70920 : 435530 435531
70921 : 435532 435533
70922 : 435534 435535
70923 : 435536 435537
70924 : 435538 435539
70925 : 435540 435541
70926 : 435542 435543
70927 : 435544 435545
70928 : 435546 435547
70929 : 435548 435549
70930 : 435550 435551
70931 : 435552 435553
70932 : 435554 435555
70933 : 435556 435557
70934 : 435558 435559
70935 : 435560 435561
70936 : 435562 435563
70937 : 435564 435565
70938 : 435566 435567
70939 : 435568 435569
70940 : 435570 435571
70941 : 435572 435573
70942 : 435574 435575
70943 : 435576 435577
