71585 : 441525 441526
71653 : 441527 441528
71654 : 441529 441530
71655 : 441531 441532
71656 : 441533 441534
71657 : 441535 441536
71658 : 441537 441538
71659 : 441539 441540
71660 : 441541 441542
71661 : 441543 441544
71662 : 441545 441546
71663 : 441547 441548
71664 : 441549 441550
71665 : 441551 441552
71666 : 441553 441554
71667 : 441555 441556
71668 : 441557 441558
71669 : 441559 441560
71670 : 441561 441562
71671 : 441563 441564
71672 : 441565 441566
71673 : 441567 441568
71674 : 441569 441570
71675 : 441571 441572
71676 : 441573 441574
71677 : 441575 441576
71678 : 441577 441578
71679 : 441579 441580
71680 : 441581 441582
71681 : 441583 441584
71682 : 441585 441586
71683 : 441587 441588
71684 : 441589 441590
71685 : 441591 441592
71686 : 441593 441594
71687 : 441595 441596
71688 : 441597 441598
71689 : 441599 441600
71690 : 441601 441602
71691 : 441603 441604
71692 : 441605 441606
71693 : 441607 441608
71694 : 441609 441610
71695 : 441611 441612
71696 : 441613 441614
71697 : 441615 441616
