22969 : 200233 200234
22970 : 200235 200236
22971 : 200237 200238
22972 : 200239 200240
22973 : 200241 200242
22974 : 200243 200244
22975 : 200245 200246
22976 : 200247 200248
22977 : 200249 200250
22978 : 200251 200252
22979 : 200253 200254
22980 : 200255 200256
22981 : 200257 200258
22982 : 200259 200260
22983 : 200261 200262
22984 : 200263 200264
22985 : 200265 200266
22986 : 200267 200268
22987 : 200269 200270
22988 : 200271 200272
22989 : 200273 200274
22990 : 200275 200276
22991 : 200277 200278
22992 : 200279 200280
22993 : 200281 200282
22994 : 200283 200284
22995 : 200285 200286
22996 : 200287 200288
22997 : 200289 200290
22998 : 200291 200292
22999 : 200293 200294
23000 : 200295 200296
23001 : 200297 200298
23002 : 200299 200300
23003 : 200301 200302
23004 : 200303 200304
23005 : 200305 200306
23006 : 200307 200308
23007 : 200309 200310
23008 : 200311 200312
23009 : 200313 200314
23010 : 200315 200316
