35989 : 237873 237874
36570 : 237875 237876
36571 : 237877 237878
36572 : 237879 237880
36573 : 237881 237882
36574 : 237883 237884
36575 : 237885 237886
36576 : 237887 237888
36577 : 237889 237890
36578 : 237891 237892
36579 : 237893 237894
36580 : 237895 237896
36581 : 237897 237898
36582 : 237899 237900
36583 : 237901 237902
36584 : 237903 237904
36585 : 237905 237906
36586 : 237907 237908
36587 : 237909 237910
36588 : 237911 237912
36589 : 237913 237914
36590 : 237915 237916
36591 : 237917 237918
36592 : 237919 237920
36593 : 237921 237922
36594 : 237923 237924
36595 : 237925 237926
36596 : 237927 237928
36597 : 237929 237930
36598 : 237931 237932
36599 : 237933 237934
36600 : 237935 237936
36601 : 237937 237938
36602 : 237939 237940
36603 : 237941 237942
36604 : 237943 237944
36605 : 237945 237946
36606 : 237947 237948
36607 : 237949 237950
36608 : 237951 237952
36609 : 237953 237954
36610 : 237955 237956
36611 : 237957 237958
36612 : 237959 237960
36613 : 237961 237962
36614 : 237963 237964
36615 : 237965 237966
36616 : 237967 237968
36617 : 237969 237970
36618 : 237971 237972
36619 : 237973 237974
36620 : 237975 237976
36621 : 237977 237978
36622 : 237979 237980
36623 : 237981 237982
36624 : 237983 237984
36625 : 237985 237986
36626 : 237987 237988
