49980 : 405531 405532
49981 : 405533 405534
49982 : 405535 405536
49983 : 405537 405538
49984 : 405539 405540
49985 : 405541 405542
49986 : 405543 405544
49987 : 405545 405546
49988 : 405547 405548
49989 : 405549 405550
49990 : 405551 405552
49991 : 405553 405554
49992 : 405555 405556
49993 : 405557 405558
49994 : 405559 405560
49995 : 405561 405562
49996 : 405563 405564
49997 : 405565 405566
49998 : 405567 405568
49999 : 405569 405570
50000 : 405571 405572
50001 : 405573 405574
50002 : 405575 405576
50003 : 405577 405578
50004 : 405579 405580
50005 : 405581 405582
50006 : 405583 405584
50007 : 405585 405586
50008 : 405587 405588
