60954 : 372962 372963
60955 : 372964 372965
60956 : 372966 372967
60957 : 372968 372969
60958 : 372970 372971
60959 : 372972 372973
60960 : 372974 372975
60961 : 372976 372977
60962 : 372978 372979
60963 : 372980 372981
60964 : 372982 372983
60965 : 372984 372985
60966 : 372986 372987
60967 : 372988 372989
60968 : 372990 372991
60969 : 372992 372993
60970 : 372994 372995
60971 : 372996 372997
60972 : 372998 372999
60973 : 373000 373001
60974 : 373002 373003
60975 : 373004 373005
60976 : 373006 373007
60977 : 373008 373009
60978 : 373010 373011
60979 : 373012 373013
60980 : 373014 373015
60981 : 373016 373017
60982 : 373018 373019
60983 : 373020 373021
60984 : 373022 373023
60985 : 373024 373025
60986 : 373026 373027
60987 : 373028 373029
60988 : 373030 373031
60989 : 373032 373033
60990 : 373034 373035
60991 : 373036 373037
60992 : 373038 373039
60993 : 373040 373041
