28493 : 201814 201815
28494 : 201816 201817
28495 : 201818 201819
28496 : 201820 201821
28497 : 201822 201823
28498 : 201824 201825
28499 : 201826 201827
28500 : 201828 201829
28501 : 201830 201831
28502 : 201832 201833
28503 : 201834 201835
28504 : 201836 201837
28505 : 201838 201839
28506 : 201840 201841
28507 : 201842 201843
28508 : 201844 201845
28509 : 201846 201847
28510 : 201848 201849
28511 : 201850 201851
28512 : 201852 201853
28513 : 201854 201855
28514 : 201856 201857
28515 : 201858 201859
28516 : 201860 201861
28517 : 201862 201863
28518 : 201864 201865
28519 : 201866 201867
28520 : 201868 201869
28521 : 201870 201871
28522 : 201872 201873
28523 : 201874 201875
28524 : 201876 201877
28525 : 201878 201879
28526 : 201880 201881
28527 : 201882 201883
28528 : 201884 201885
28529 : 201886 201887
28530 : 201888 201889
28531 : 201890 201891
28532 : 201892 201893
28533 : 201894 201895
28534 : 201896 201897
28535 : 201898 201899
28536 : 201900 201901
28537 : 201902 201903
28538 : 201904 201905
28539 : 201906 201907
28540 : 201908 201909
28541 : 201910 201911
28542 : 201912 201913
28543 : 201914 201915
28544 : 201916 201917
