9329 : 89141 89142
9330 : 89143 89144
9331 : 89145 89146
9332 : 89147 89148
9333 : 89149 89150
9334 : 89151 89152
9335 : 89153 89154
9336 : 89155 89156
9337 : 89157 89158
9338 : 89159 89160
9339 : 89161 89162
9340 : 89163 89164
9341 : 89165 89166
9342 : 89167 89168
9343 : 89169 89170
9344 : 89171 89172
9345 : 89173 89174
9346 : 89175 89176
9347 : 89177 89178
9348 : 89179 89180
9349 : 89181 89182
9350 : 89183 89184
9351 : 89185 89186
9352 : 89187 89188
9353 : 89189 89190
9354 : 89191 89192
9355 : 89193 89194
