67047 : 409793 409794
67048 : 409795 409796
67049 : 409797 409798
67050 : 409799 409800
67051 : 409801 409802
67052 : 409803 409804
67053 : 409805 409806
67054 : 409807 409808
67055 : 409809 409810
67056 : 409811 409812
67057 : 409813 409814
67058 : 409815 409816
67059 : 409817 409818
67060 : 409819 409820
67061 : 409821 409822
67062 : 409823 409824
67063 : 409825 409826
67064 : 409827 409828
67065 : 409829 409830
67066 : 409831 409832
67067 : 409833 409834
67068 : 409835 409836
67069 : 409837 409838
67070 : 409839 409840
67071 : 409841 409842
67072 : 409843 409844
