38459 : 247362 247363
38460 : 247364 247365
38461 : 247366 247367
38462 : 247368 247369
38463 : 247370 247371
38464 : 247372 247373
38465 : 247374 247375
38466 : 247376 247377
38467 : 247378 247379
38468 : 247380 247381
38469 : 247382 247383
38470 : 247384 247385
38471 : 247386 247387
38472 : 247388 247389
38473 : 247390 247391
38474 : 247392 247393
38475 : 247394 247395
38476 : 247396 247397
38477 : 247398 247399
38478 : 247400 247401
38479 : 247402 247403
38480 : 247404 247405
38481 : 247406 247407
38482 : 247408 247409
38483 : 247410 247411
38484 : 247412 247413
38485 : 247414 247415
38486 : 247416 247417
38487 : 247418 247419
38488 : 247420 247421
38489 : 247422 247423
38490 : 247424 247425
38491 : 247426 247427
38492 : 247428 247429
38493 : 247430 247431
38494 : 247432 247433
38495 : 247434 247435
38496 : 247436 247437
38497 : 247438 247439
38498 : 247440 247441
38499 : 247442 247443
38500 : 247444 247445
38501 : 247446 247447
38502 : 247448 247449
38503 : 247450 247451
38504 : 247452 247453
38505 : 247454 247455
38506 : 247456 247457
38507 : 247458 247459
38508 : 247460 247461
38509 : 247462 247463
