93706 : 580501 580502
93707 : 580503 580504
93708 : 580505 580506
93709 : 580507 580508
93710 : 580509 580510
93711 : 580511 580512
93712 : 580513 580514
93713 : 580515 580516
93714 : 580517 580518
93715 : 580519 580520
93716 : 580521 580522
93717 : 580523 580524
93718 : 580525 580526
93719 : 580527 580528
93720 : 580529 580530
93721 : 580531 580532
93722 : 580533 580534
93723 : 580535 580536
93724 : 580537 580538
93725 : 580539 580540
93726 : 580541 580542
93727 : 580543 580544
93728 : 580545 580546
93729 : 580547 580548
93730 : 580549 580550
93731 : 580551 580552
93732 : 580553 580554
93733 : 580555 580556
93734 : 580557 580558
93735 : 580559 580560
93736 : 580561 580562
93737 : 580563 580564
93738 : 580565 580566
93739 : 580567 580568
93740 : 580569 580570
93741 : 580571 580572
93742 : 580573 580574
93743 : 580575 580576
93744 : 580577 580578
93745 : 580579 580580
