21700 : 158559 158560
21701 : 158561 158562
21702 : 158563 158564
21703 : 158565 158566
21704 : 158567 158568
21705 : 158569 158570
21706 : 158571 158572
21707 : 158573 158574
21708 : 158575 158576
21709 : 158577 158578
21710 : 158579 158580
21711 : 158581 158582
21712 : 158583 158584
21713 : 158585 158586
21714 : 158587 158588
21715 : 158589 158590
21716 : 158591 158592
21717 : 158593 158594
21718 : 158595 158596
21719 : 158597 158598
21720 : 158599 158600
21721 : 158601 158602
21722 : 158603 158604
21723 : 158605 158606
21724 : 158607 158608
21725 : 158609 158610
21726 : 158611 158612
21727 : 158613 158614
21728 : 158615 158616
21729 : 158617 158618
21730 : 158619 158620
