26121 : 224722 224723
26258 : 224724 224725
26259 : 224726 224727
26260 : 224728 224729
26261 : 224730 224731
26262 : 224732 224733
26263 : 224734 224735
26264 : 224736 224737
26265 : 224738 224739
26266 : 224740 224741
26267 : 224742 224743
26268 : 224744 224745
26269 : 224746 224747
26270 : 224748 224749
26271 : 224750 224751
26272 : 224752 224753
26273 : 224754 224755
26274 : 224756 224757
26275 : 224758 224759
26276 : 224760 224761
26277 : 224762 224763
26278 : 224764 224765
26279 : 224766 224767
26280 : 224768 224769
26281 : 224770 224771
26282 : 224772 224773
26283 : 224774 224775
26284 : 224776 224777
26285 : 224778 224779
26286 : 224780 224781
26287 : 224782 224783
26288 : 224784 224785
26289 : 224786 224787
26290 : 224788 224789
26291 : 224790 224791
26292 : 224792 224793
26293 : 224794 224795
26294 : 224796 224797
26295 : 224798 224799
