26139 : 189133 189134
26140 : 189135 189136
26141 : 189137 189138
26142 : 189139 189140
26143 : 189141 189142
26144 : 189143 189144
26145 : 189145 189146
26146 : 189147 189148
26147 : 189149 189150
26148 : 189151 189152
26149 : 189153 189154
26150 : 189155 189156
26151 : 189157 189158
26152 : 189159 189160
26153 : 189161 189162
26154 : 189163 189164
26155 : 189165 189166
26156 : 189167 189168
26157 : 189169 189170
26158 : 189171 189172
26159 : 189173 189174
26160 : 189175 189176
26161 : 189177 189178
26162 : 189179 189180
26163 : 189181 189182
26164 : 189183 189184
26165 : 189185 189186
26166 : 189187 189188
26167 : 189189 189190
26168 : 189191 189192
26169 : 189193 189194
26170 : 189195 189196
26171 : 189197 189198
26172 : 189199 189200
26173 : 189201 189202
26174 : 189203 189204
26175 : 189205 189206
26176 : 189207 189208
