39787 : 256202 256203
39972 : 256204 256205
39973 : 256206 256207
39974 : 256208 256209
39975 : 256210 256211
39976 : 256212 256213
39977 : 256214 256215
39978 : 256216 256217
39979 : 256218 256219
39980 : 256220 256221
39981 : 256222 256223
39982 : 256224 256225
39983 : 256226 256227
39984 : 256228 256229
39985 : 256230 256231
39986 : 256232 256233
39987 : 256234 256235
39988 : 256236 256237
39989 : 256238 256239
39990 : 256240 256241
39991 : 256242 256243
39992 : 256244 256245
39993 : 256246 256247
39994 : 256248 256249
39995 : 256250 256251
39996 : 256252 256253
39997 : 256254 256255
39998 : 256256 256257
39999 : 256258 256259
40000 : 256260 256261
40001 : 256262 256263
40002 : 256264 256265
40003 : 256266 256267
40004 : 256268 256269
40005 : 256270 256271
40006 : 256272 256273
40007 : 256274 256275
40008 : 256276 256277
40009 : 256278 256279
40010 : 256280 256281
40011 : 256282 256283
40012 : 256284 256285
40013 : 256286 256287
