51445 : 316785 316786
51446 : 316787 316788
51447 : 316789 316790
51448 : 316791 316792
51449 : 316793 316794
51450 : 316795 316796
51451 : 316797 316798
51452 : 316799 316800
51453 : 316801 316802
51454 : 316803 316804
51455 : 316805 316806
51456 : 316807 316808
51457 : 316809 316810
51458 : 316811 316812
51459 : 316813 316814
51460 : 316815 316816
51461 : 316817 316818
51462 : 316819 316820
51463 : 316821 316822
51464 : 316823 316824
51465 : 316825 316826
51466 : 316827 316828
51467 : 316829 316830
51468 : 316831 316832
51469 : 316833 316834
51470 : 316835 316836
51471 : 316837 316838
51472 : 316839 316840
51473 : 316841 316842
51474 : 316843 316844
51475 : 316845 316846
51476 : 316847 316848
51477 : 316849 316850
51478 : 316851 316852
51479 : 316853 316854
51480 : 316855 316856
51481 : 316857 316858
51482 : 316859 316860
51483 : 316861 316862
