55780 : 343284 343285
55781 : 343286 343287
55782 : 343288 343289
55783 : 343290 343291
55784 : 343292 343293
55785 : 343294 343295
55786 : 343296 343297
55787 : 343298 343299
55788 : 343300 343301
55789 : 343302 343303
55790 : 343304 343305
55791 : 343306 343307
55792 : 343308 343309
55793 : 343310 343311
55794 : 343312 343313
55795 : 343314 343315
55796 : 343316 343317
55797 : 343318 343319
55798 : 343320 343321
55799 : 343322 343323
55800 : 343324 343325
55801 : 343326 343327
55802 : 343328 343329
55803 : 343330 343331
55804 : 343332 343333
55805 : 343334 343335
55806 : 343336 343337
55807 : 343338 343339
55808 : 343340 343341
55809 : 343342 343343
55810 : 343344 343345
55811 : 343346 343347
55812 : 343348 343349
55813 : 343350 343351
55814 : 343352 343353
55815 : 343354 343355
55816 : 343356 343357
55817 : 343358 343359
55818 : 343360 343361
55819 : 343362 343363
55820 : 343364 343365
55821 : 343366 343367
55822 : 343368 343369
55823 : 343370 343371
55824 : 343372 343373
55825 : 343374 343375
55826 : 343376 343377
55827 : 343378 343379
55828 : 343380 343381
55829 : 343382 343383
55830 : 343384 343385
55831 : 343386 343387
55832 : 343388 343389
55833 : 343390 343391
55834 : 343392 343393
55835 : 343394 343395
55836 : 343396 343397
55837 : 343398 343399
55838 : 343400 343401
55839 : 343402 343403
55840 : 343404 343405
55841 : 343406 343407
55842 : 343408 343409
55843 : 343410 343411
55844 : 343412 343413
55845 : 343414 343415
55846 : 343416 343417
55847 : 343418 343419
55848 : 343420 343421
55849 : 343422 343423
