25991 : 188138 188139
25992 : 188140 188141
25993 : 188142 188143
25994 : 188144 188145
25995 : 188146 188147
25996 : 188148 188149
25997 : 188150 188151
25998 : 188152 188153
25999 : 188154 188155
26000 : 188156 188157
26001 : 188158 188159
26002 : 188160 188161
26003 : 188162 188163
26004 : 188164 188165
26005 : 188166 188167
26006 : 188168 188169
26007 : 188170 188171
26008 : 188172 188173
26009 : 188174 188175
26010 : 188176 188177
26011 : 188178 188179
26012 : 188180 188181
26013 : 188182 188183
26014 : 188184 188185
26015 : 188186 188187
26016 : 188188 188189
26017 : 188190 188191
26018 : 188192 188193
