39276 : 238673 238674
39613 : 238675 238676
39614 : 238677 238678
39615 : 238679 238680
39616 : 238681 238682
39617 : 238683 238684
39618 : 238685 238686
39619 : 238687 238688
39620 : 238689 238690
39621 : 238691 238692
39622 : 238693 238694
39623 : 238695 238696
39624 : 238697 238698
39625 : 238699 238700
39626 : 238701 238702
39627 : 238703 238704
39628 : 238705 238706
39629 : 238707 238708
39630 : 238709 238710
39631 : 238711 238712
39632 : 238713 238714
39633 : 238715 238716
39634 : 238717 238718
39635 : 238719 238720
39636 : 238721 238722
39637 : 238723 238724
39638 : 238725 238726
39639 : 238727 238728
39640 : 238729 238730
39641 : 238731 238732
39642 : 238733 238734
39643 : 238735 238736
39644 : 238737 238738
39645 : 238739 238740
39646 : 238741 238742
39647 : 238743 238744
39648 : 238745 238746
39649 : 238747 238748
39650 : 238749 238750
39651 : 238751 238752
39652 : 238753 238754
39653 : 238755 238756
39654 : 238757 238758
39655 : 238759 238760
39656 : 238761 238762
39657 : 238763 238764
39658 : 238765 238766
39659 : 238767 238768
39660 : 238769 238770
39661 : 238771 238772
39662 : 238773 238774
39663 : 238775 238776
39664 : 238777 238778
39665 : 238779 238780
39666 : 238781 238782
39667 : 238783 238784
39668 : 238785 238786
39669 : 238787 238788
39670 : 238789 238790
39671 : 238791 238792
39672 : 238793 238794
39673 : 238795 238796
39674 : 238797 238798
39675 : 238799 238800
39676 : 238801 238802
39677 : 238803 238804
39678 : 238805 238806
39679 : 238807 238808
39680 : 238809 238810
39681 : 238811 238812
39682 : 238813 238814
39683 : 238815 238816
39684 : 238817 238818
39685 : 238819 238820
39686 : 238821 238822
39687 : 238823 238824
39688 : 238825 238826
39689 : 238827 238828
39690 : 238829 238830
39691 : 238831 238832
39692 : 238833 238834
39693 : 238835 238836
39694 : 238837 238838
39695 : 238839 238840
39696 : 238841 238842
39697 : 238843 238844
39698 : 238845 238846
39699 : 238847 238848
