46608 : 378605 378606
46609 : 378607 378608
46610 : 378609 378610
46611 : 378611 378612
46612 : 378613 378614
46613 : 378615 378616
46614 : 378617 378618
46615 : 378619 378620
46616 : 378621 378622
46617 : 378623 378624
46618 : 378625 378626
46619 : 378627 378628
46620 : 378629 378630
46621 : 378631 378632
46622 : 378633 378634
46623 : 378635 378636
46624 : 378637 378638
46625 : 378639 378640
46626 : 378641 378642
46627 : 378643 378644
46628 : 378645 378646
46629 : 378647 378648
46630 : 378649 378650
46631 : 378651 378652
46632 : 378653 378654
46633 : 378655 378656
46634 : 378657 378658
46635 : 378659 378660
46636 : 378661 378662
46637 : 378663 378664
46638 : 378665 378666
46639 : 378667 378668
46640 : 378669 378670
46641 : 378671 378672
46642 : 378673 378674
46643 : 378675 378676
46644 : 378677 378678
46645 : 378679 378680
46646 : 378681 378682
46647 : 378683 378684
