9259 : 66325 66326
9260 : 66327 66328
9261 : 66329 66330
9262 : 66331 66332
9263 : 66333 66334
9264 : 66335 66336
9265 : 66337 66338
9266 : 66339 66340
9267 : 66341 66342
9268 : 66343 66344
9269 : 66345 66346
9270 : 66347 66348
9271 : 66349 66350
9272 : 66351 66352
9273 : 66353 66354
9274 : 66355 66356
9275 : 66357 66358
9276 : 66359 66360
9277 : 66361 66362
9278 : 66363 66364
9279 : 66365 66366
9280 : 66367 66368
9281 : 66369 66370
9282 : 66371 66372
9283 : 66373 66374
9284 : 66375 66376
9285 : 66377 66378
9286 : 66379 66380
9287 : 66381 66382
