10153 : 95218 95219
10154 : 95220 95221
10155 : 95222 95223
10156 : 95224 95225
10157 : 95226 95227
10158 : 95228 95229
10159 : 95230 95231
10160 : 95232 95233
10161 : 95234 95235
10162 : 95236 95237
10163 : 95238 95239
10164 : 95240 95241
10165 : 95242 95243
10166 : 95244 95245
10167 : 95246 95247
10168 : 95248 95249
10169 : 95250 95251
10170 : 95252 95253
10171 : 95254 95255
10172 : 95256 95257
10173 : 95258 95259
10174 : 95260 95261
10175 : 95262 95263
10176 : 95264 95265
10177 : 95266 95267
10178 : 95268 95269
10179 : 95270 95271
10180 : 95272 95273
10181 : 95274 95275
10182 : 95276 95277
10183 : 95278 95279
