38952 : 249829 249830
38953 : 249831 249832
38954 : 249833 249834
38955 : 249835 249836
38956 : 249837 249838
38957 : 249839 249840
38958 : 249841 249842
38959 : 249843 249844
38960 : 249845 249846
38961 : 249847 249848
38962 : 249849 249850
38963 : 249851 249852
38964 : 249853 249854
38965 : 249855 249856
38966 : 249857 249858
38967 : 249859 249860
38968 : 249861 249862
38969 : 249863 249864
38970 : 249865 249866
38971 : 249867 249868
38972 : 249869 249870
38973 : 249871 249872
38974 : 249873 249874
38975 : 249875 249876
38976 : 249877 249878
38977 : 249879 249880
38978 : 249881 249882
38979 : 249883 249884
38980 : 249885 249886
38981 : 249887 249888
38982 : 249889 249890
38983 : 249891 249892
38984 : 249893 249894
38985 : 249895 249896
38986 : 249897 249898
38987 : 249899 249900
38988 : 249901 249902
38989 : 249903 249904
38990 : 249905 249906
38991 : 249907 249908
38992 : 249909 249910
38993 : 249911 249912
38994 : 249913 249914
38995 : 249915 249916
38996 : 249917 249918
38997 : 249919 249920
38998 : 249921 249922
38999 : 249923 249924
39000 : 249925 249926
39001 : 249927 249928
