47245 : 386990 386991
47246 : 386992 386993
47247 : 386994 386995
47248 : 386996 386997
47249 : 386998 386999
47250 : 387000 387001
47251 : 387002 387003
47252 : 387004 387005
47253 : 387006 387007
47254 : 387008 387009
47255 : 387010 387011
47256 : 387012 387013
47257 : 387014 387015
47258 : 387016 387017
47259 : 387018 387019
47260 : 387020 387021
47261 : 387022 387023
47262 : 387024 387025
47263 : 387026 387027
47264 : 387028 387029
47265 : 387030 387031
47266 : 387032 387033
47267 : 387034 387035
47268 : 387036 387037
47269 : 387038 387039
47270 : 387040 387041
47271 : 387042 387043
47272 : 387044 387045
47273 : 387046 387047
47274 : 387048 387049
47275 : 387050 387051
47276 : 387052 387053
47277 : 387054 387055
47278 : 387056 387057
47279 : 387058 387059
47280 : 387060 387061
47281 : 387062 387063
47282 : 387064 387065
