31990 : 268842 268843
31991 : 268844 268845
31992 : 268846 268847
31993 : 268848 268849
31994 : 268850 268851
31995 : 268852 268853
31996 : 268854 268855
31997 : 268856 268857
31998 : 268858 268859
31999 : 268860 268861
32000 : 268862 268863
32001 : 268864 268865
32002 : 268866 268867
32003 : 268868 268869
32004 : 268870 268871
32005 : 268872 268873
32006 : 268874 268875
32007 : 268876 268877
32008 : 268878 268879
32009 : 268880 268881
32010 : 268882 268883
32011 : 268884 268885
32012 : 268886 268887
32013 : 268888 268889
32014 : 268890 268891
32015 : 268892 268893
32016 : 268894 268895
32017 : 268896 268897
32018 : 268898 268899
32019 : 268900 268901
32020 : 268902 268903
32021 : 268904 268905
