84207 : 486402 486403
84208 : 486404 486405
84209 : 486406 486407
84210 : 486408 486409
84211 : 486410 486411
84212 : 486412 486413
84213 : 486414 486415
84214 : 486416 486417
84215 : 486418 486419
84216 : 486420 486421
84217 : 486422 486423
84218 : 486424 486425
84219 : 486426 486427
84220 : 486428 486429
84221 : 486430 486431
84222 : 486432 486433
84223 : 486434 486435
84224 : 486436 486437
84225 : 486438 486439
84226 : 486440 486441
84227 : 486442 486443
84228 : 486444 486445
84229 : 486446 486447
84230 : 486448 486449
84231 : 486450 486451
84232 : 486452 486453
84233 : 486454 486455
84234 : 486456 486457
84235 : 486458 486459
84236 : 486460 486461
84237 : 486462 486463
84238 : 486464 486465
84239 : 486466 486467
84240 : 486468 486469
84241 : 486470 486471
84242 : 486472 486473
84243 : 486474 486475
84244 : 486476 486477
84245 : 486478 486479
84246 : 486480 486481
84247 : 486482 486483
84248 : 486484 486485
84249 : 486486 486487
84250 : 486488 486489
84251 : 486490 486491
84252 : 486492 486493
