282 : 1056 1057
283 : 1058 1059
284 : 1060 1061
285 : 1062 1063
286 : 1064 1065
287 : 1066 1067
288 : 1068 1069
289 : 1070 1071
290 : 1072 1073
291 : 1074 1075
292 : 1076 1077
293 : 1078 1079
294 : 1080 1081
295 : 1082 1083
296 : 1084 1085
297 : 1086 1087
298 : 1088 1089
299 : 1090 1091
300 : 1092 1093
301 : 1094 1095
302 : 1096 1097
303 : 1098 1099
304 : 1100 1101
305 : 1102 1103
306 : 1104 1105
307 : 1106 1107
308 : 1108 1109
309 : 1110 1111
310 : 1112 1113
311 : 1114 1115
312 : 1116 1117
313 : 1118 1119
314 : 1120 1121
315 : 1122 1123
