72243 : 445789 445790
72244 : 445791 445792
72245 : 445793 445794
72246 : 445795 445796
72247 : 445797 445798
72248 : 445799 445800
72249 : 445801 445802
72250 : 445803 445804
72251 : 445805 445806
72252 : 445807 445808
72253 : 445809 445810
72254 : 445811 445812
72255 : 445813 445814
72256 : 445815 445816
72257 : 445817 445818
72258 : 445819 445820
72259 : 445821 445822
72260 : 445823 445824
72261 : 445825 445826
72262 : 445827 445828
72263 : 445829 445830
72264 : 445831 445832
72265 : 445833 445834
72266 : 445835 445836
72267 : 445837 445838
72268 : 445839 445840
72269 : 445841 445842
72270 : 445843 445844
72271 : 445845 445846
72272 : 445847 445848
72273 : 445849 445850
72274 : 445851 445852
72275 : 445853 445854
72276 : 445855 445856
72277 : 445857 445858
