10091 : 72761 72762
10092 : 72763 72764
10093 : 72765 72766
10094 : 72767 72768
10095 : 72769 72770
10096 : 72771 72772
10097 : 72773 72774
10098 : 72775 72776
10099 : 72777 72778
10100 : 72779 72780
10101 : 72781 72782
10102 : 72783 72784
10103 : 72785 72786
10104 : 72787 72788
10105 : 72789 72790
10106 : 72791 72792
10107 : 72793 72794
10108 : 72795 72796
10109 : 72797 72798
10110 : 72799 72800
10111 : 72801 72802
10112 : 72803 72804
10113 : 72805 72806
10114 : 72807 72808
10115 : 72809 72810
10116 : 72811 72812
10117 : 72813 72814
10118 : 72815 72816
10119 : 72817 72818
10120 : 72819 72820
10121 : 72821 72822
10122 : 72823 72824
10123 : 72825 72826
10124 : 72827 72828
