53491 : 328718 328719
53492 : 328720 328721
53493 : 328722 328723
53494 : 328724 328725
53495 : 328726 328727
53496 : 328728 328729
53497 : 328730 328731
53498 : 328732 328733
53499 : 328734 328735
53500 : 328736 328737
53501 : 328738 328739
53502 : 328740 328741
53503 : 328742 328743
53504 : 328744 328745
53505 : 328746 328747
53506 : 328748 328749
53507 : 328750 328751
53508 : 328752 328753
53509 : 328754 328755
53510 : 328756 328757
53511 : 328758 328759
53512 : 328760 328761
53513 : 328762 328763
53514 : 328764 328765
53515 : 328766 328767
53516 : 328768 328769
53517 : 328770 328771
53518 : 328772 328773
53519 : 328774 328775
53520 : 328776 328777
53521 : 328778 328779
53522 : 328780 328781
53523 : 328782 328783
53524 : 328784 328785
53525 : 328786 328787
53526 : 328788 328789
53527 : 328790 328791
53528 : 328792 328793
53529 : 328794 328795
53530 : 328796 328797
53531 : 328798 328799
53532 : 328800 328801
53533 : 328802 328803
53534 : 328804 328805
53535 : 328806 328807
53536 : 328808 328809
53537 : 328810 328811
53538 : 328812 328813
53539 : 328814 328815
53540 : 328816 328817
53541 : 328818 328819
