57535 : 356138 356139
57794 : 356140 356141
57795 : 356142 356143
57796 : 356144 356145
57797 : 356146 356147
57798 : 356148 356149
57799 : 356150 356151
57800 : 356152 356153
57801 : 356154 356155
57802 : 356156 356157
57803 : 356158 356159
57804 : 356160 356161
57805 : 356162 356163
57806 : 356164 356165
57807 : 356166 356167
57808 : 356168 356169
57809 : 356170 356171
57810 : 356172 356173
57811 : 356174 356175
57812 : 356176 356177
57813 : 356178 356179
57814 : 356180 356181
57815 : 356182 356183
57816 : 356184 356185
57817 : 356186 356187
57818 : 356188 356189
57819 : 356190 356191
57820 : 356192 356193
57821 : 356194 356195
57822 : 356196 356197
57823 : 356198 356199
57824 : 356200 356201
57825 : 356202 356203
57826 : 356204 356205
57827 : 356206 356207
57828 : 356208 356209
57829 : 356210 356211
57830 : 356212 356213
57831 : 356214 356215
57832 : 356216 356217
57833 : 356218 356219
57834 : 356220 356221
57835 : 356222 356223
57836 : 356224 356225
