11040 : 102102 102103
11041 : 102104 102105
11042 : 102106 102107
11043 : 102108 102109
11044 : 102110 102111
11045 : 102112 102113
11046 : 102114 102115
11047 : 102116 102117
11048 : 102118 102119
11049 : 102120 102121
11050 : 102122 102123
11051 : 102124 102125
11052 : 102126 102127
11053 : 102128 102129
11054 : 102130 102131
11055 : 102132 102133
11056 : 102134 102135
11057 : 102136 102137
11058 : 102138 102139
11059 : 102140 102141
11060 : 102142 102143
11061 : 102144 102145
11062 : 102146 102147
11063 : 102148 102149
