69690 : 427272 427273
69691 : 427274 427275
69692 : 427276 427277
69693 : 427278 427279
69694 : 427280 427281
69695 : 427282 427283
69696 : 427284 427285
69697 : 427286 427287
69698 : 427288 427289
69699 : 427290 427291
69700 : 427292 427293
69701 : 427294 427295
69702 : 427296 427297
69703 : 427298 427299
69704 : 427300 427301
69705 : 427302 427303
69706 : 427304 427305
69707 : 427306 427307
69708 : 427308 427309
69709 : 427310 427311
69710 : 427312 427313
69711 : 427314 427315
69712 : 427316 427317
69713 : 427318 427319
69714 : 427320 427321
69715 : 427322 427323
69716 : 427324 427325
69717 : 427326 427327
69718 : 427328 427329
69719 : 427330 427331
69720 : 427332 427333
69721 : 427334 427335
69722 : 427336 427337
69723 : 427338 427339
69724 : 427340 427341
69725 : 427342 427343
69726 : 427344 427345
69727 : 427346 427347
69728 : 427348 427349
69729 : 427350 427351
69730 : 427352 427353
69731 : 427354 427355
69732 : 427356 427357
69733 : 427358 427359
