85556 : 499961 499962
85557 : 499963 499964
85558 : 499965 499966
85559 : 499967 499968
85560 : 499969 499970
85561 : 499971 499972
85562 : 499973 499974
85563 : 499975 499976
85564 : 499977 499978
85565 : 499979 499980
85566 : 499981 499982
85567 : 499983 499984
85568 : 499985 499986
85569 : 499987 499988
85570 : 499989 499990
85571 : 499991 499992
85572 : 499993 499994
85573 : 499995 499996
85574 : 499997 499998
85575 : 499999 500000
85576 : 500001 500002
85577 : 500003 500004
85578 : 500005 500006
85579 : 500007 500008
85580 : 500009 500010
85581 : 500011 500012
85582 : 500013 500014
85583 : 500015 500016
85584 : 500017 500018
85585 : 500019 500020
85586 : 500021 500022
85587 : 500023 500024
85588 : 500025 500026
85589 : 500027 500028
85590 : 500029 500030
85591 : 500031 500032
85592 : 500033 500034
85593 : 500035 500036
85594 : 500037 500038
85595 : 500039 500040
85596 : 500041 500042
85597 : 500043 500044
85598 : 500045 500046
85599 : 500047 500048
85600 : 500049 500050
85601 : 500051 500052
85602 : 500053 500054
