73672 : 409323 409324
73673 : 409325 409326
73674 : 409327 409328
73675 : 409329 409330
73676 : 409331 409332
73677 : 409333 409334
73678 : 409335 409336
73679 : 409337 409338
73680 : 409339 409340
73681 : 409341 409342
73682 : 409343 409344
73683 : 409345 409346
73684 : 409347 409348
73685 : 409349 409350
73686 : 409351 409352
73687 : 409353 409354
73688 : 409355 409356
73689 : 409357 409358
73690 : 409359 409360
73691 : 409361 409362
73692 : 409363 409364
73693 : 409365 409366
73694 : 409367 409368
73695 : 409369 409370
73696 : 409371 409372
73697 : 409373 409374
73698 : 409375 409376
73699 : 409377 409378
73700 : 409379 409380
73701 : 409381 409382
73702 : 409383 409384
73703 : 409385 409386
73704 : 409387 409388
73705 : 409389 409390
73706 : 409391 409392
73707 : 409393 409394
73708 : 409395 409396
73709 : 409397 409398
73710 : 409399 409400
73711 : 409401 409402
73712 : 409403 409404
73713 : 409405 409406
73714 : 409407 409408
73715 : 409409 409410
73716 : 409411 409412
73717 : 409413 409414
73718 : 409415 409416
73719 : 409417 409418
73720 : 409419 409420
73721 : 409421 409422
73722 : 409423 409424
73723 : 409425 409426
73724 : 409427 409428
73725 : 409429 409430
73726 : 409431 409432
73727 : 409433 409434
73728 : 409435 409436
73729 : 409437 409438
73730 : 409439 409440
73731 : 409441 409442
73732 : 409443 409444
73733 : 409445 409446
