34644 : 287729 287730
34645 : 287731 287732
34646 : 287733 287734
34647 : 287735 287736
34648 : 287737 287738
34649 : 287739 287740
34650 : 287741 287742
34651 : 287743 287744
34652 : 287745 287746
34653 : 287747 287748
34654 : 287749 287750
34655 : 287751 287752
34656 : 287753 287754
34657 : 287755 287756
34658 : 287757 287758
34659 : 287759 287760
34660 : 287761 287762
34661 : 287763 287764
34662 : 287765 287766
34663 : 287767 287768
34664 : 287769 287770
34665 : 287771 287772
34666 : 287773 287774
34667 : 287775 287776
34668 : 287777 287778
