2911 : 20087 20088
2912 : 20089 20090
2913 : 20091 20092
2914 : 20093 20094
2915 : 20095 20096
2916 : 20097 20098
2917 : 20099 20100
2918 : 20101 20102
2919 : 20103 20104
2920 : 20105 20106
2921 : 20107 20108
2922 : 20109 20110
2923 : 20111 20112
2924 : 20113 20114
2925 : 20115 20116
2926 : 20117 20118
2927 : 20119 20120
2928 : 20121 20122
2929 : 20123 20124
2930 : 20125 20126
2931 : 20127 20128
2932 : 20129 20130
2933 : 20131 20132
2934 : 20133 20134
2935 : 20135 20136
2936 : 20137 20138
2937 : 20139 20140
2938 : 20141 20142
2939 : 20143 20144
2940 : 20145 20146
2941 : 20147 20148
2942 : 20149 20150
2943 : 20151 20152
2944 : 20153 20154
2945 : 20155 20156
2946 : 20157 20158
2947 : 20159 20160
2948 : 20161 20162
2949 : 20163 20164
2950 : 20165 20166
