62129 : 348394 348395
62130 : 348396 348397
62131 : 348398 348399
62132 : 348400 348401
62133 : 348402 348403
62134 : 348404 348405
62135 : 348406 348407
62136 : 348408 348409
62137 : 348410 348411
62138 : 348412 348413
62139 : 348414 348415
62140 : 348416 348417
62141 : 348418 348419
62142 : 348420 348421
62143 : 348422 348423
62144 : 348424 348425
62145 : 348426 348427
62146 : 348428 348429
62147 : 348430 348431
62148 : 348432 348433
62149 : 348434 348435
62150 : 348436 348437
62151 : 348438 348439
62152 : 348440 348441
62153 : 348442 348443
62154 : 348444 348445
62155 : 348446 348447
62156 : 348448 348449
62157 : 348450 348451
62158 : 348452 348453
62159 : 348454 348455
62160 : 348456 348457
62161 : 348458 348459
62162 : 348460 348461
62163 : 348462 348463
62164 : 348464 348465
62165 : 348466 348467
62166 : 348468 348469
62167 : 348470 348471
62168 : 348472 348473
62169 : 348474 348475
62170 : 348476 348477
62171 : 348478 348479
62172 : 348480 348481
62173 : 348482 348483
62174 : 348484 348485
62175 : 348486 348487
62176 : 348488 348489
62177 : 348490 348491
62178 : 348492 348493
62179 : 348494 348495
62180 : 348496 348497
62181 : 348498 348499
62182 : 348500 348501
62183 : 348502 348503
62184 : 348504 348505
62185 : 348506 348507
62186 : 348508 348509
62187 : 348510 348511
62188 : 348512 348513
62189 : 348514 348515
62190 : 348516 348517
62191 : 348518 348519
62192 : 348520 348521
62193 : 348522 348523
62194 : 348524 348525
62195 : 348526 348527
62196 : 348528 348529
62197 : 348530 348531
62198 : 348532 348533
62199 : 348534 348535
62200 : 348536 348537
62201 : 348538 348539
62202 : 348540 348541
62203 : 348542 348543
62204 : 348544 348545
62205 : 348546 348547
62206 : 348548 348549
62207 : 348550 348551
62208 : 348552 348553
62209 : 348554 348555
62210 : 348556 348557
62211 : 348558 348559
62212 : 348560 348561
62213 : 348562 348563
62214 : 348564 348565
62215 : 348566 348567
