65498 : 366095 366096
65644 : 366097 366098
65814 : 366099 366100
65815 : 366101 366102
65816 : 366103 366104
65817 : 366105 366106
65818 : 366107 366108
65819 : 366109 366110
65820 : 366111 366112
65821 : 366113 366114
65822 : 366115 366116
65823 : 366117 366118
65824 : 366119 366120
65825 : 366121 366122
65826 : 366123 366124
65827 : 366125 366126
65828 : 366127 366128
65829 : 366129 366130
65830 : 366131 366132
65831 : 366133 366134
65832 : 366135 366136
65833 : 366137 366138
65834 : 366139 366140
65835 : 366141 366142
65836 : 366143 366144
65837 : 366145 366146
65838 : 366147 366148
65839 : 366149 366150
65840 : 366151 366152
65841 : 366153 366154
65842 : 366155 366156
65843 : 366157 366158
65844 : 366159 366160
65845 : 366161 366162
65846 : 366163 366164
65847 : 366165 366166
65848 : 366167 366168
65849 : 366169 366170
65850 : 366171 366172
65851 : 366173 366174
65852 : 366175 366176
65853 : 366177 366178
65854 : 366179 366180
65855 : 366181 366182
65856 : 366183 366184
65857 : 366185 366186
65858 : 366187 366188
65859 : 366189 366190
65860 : 366191 366192
65861 : 366193 366194
65862 : 366195 366196
65863 : 366197 366198
65864 : 366199 366200
65865 : 366201 366202
65866 : 366203 366204
65867 : 366205 366206
65868 : 366207 366208
65869 : 366209 366210
65870 : 366211 366212
65871 : 366213 366214
65872 : 366215 366216
65873 : 366217 366218
65874 : 366219 366220
65875 : 366221 366222
65876 : 366223 366224
65877 : 366225 366226
65878 : 366227 366228
65879 : 366229 366230
65880 : 366231 366232
65881 : 366233 366234
65882 : 366235 366236
65883 : 366237 366238
65884 : 366239 366240
65885 : 366241 366242
65886 : 366243 366244
65887 : 366245 366246
65888 : 366247 366248
65889 : 366249 366250
65890 : 366251 366252
65891 : 366253 366254
65892 : 366255 366256
65893 : 366257 366258
65894 : 366259 366260
65895 : 366261 366262
65896 : 366263 366264
65897 : 366265 366266
65898 : 366267 366268
