5203 : 51355 51356
5452 : 51357 51358
5453 : 51359 51360
5454 : 51361 51362
5455 : 51363 51364
5456 : 51365 51366
5457 : 51367 51368
5458 : 51369 51370
5459 : 51371 51372
5460 : 51373 51374
5461 : 51375 51376
5462 : 51377 51378
5463 : 51379 51380
5464 : 51381 51382
5465 : 51383 51384
5466 : 51385 51386
5467 : 51387 51388
5468 : 51389 51390
5469 : 51391 51392
5470 : 51393 51394
5471 : 51395 51396
5472 : 51397 51398
5473 : 51399 51400
5474 : 51401 51402
5475 : 51403 51404
5476 : 51405 51406
5477 : 51407 51408
5478 : 51409 51410
5479 : 51411 51412
5480 : 51413 51414
5481 : 51415 51416
5482 : 51417 51418
5483 : 51419 51420
5484 : 51421 51422
5485 : 51423 51424
