47315 : 276161 276162
47545 : 276163 276164
47546 : 276165 276166
47547 : 276167 276168
47548 : 276169 276170
47549 : 276171 276172
47550 : 276173 276174
47551 : 276175 276176
47552 : 276177 276178
47553 : 276179 276180
47554 : 276181 276182
47555 : 276183 276184
47556 : 276185 276186
47557 : 276187 276188
47558 : 276189 276190
47559 : 276191 276192
47560 : 276193 276194
47561 : 276195 276196
47562 : 276197 276198
47563 : 276199 276200
47564 : 276201 276202
47565 : 276203 276204
47566 : 276205 276206
47567 : 276207 276208
47568 : 276209 276210
47569 : 276211 276212
47570 : 276213 276214
47571 : 276215 276216
47572 : 276217 276218
47573 : 276219 276220
47574 : 276221 276222
47575 : 276223 276224
47576 : 276225 276226
47577 : 276227 276228
47578 : 276229 276230
47579 : 276231 276232
47580 : 276233 276234
47581 : 276235 276236
47582 : 276237 276238
47583 : 276239 276240
47584 : 276241 276242
47585 : 276243 276244
47586 : 276245 276246
47587 : 276247 276248
47588 : 276249 276250
47589 : 276251 276252
47590 : 276253 276254
47591 : 276255 276256
47592 : 276257 276258
47593 : 276259 276260
47594 : 276261 276262
47595 : 276263 276264
47596 : 276265 276266
47597 : 276267 276268
47598 : 276269 276270
47599 : 276271 276272
47600 : 276273 276274
47601 : 276275 276276
47602 : 276277 276278
47603 : 276279 276280
47604 : 276281 276282
47605 : 276283 276284
47606 : 276285 276286
47607 : 276287 276288
47608 : 276289 276290
47609 : 276291 276292
47610 : 276293 276294
47611 : 276295 276296
47612 : 276297 276298
47613 : 276299 276300
47614 : 276301 276302
47615 : 276303 276304
47616 : 276305 276306
47617 : 276307 276308
47618 : 276309 276310
47619 : 276311 276312
47620 : 276313 276314
47621 : 276315 276316
47622 : 276317 276318
47623 : 276319 276320
47624 : 276321 276322
47625 : 276323 276324
47626 : 276325 276326
47627 : 276327 276328
47628 : 276329 276330
47629 : 276331 276332
47630 : 276333 276334
47631 : 276335 276336
47632 : 276337 276338
47633 : 276339 276340
47634 : 276341 276342
47635 : 276343 276344
47636 : 276345 276346
47637 : 276347 276348
47638 : 276349 276350
