49844 : 404402 404403
49845 : 404404 404405
49846 : 404406 404407
49847 : 404408 404409
49848 : 404410 404411
49849 : 404412 404413
49850 : 404414 404415
49851 : 404416 404417
49852 : 404418 404419
49853 : 404420 404421
49854 : 404422 404423
49855 : 404424 404425
49856 : 404426 404427
49857 : 404428 404429
49858 : 404430 404431
49859 : 404432 404433
49860 : 404434 404435
49861 : 404436 404437
49862 : 404438 404439
49863 : 404440 404441
49864 : 404442 404443
49865 : 404444 404445
49866 : 404446 404447
49867 : 404448 404449
49868 : 404450 404451
49869 : 404452 404453
49870 : 404454 404455
49871 : 404456 404457
49872 : 404458 404459
49873 : 404460 404461
49874 : 404462 404463
49875 : 404464 404465
49876 : 404466 404467
49877 : 404468 404469
