43014 : 272519 272520
43015 : 272521 272522
43016 : 272523 272524
43017 : 272525 272526
43018 : 272527 272528
43019 : 272529 272530
43020 : 272531 272532
43021 : 272533 272534
43022 : 272535 272536
43023 : 272537 272538
43024 : 272539 272540
43025 : 272541 272542
43026 : 272543 272544
43027 : 272545 272546
43028 : 272547 272548
43029 : 272549 272550
43030 : 272551 272552
43031 : 272553 272554
43032 : 272555 272556
43033 : 272557 272558
43034 : 272559 272560
43035 : 272561 272562
43036 : 272563 272564
43037 : 272565 272566
43038 : 272567 272568
43039 : 272569 272570
43040 : 272571 272572
43041 : 272573 272574
43042 : 272575 272576
43043 : 272577 272578
43044 : 272579 272580
43045 : 272581 272582
43046 : 272583 272584
43047 : 272585 272586
43048 : 272587 272588
43049 : 272589 272590
43050 : 272591 272592
43051 : 272593 272594
43052 : 272595 272596
43053 : 272597 272598
43054 : 272599 272600
