64852 : 394706 394707
64853 : 394708 394709
64854 : 394710 394711
64855 : 394712 394713
64856 : 394714 394715
64857 : 394716 394717
64858 : 394718 394719
64859 : 394720 394721
64860 : 394722 394723
64861 : 394724 394725
64862 : 394726 394727
64863 : 394728 394729
64864 : 394730 394731
64865 : 394732 394733
64866 : 394734 394735
64867 : 394736 394737
64868 : 394738 394739
64869 : 394740 394741
64870 : 394742 394743
64871 : 394744 394745
64872 : 394746 394747
64873 : 394748 394749
64874 : 394750 394751
64875 : 394752 394753
64876 : 394754 394755
64877 : 394756 394757
64878 : 394758 394759
64879 : 394760 394761
64880 : 394762 394763
64881 : 394764 394765
64882 : 394766 394767
64883 : 394768 394769
64884 : 394770 394771
64885 : 394772 394773
64886 : 394774 394775
64887 : 394776 394777
64888 : 394778 394779
64889 : 394780 394781
64890 : 394782 394783
64891 : 394784 394785
64892 : 394786 394787
64893 : 394788 394789
64894 : 394790 394791
64895 : 394792 394793
