55307 : 447759 447760
55308 : 447761 447762
55309 : 447763 447764
55310 : 447765 447766
55311 : 447767 447768
55312 : 447769 447770
55313 : 447771 447772
55314 : 447773 447774
55315 : 447775 447776
55316 : 447777 447778
55317 : 447779 447780
55318 : 447781 447782
55319 : 447783 447784
55320 : 447785 447786
55321 : 447787 447788
55322 : 447789 447790
55323 : 447791 447792
55324 : 447793 447794
55325 : 447795 447796
55326 : 447797 447798
55327 : 447799 447800
55328 : 447801 447802
55329 : 447803 447804
55330 : 447805 447806
55331 : 447807 447808
55332 : 447809 447810
55333 : 447811 447812
55334 : 447813 447814
55335 : 447815 447816
55336 : 447817 447818
55337 : 447819 447820
55338 : 447821 447822
55339 : 447823 447824
55340 : 447825 447826
55341 : 447827 447828
55342 : 447829 447830
55343 : 447831 447832
55344 : 447833 447834
55345 : 447835 447836
55346 : 447837 447838
55347 : 447839 447840
