7856 : 63187 63188
7857 : 63189 63190
7858 : 63191 63192
7859 : 63193 63194
7860 : 63195 63196
7861 : 63197 63198
7862 : 63199 63200
7863 : 63201 63202
7864 : 63203 63204
7865 : 63205 63206
7866 : 63207 63208
7867 : 63209 63210
7868 : 63211 63212
7869 : 63213 63214
7870 : 63215 63216
7871 : 63217 63218
7872 : 63219 63220
7873 : 63221 63222
7874 : 63223 63224
7875 : 63225 63226
7876 : 63227 63228
7877 : 63229 63230
7878 : 63231 63232
7879 : 63233 63234
7880 : 63235 63236
7881 : 63237 63238
7882 : 63239 63240
7883 : 63241 63242
7884 : 63243 63244
7885 : 63245 63246
7886 : 63247 63248
7887 : 63249 63250
7888 : 63251 63252
7889 : 63253 63254
7890 : 63255 63256
7891 : 63257 63258
7892 : 63259 63260
7893 : 63261 63262
7894 : 63263 63264
7895 : 63265 63266
7896 : 63267 63268
7897 : 63269 63270
7898 : 63271 63272
7899 : 63273 63274
7900 : 63275 63276
7901 : 63277 63278
7902 : 63279 63280
7903 : 63281 63282
7904 : 63283 63284
7905 : 63285 63286
7906 : 63287 63288
7907 : 63289 63290
7908 : 63291 63292
7909 : 63293 63294
7910 : 63295 63296
7911 : 63297 63298
