45651 : 285501 285502
45652 : 285503 285504
45653 : 285505 285506
45654 : 285507 285508
45655 : 285509 285510
45656 : 285511 285512
45657 : 285513 285514
45658 : 285515 285516
45659 : 285517 285518
45660 : 285519 285520
45661 : 285521 285522
45662 : 285523 285524
45663 : 285525 285526
45664 : 285527 285528
45665 : 285529 285530
45666 : 285531 285532
45667 : 285533 285534
45668 : 285535 285536
45669 : 285537 285538
45670 : 285539 285540
45671 : 285541 285542
45672 : 285543 285544
45673 : 285545 285546
45674 : 285547 285548
45675 : 285549 285550
45676 : 285551 285552
45677 : 285553 285554
45678 : 285555 285556
45679 : 285557 285558
45680 : 285559 285560
45681 : 285561 285562
45682 : 285563 285564
45683 : 285565 285566
45684 : 285567 285568
45685 : 285569 285570
45686 : 285571 285572
45687 : 285573 285574
45688 : 285575 285576
45689 : 285577 285578
45690 : 285579 285580
45691 : 285581 285582
45692 : 285583 285584
45693 : 285585 285586
45694 : 285587 285588
45695 : 285589 285590
45696 : 285591 285592
45697 : 285593 285594
45698 : 285595 285596
45699 : 285597 285598
45700 : 285599 285600
45701 : 285601 285602
45702 : 285603 285604
45703 : 285605 285606
45704 : 285607 285608
45705 : 285609 285610
45706 : 285611 285612
45707 : 285613 285614
45708 : 285615 285616
45709 : 285617 285618
45710 : 285619 285620
45711 : 285621 285622
45712 : 285623 285624
45713 : 285625 285626
45714 : 285627 285628
45715 : 285629 285630
45716 : 285631 285632
45717 : 285633 285634
45718 : 285635 285636
45719 : 285637 285638
45720 : 285639 285640
45721 : 285641 285642
45722 : 285643 285644
