32265 : 270102 270103
32266 : 270104 270105
32267 : 270106 270107
32268 : 270108 270109
32269 : 270110 270111
32270 : 270112 270113
32271 : 270114 270115
32272 : 270116 270117
32273 : 270118 270119
32274 : 270120 270121
32275 : 270122 270123
32276 : 270124 270125
32277 : 270126 270127
32278 : 270128 270129
32279 : 270130 270131
32280 : 270132 270133
32281 : 270134 270135
32282 : 270136 270137
32283 : 270138 270139
32284 : 270140 270141
32285 : 270142 270143
32286 : 270144 270145
32287 : 270146 270147
32288 : 270148 270149
32289 : 270150 270151
32290 : 270152 270153
32291 : 270154 270155
32292 : 270156 270157
32293 : 270158 270159
32294 : 270160 270161
32295 : 270162 270163
32296 : 270164 270165
32297 : 270166 270167
32298 : 270168 270169
32299 : 270170 270171
32300 : 270172 270173
32301 : 270174 270175
32302 : 270176 270177
32303 : 270178 270179
