68933 : 422633 422634
68934 : 422635 422636
68935 : 422637 422638
68936 : 422639 422640
68937 : 422641 422642
68938 : 422643 422644
68939 : 422645 422646
68940 : 422647 422648
68941 : 422649 422650
68942 : 422651 422652
68943 : 422653 422654
68944 : 422655 422656
68945 : 422657 422658
68946 : 422659 422660
68947 : 422661 422662
68948 : 422663 422664
68949 : 422665 422666
68950 : 422667 422668
68951 : 422669 422670
68952 : 422671 422672
68953 : 422673 422674
68954 : 422675 422676
68955 : 422677 422678
68956 : 422679 422680
68957 : 422681 422682
68958 : 422683 422684
68959 : 422685 422686
68960 : 422687 422688
68961 : 422689 422690
68962 : 422691 422692
68963 : 422693 422694
68964 : 422695 422696
68965 : 422697 422698
68966 : 422699 422700
68967 : 422701 422702
68968 : 422703 422704
68969 : 422705 422706
68970 : 422707 422708
68971 : 422709 422710
68972 : 422711 422712
68973 : 422713 422714
68974 : 422715 422716
68975 : 422717 422718
