26988 : 229448 229449
26989 : 229450 229451
26990 : 229452 229453
26991 : 229454 229455
26992 : 229456 229457
26993 : 229458 229459
26994 : 229460 229461
26995 : 229462 229463
26996 : 229464 229465
26997 : 229466 229467
26998 : 229468 229469
26999 : 229470 229471
27000 : 229472 229473
27001 : 229474 229475
27002 : 229476 229477
27003 : 229478 229479
27004 : 229480 229481
27005 : 229482 229483
27006 : 229484 229485
27007 : 229486 229487
27008 : 229488 229489
27009 : 229490 229491
27010 : 229492 229493
27011 : 229494 229495
27012 : 229496 229497
27013 : 229498 229499
27014 : 229500 229501
27015 : 229502 229503
27016 : 229504 229505
27017 : 229506 229507
27018 : 229508 229509
27019 : 229510 229511
27020 : 229512 229513
27021 : 229514 229515
27022 : 229516 229517
27023 : 229518 229519
27024 : 229520 229521
27025 : 229522 229523
27026 : 229524 229525
27027 : 229526 229527
27028 : 229528 229529
27029 : 229530 229531
27030 : 229532 229533
27031 : 229534 229535
27032 : 229536 229537
27033 : 229538 229539
27034 : 229540 229541
