39445 : 253280 253281
39446 : 253282 253283
39447 : 253284 253285
39448 : 253286 253287
39449 : 253288 253289
39450 : 253290 253291
39451 : 253292 253293
39452 : 253294 253295
39453 : 253296 253297
39454 : 253298 253299
39455 : 253300 253301
39456 : 253302 253303
39457 : 253304 253305
39458 : 253306 253307
39459 : 253308 253309
39460 : 253310 253311
39461 : 253312 253313
39462 : 253314 253315
39463 : 253316 253317
39464 : 253318 253319
39465 : 253320 253321
39466 : 253322 253323
39467 : 253324 253325
39468 : 253326 253327
39469 : 253328 253329
39470 : 253330 253331
39471 : 253332 253333
39472 : 253334 253335
39473 : 253336 253337
39474 : 253338 253339
39475 : 253340 253341
39476 : 253342 253343
39477 : 253344 253345
39478 : 253346 253347
39479 : 253348 253349
39480 : 253350 253351
39481 : 253352 253353
39482 : 253354 253355
39483 : 253356 253357
39484 : 253358 253359
39485 : 253360 253361
39486 : 253362 253363
39487 : 253364 253365
39488 : 253366 253367
39489 : 253368 253369
39490 : 253370 253371
39491 : 253372 253373
39492 : 253374 253375
39493 : 253376 253377
39494 : 253378 253379
