7767 : 74906 74907
7768 : 74908 74909
7769 : 74910 74911
7770 : 74912 74913
7771 : 74914 74915
7772 : 74916 74917
7773 : 74918 74919
7774 : 74920 74921
7775 : 74922 74923
7776 : 74924 74925
7777 : 74926 74927
7778 : 74928 74929
7779 : 74930 74931
7780 : 74932 74933
7781 : 74934 74935
7782 : 74936 74937
7783 : 74938 74939
7784 : 74940 74941
7785 : 74942 74943
7786 : 74944 74945
7787 : 74946 74947
7788 : 74948 74949
7789 : 74950 74951
7790 : 74952 74953
7791 : 74954 74955
7792 : 74956 74957
7793 : 74958 74959
7794 : 74960 74961
7795 : 74962 74963
7796 : 74964 74965
7797 : 74966 74967
7798 : 74968 74969
7799 : 74970 74971
7800 : 74972 74973
