55109 : 340133 340134
55110 : 340135 340136
55111 : 340137 340138
55112 : 340139 340140
55113 : 340141 340142
55114 : 340143 340144
55115 : 340145 340146
55116 : 340147 340148
55117 : 340149 340150
55118 : 340151 340152
55119 : 340153 340154
55120 : 340155 340156
55121 : 340157 340158
55122 : 340159 340160
55123 : 340161 340162
55124 : 340163 340164
55125 : 340165 340166
55126 : 340167 340168
55127 : 340169 340170
55128 : 340171 340172
55129 : 340173 340174
55130 : 340175 340176
55131 : 340177 340178
55132 : 340179 340180
55133 : 340181 340182
55134 : 340183 340184
55135 : 340185 340186
55136 : 340187 340188
55137 : 340189 340190
55138 : 340191 340192
55139 : 340193 340194
55140 : 340195 340196
55141 : 340197 340198
55142 : 340199 340200
55143 : 340201 340202
55144 : 340203 340204
55145 : 340205 340206
55146 : 340207 340208
55147 : 340209 340210
55148 : 340211 340212
55149 : 340213 340214
55150 : 340215 340216
55151 : 340217 340218
55152 : 340219 340220
55153 : 340221 340222
55154 : 340223 340224
