7018 : 68064 68065
7019 : 68066 68067
7020 : 68068 68069
7021 : 68070 68071
7022 : 68072 68073
7023 : 68074 68075
7024 : 68076 68077
7025 : 68078 68079
7026 : 68080 68081
7027 : 68082 68083
7028 : 68084 68085
7029 : 68086 68087
7030 : 68088 68089
7031 : 68090 68091
7032 : 68092 68093
7033 : 68094 68095
7034 : 68096 68097
7035 : 68098 68099
7036 : 68100 68101
7037 : 68102 68103
7038 : 68104 68105
7039 : 68106 68107
7040 : 68108 68109
7041 : 68110 68111
7042 : 68112 68113
7043 : 68114 68115
7044 : 68116 68117
7045 : 68118 68119
