37989 : 245461 245462
37990 : 245463 245464
37991 : 245465 245466
37992 : 245467 245468
37993 : 245469 245470
37994 : 245471 245472
37995 : 245473 245474
37996 : 245475 245476
37997 : 245477 245478
37998 : 245479 245480
37999 : 245481 245482
38000 : 245483 245484
38001 : 245485 245486
38002 : 245487 245488
38003 : 245489 245490
38004 : 245491 245492
38005 : 245493 245494
38006 : 245495 245496
38007 : 245497 245498
38008 : 245499 245500
38009 : 245501 245502
38010 : 245503 245504
38011 : 245505 245506
38012 : 245507 245508
38013 : 245509 245510
38014 : 245511 245512
38015 : 245513 245514
38016 : 245515 245516
38017 : 245517 245518
38018 : 245519 245520
38019 : 245521 245522
38020 : 245523 245524
38021 : 245525 245526
38022 : 245527 245528
38023 : 245529 245530
38024 : 245531 245532
38025 : 245533 245534
38026 : 245535 245536
38027 : 245537 245538
38028 : 245539 245540
38029 : 245541 245542
38030 : 245543 245544
38031 : 245545 245546
38032 : 245547 245548
38033 : 245549 245550
38034 : 245551 245552
38035 : 245553 245554
38036 : 245555 245556
38037 : 245557 245558
38038 : 245559 245560
38039 : 245561 245562
38040 : 245563 245564
38041 : 245565 245566
38042 : 245567 245568
38043 : 245569 245570
