35041 : 234281 234282
35630 : 234283 234284
35631 : 234285 234286
35632 : 234287 234288
35633 : 234289 234290
35634 : 234291 234292
35635 : 234293 234294
35636 : 234295 234296
35637 : 234297 234298
35638 : 234299 234300
35639 : 234301 234302
35640 : 234303 234304
35641 : 234305 234306
35642 : 234307 234308
35643 : 234309 234310
35644 : 234311 234312
35645 : 234313 234314
35646 : 234315 234316
35647 : 234317 234318
35648 : 234319 234320
35649 : 234321 234322
35650 : 234323 234324
35651 : 234325 234326
35652 : 234327 234328
35653 : 234329 234330
35654 : 234331 234332
35655 : 234333 234334
35656 : 234335 234336
35657 : 234337 234338
35658 : 234339 234340
35659 : 234341 234342
35660 : 234343 234344
35661 : 234345 234346
35662 : 234347 234348
35663 : 234349 234350
35664 : 234351 234352
35665 : 234353 234354
35666 : 234355 234356
35667 : 234357 234358
35668 : 234359 234360
35669 : 234361 234362
35670 : 234363 234364
35671 : 234365 234366
35672 : 234367 234368
35673 : 234369 234370
35674 : 234371 234372
35675 : 234373 234374
35676 : 234375 234376
35677 : 234377 234378
35678 : 234379 234380
35679 : 234381 234382
