1383 : 10962 10963
1677 : 10964 10965
1678 : 10966 10967
1679 : 10968 10969
1680 : 10970 10971
1681 : 10972 10973
1682 : 10974 10975
1683 : 10976 10977
1684 : 10978 10979
1685 : 10980 10981
1686 : 10982 10983
1687 : 10984 10985
1688 : 10986 10987
1689 : 10988 10989
1690 : 10990 10991
1691 : 10992 10993
1692 : 10994 10995
1693 : 10996 10997
1694 : 10998 10999
1695 : 11000 11001
1696 : 11002 11003
1697 : 11004 11005
1698 : 11006 11007
1699 : 11008 11009
1700 : 11010 11011
1701 : 11012 11013
1702 : 11014 11015
1703 : 11016 11017
1704 : 11018 11019
1705 : 11020 11021
1706 : 11022 11023
