10395 : 97047 97048
10396 : 97049 97050
10397 : 97051 97052
10398 : 97053 97054
10399 : 97055 97056
10400 : 97057 97058
10401 : 97059 97060
10402 : 97061 97062
10403 : 97063 97064
10404 : 97065 97066
10405 : 97067 97068
10406 : 97069 97070
10407 : 97071 97072
10408 : 97073 97074
10409 : 97075 97076
10410 : 97077 97078
10411 : 97079 97080
10412 : 97081 97082
10413 : 97083 97084
10414 : 97085 97086
10415 : 97087 97088
10416 : 97089 97090
10417 : 97091 97092
10418 : 97093 97094
10419 : 97095 97096
10420 : 97097 97098
10421 : 97099 97100
10422 : 97101 97102
10423 : 97103 97104
10424 : 97105 97106
10425 : 97107 97108
10426 : 97109 97110
10427 : 97111 97112
10428 : 97113 97114
10429 : 97115 97116
10430 : 97117 97118
10431 : 97119 97120
10432 : 97121 97122
10433 : 97123 97124
10434 : 97125 97126
10435 : 97127 97128
10436 : 97129 97130
10437 : 97131 97132
10438 : 97133 97134
10439 : 97135 97136
10440 : 97137 97138
10441 : 97139 97140
10442 : 97141 97142
