40262 : 330686 330687
40263 : 330688 330689
40264 : 330690 330691
40265 : 330692 330693
40266 : 330694 330695
40267 : 330696 330697
40268 : 330698 330699
40269 : 330700 330701
40270 : 330702 330703
40271 : 330704 330705
40272 : 330706 330707
40273 : 330708 330709
40274 : 330710 330711
40275 : 330712 330713
40276 : 330714 330715
40277 : 330716 330717
40278 : 330718 330719
40279 : 330720 330721
40280 : 330722 330723
40281 : 330724 330725
40282 : 330726 330727
40283 : 330728 330729
40284 : 330730 330731
40285 : 330732 330733
40286 : 330734 330735
40287 : 330736 330737
40288 : 330738 330739
40289 : 330740 330741
40290 : 330742 330743
40291 : 330744 330745
40292 : 330746 330747
40293 : 330748 330749
40294 : 330750 330751
40295 : 330752 330753
