51017 : 415028 415029
51018 : 415030 415031
51019 : 415032 415033
51020 : 415034 415035
51021 : 415036 415037
51022 : 415038 415039
51023 : 415040 415041
51024 : 415042 415043
51025 : 415044 415045
51026 : 415046 415047
51027 : 415048 415049
51028 : 415050 415051
51029 : 415052 415053
51030 : 415054 415055
51031 : 415056 415057
51032 : 415058 415059
51033 : 415060 415061
51034 : 415062 415063
51035 : 415064 415065
51036 : 415066 415067
51037 : 415068 415069
51038 : 415070 415071
51039 : 415072 415073
51040 : 415074 415075
51041 : 415076 415077
51042 : 415078 415079
51043 : 415080 415081
51044 : 415082 415083
51045 : 415084 415085
51046 : 415086 415087
51047 : 415088 415089
51048 : 415090 415091
51049 : 415092 415093
51050 : 415094 415095
51051 : 415096 415097
51052 : 415098 415099
51053 : 415100 415101
51054 : 415102 415103
51055 : 415104 415105
51056 : 415106 415107
51057 : 415108 415109
51058 : 415110 415111
51059 : 415112 415113
51060 : 415114 415115
51061 : 415116 415117
51062 : 415118 415119
