101438 : 680305 680306
101439 : 680307 680308
101440 : 680309 680310
101441 : 680311 680312
101442 : 680313 680314
101443 : 680315 680316
101444 : 680317 680318
101445 : 680319 680320
101446 : 680321 680322
101447 : 680323 680324
101448 : 680325 680326
101449 : 680327 680328
101450 : 680329 680330
101451 : 680331 680332
101452 : 680333 680334
101453 : 680335 680336
101454 : 680337 680338
101455 : 680339 680340
101456 : 680341 680342
101457 : 680343 680344
101458 : 680345 680346
101459 : 680347 680348
101460 : 680349 680350
101461 : 680351 680352
101462 : 680353 680354
101463 : 680355 680356
101464 : 680357 680358
101465 : 680359 680360
101466 : 680361 680362
