74660 : 415577 415578
74661 : 415579 415580
74662 : 415581 415582
74663 : 415583 415584
74664 : 415585 415586
74665 : 415587 415588
74666 : 415589 415590
74667 : 415591 415592
74668 : 415593 415594
74669 : 415595 415596
74670 : 415597 415598
74671 : 415599 415600
74672 : 415601 415602
74673 : 415603 415604
74674 : 415605 415606
74675 : 415607 415608
74676 : 415609 415610
74677 : 415611 415612
74678 : 415613 415614
74679 : 415615 415616
74680 : 415617 415618
74681 : 415619 415620
74682 : 415621 415622
74683 : 415623 415624
74684 : 415625 415626
74685 : 415627 415628
74686 : 415629 415630
74687 : 415631 415632
74688 : 415633 415634
74689 : 415635 415636
74690 : 415637 415638
74691 : 415639 415640
74692 : 415641 415642
74693 : 415643 415644
74694 : 415645 415646
74695 : 415647 415648
74696 : 415649 415650
74697 : 415651 415652
74698 : 415653 415654
74699 : 415655 415656
74700 : 415657 415658
74701 : 415659 415660
74702 : 415661 415662
74703 : 415663 415664
