21736 : 159231 159232
21737 : 159233 159234
21738 : 159235 159236
21739 : 159237 159238
21740 : 159239 159240
21741 : 159241 159242
21742 : 159243 159244
21743 : 159245 159246
21744 : 159247 159248
21745 : 159249 159250
21746 : 159251 159252
21747 : 159253 159254
21748 : 159255 159256
21749 : 159257 159258
21750 : 159259 159260
21751 : 159261 159262
21752 : 159263 159264
21753 : 159265 159266
21754 : 159267 159268
21755 : 159269 159270
21756 : 159271 159272
21757 : 159273 159274
21758 : 159275 159276
21759 : 159277 159278
21760 : 159279 159280
21761 : 159281 159282
21762 : 159283 159284
21763 : 159285 159286
21764 : 159287 159288
21765 : 159289 159290
21766 : 159291 159292
21767 : 159293 159294
