11904 : 100083 100084
12246 : 100085 100086
12247 : 100087 100088
12248 : 100089 100090
12249 : 100091 100092
12250 : 100093 100094
12251 : 100095 100096
12252 : 100097 100098
12253 : 100099 100100
12254 : 100101 100102
12255 : 100103 100104
12256 : 100105 100106
12257 : 100107 100108
12258 : 100109 100110
12259 : 100111 100112
12260 : 100113 100114
12261 : 100115 100116
12262 : 100117 100118
12263 : 100119 100120
12264 : 100121 100122
12265 : 100123 100124
12266 : 100125 100126
12267 : 100127 100128
12268 : 100129 100130
12269 : 100131 100132
12270 : 100133 100134
12271 : 100135 100136
12272 : 100137 100138
12273 : 100139 100140
12274 : 100141 100142
12275 : 100143 100144
12276 : 100145 100146
12277 : 100147 100148
12278 : 100149 100150
12279 : 100151 100152
12280 : 100153 100154
12281 : 100155 100156
12282 : 100157 100158
12283 : 100159 100160
12284 : 100161 100162
12285 : 100163 100164
12286 : 100165 100166
12287 : 100167 100168
12288 : 100169 100170
12289 : 100171 100172
12290 : 100173 100174
12291 : 100175 100176
12292 : 100177 100178
12293 : 100179 100180
12294 : 100181 100182
12295 : 100183 100184
12296 : 100185 100186
12297 : 100187 100188
12298 : 100189 100190
12299 : 100191 100192
12300 : 100193 100194
12301 : 100195 100196
12302 : 100197 100198
12303 : 100199 100200
12304 : 100201 100202
12305 : 100203 100204
12306 : 100205 100206
12307 : 100207 100208
12308 : 100209 100210
12309 : 100211 100212
