7071 : 59009 59010
7072 : 59011 59012
7073 : 59013 59014
7074 : 59015 59016
7075 : 59017 59018
7076 : 59019 59020
7077 : 59021 59022
7078 : 59023 59024
7079 : 59025 59026
7080 : 59027 59028
7081 : 59029 59030
7082 : 59031 59032
7083 : 59033 59034
7084 : 59035 59036
7085 : 59037 59038
7086 : 59039 59040
7087 : 59041 59042
7088 : 59043 59044
7089 : 59045 59046
7090 : 59047 59048
7091 : 59049 59050
7092 : 59051 59052
7093 : 59053 59054
7094 : 59055 59056
7095 : 59057 59058
7096 : 59059 59060
7097 : 59061 59062
