54768 : 314349 314350
55349 : 314351 314352
55350 : 314353 314354
55351 : 314355 314356
55352 : 314357 314358
55353 : 314359 314360
55354 : 314361 314362
55355 : 314363 314364
55356 : 314365 314366
55357 : 314367 314368
55358 : 314369 314370
55359 : 314371 314372
55360 : 314373 314374
55361 : 314375 314376
55362 : 314377 314378
55363 : 314379 314380
55364 : 314381 314382
55365 : 314383 314384
55366 : 314385 314386
55367 : 314387 314388
55368 : 314389 314390
55369 : 314391 314392
55370 : 314393 314394
55371 : 314395 314396
55372 : 314397 314398
55373 : 314399 314400
55374 : 314401 314402
55375 : 314403 314404
55376 : 314405 314406
55377 : 314407 314408
55378 : 314409 314410
55379 : 314411 314412
55380 : 314413 314414
55381 : 314415 314416
55382 : 314417 314418
55383 : 314419 314420
55384 : 314421 314422
55385 : 314423 314424
55386 : 314425 314426
55387 : 314427 314428
55388 : 314429 314430
55389 : 314431 314432
55390 : 314433 314434
55391 : 314435 314436
55392 : 314437 314438
55393 : 314439 314440
55394 : 314441 314442
55395 : 314443 314444
55396 : 314445 314446
55397 : 314447 314448
55398 : 314449 314450
55399 : 314451 314452
55400 : 314453 314454
55401 : 314455 314456
55402 : 314457 314458
55403 : 314459 314460
55404 : 314461 314462
55405 : 314463 314464
55406 : 314465 314466
55407 : 314467 314468
55408 : 314469 314470
55409 : 314471 314472
55410 : 314473 314474
55411 : 314475 314476
55412 : 314477 314478
55413 : 314479 314480
55414 : 314481 314482
55415 : 314483 314484
55416 : 314485 314486
55417 : 314487 314488
55418 : 314489 314490
55419 : 314491 314492
55420 : 314493 314494
55421 : 314495 314496
55422 : 314497 314498
55423 : 314499 314500
55424 : 314501 314502
