20474 : 149489 149490
20475 : 149491 149492
20476 : 149493 149494
20477 : 149495 149496
20478 : 149497 149498
20479 : 149499 149500
20480 : 149501 149502
20481 : 149503 149504
20482 : 149505 149506
20483 : 149507 149508
20484 : 149509 149510
20485 : 149511 149512
20486 : 149513 149514
20487 : 149515 149516
20488 : 149517 149518
20489 : 149519 149520
20490 : 149521 149522
20491 : 149523 149524
20492 : 149525 149526
20493 : 149527 149528
20494 : 149529 149530
20495 : 149531 149532
20496 : 149533 149534
20497 : 149535 149536
20498 : 149537 149538
20499 : 149539 149540
20500 : 149541 149542
20501 : 149543 149544
20502 : 149545 149546
20503 : 149547 149548
20504 : 149549 149550
20505 : 149551 149552
