40368 : 334150 334151
40369 : 334152 334153
40370 : 334154 334155
40371 : 334156 334157
40372 : 334158 334159
40373 : 334160 334161
40374 : 334162 334163
40375 : 334164 334165
40376 : 334166 334167
40377 : 334168 334169
40378 : 334170 334171
40379 : 334172 334173
40380 : 334174 334175
40381 : 334176 334177
40382 : 334178 334179
40383 : 334180 334181
40384 : 334182 334183
40385 : 334184 334185
40386 : 334186 334187
40387 : 334188 334189
40388 : 334190 334191
40389 : 334192 334193
40390 : 334194 334195
40391 : 334196 334197
40392 : 334198 334199
40393 : 334200 334201
40394 : 334202 334203
40395 : 334204 334205
