1480 : 9508 9509
1481 : 9510 9511
1482 : 9512 9513
1483 : 9514 9515
1484 : 9516 9517
1485 : 9518 9519
1486 : 9520 9521
1487 : 9522 9523
1488 : 9524 9525
1489 : 9526 9527
1490 : 9528 9529
1491 : 9530 9531
1492 : 9532 9533
1493 : 9534 9535
1494 : 9536 9537
1495 : 9538 9539
1496 : 9540 9541
1497 : 9542 9543
1498 : 9544 9545
1499 : 9546 9547
1500 : 9548 9549
1501 : 9550 9551
1502 : 9552 9553
1503 : 9554 9555
1504 : 9556 9557
1505 : 9558 9559
1506 : 9560 9561
1507 : 9562 9563
1508 : 9564 9565
1509 : 9566 9567
1510 : 9568 9569
1511 : 9570 9571
1512 : 9572 9573
1513 : 9574 9575
1514 : 9576 9577
1515 : 9578 9579
1516 : 9580 9581
1517 : 9582 9583
1518 : 9584 9585
1519 : 9586 9587
1520 : 9588 9589
1521 : 9590 9591
1522 : 9592 9593
