30616 : 259512 259513
30794 : 259514 259515
30795 : 259516 259517
30796 : 259518 259519
30797 : 259520 259521
30798 : 259522 259523
30799 : 259524 259525
30800 : 259526 259527
30801 : 259528 259529
30802 : 259530 259531
30803 : 259532 259533
30804 : 259534 259535
30805 : 259536 259537
30806 : 259538 259539
30807 : 259540 259541
30808 : 259542 259543
30809 : 259544 259545
30810 : 259546 259547
30811 : 259548 259549
30812 : 259550 259551
30813 : 259552 259553
30814 : 259554 259555
30815 : 259556 259557
30816 : 259558 259559
30817 : 259560 259561
30818 : 259562 259563
30819 : 259564 259565
30820 : 259566 259567
30821 : 259568 259569
30822 : 259570 259571
30823 : 259572 259573
30824 : 259574 259575
30825 : 259576 259577
30826 : 259578 259579
30827 : 259580 259581
