48623 : 394819 394820
48624 : 394821 394822
48625 : 394823 394824
48626 : 394825 394826
48627 : 394827 394828
48628 : 394829 394830
48629 : 394831 394832
48630 : 394833 394834
48631 : 394835 394836
48632 : 394837 394838
48633 : 394839 394840
48634 : 394841 394842
48635 : 394843 394844
48636 : 394845 394846
48637 : 394847 394848
48638 : 394849 394850
48639 : 394851 394852
48640 : 394853 394854
48641 : 394855 394856
48642 : 394857 394858
48643 : 394859 394860
48644 : 394861 394862
48645 : 394863 394864
48646 : 394865 394866
48647 : 394867 394868
48648 : 394869 394870
48649 : 394871 394872
48650 : 394873 394874
48651 : 394875 394876
48652 : 394877 394878
48653 : 394879 394880
48654 : 394881 394882
48655 : 394883 394884
48656 : 394885 394886
48657 : 394887 394888
48658 : 394889 394890
48659 : 394891 394892
48660 : 394893 394894
