12209 : 167048 167049
12210 : 167050 167051
12211 : 167052 167053
12212 : 167054 167055
12213 : 167056 167057
12214 : 167058 167059
12215 : 167060 167061
12216 : 167062 167063
12217 : 167064 167065
12218 : 167066 167067
12219 : 167068 167069
12220 : 167070 167071
12221 : 167072 167073
12222 : 167074 167075
12223 : 167076 167077
12224 : 167078 167079
12225 : 167080 167081
12226 : 167082 167083
12227 : 167084 167085
12228 : 167086 167087
12229 : 167088 167089
12230 : 167090 167091
12231 : 167092 167093
12232 : 167094 167095
12233 : 167096 167097
12234 : 167098 167099
12235 : 167100 167101
12236 : 167102 167103
12237 : 167104 167105
12238 : 167106 167107
12239 : 167108 167109
12240 : 167110 167111
12241 : 167112 167113
12242 : 167114 167115
12243 : 167116 167117
12244 : 167118 167119
12245 : 167120 167121
12246 : 167122 167123
12247 : 167124 167125
12248 : 167126 167127
12249 : 167128 167129
12250 : 167130 167131
