11538 : 83764 83765
11539 : 83766 83767
11540 : 83768 83769
11541 : 83770 83771
11542 : 83772 83773
11543 : 83774 83775
11544 : 83776 83777
11545 : 83778 83779
11546 : 83780 83781
11547 : 83782 83783
11548 : 83784 83785
11549 : 83786 83787
11550 : 83788 83789
11551 : 83790 83791
11552 : 83792 83793
11553 : 83794 83795
11554 : 83796 83797
11555 : 83798 83799
11556 : 83800 83801
11557 : 83802 83803
11558 : 83804 83805
11559 : 83806 83807
11560 : 83808 83809
11561 : 83810 83811
11562 : 83812 83813
11563 : 83814 83815
11564 : 83816 83817
11565 : 83818 83819
11566 : 83820 83821
11567 : 83822 83823
11568 : 83824 83825
11569 : 83826 83827
11570 : 83828 83829
11571 : 83830 83831
11572 : 83832 83833
