45563 : 290028 290029
46547 : 290030 290031
46548 : 290032 290033
46549 : 290034 290035
46550 : 290036 290037
46551 : 290038 290039
46552 : 290040 290041
46553 : 290042 290043
46554 : 290044 290045
46555 : 290046 290047
46556 : 290048 290049
46557 : 290050 290051
46558 : 290052 290053
46559 : 290054 290055
46560 : 290056 290057
46561 : 290058 290059
46562 : 290060 290061
46563 : 290062 290063
46564 : 290064 290065
46565 : 290066 290067
46566 : 290068 290069
46567 : 290070 290071
46568 : 290072 290073
46569 : 290074 290075
46570 : 290076 290077
46571 : 290078 290079
46572 : 290080 290081
46573 : 290082 290083
46574 : 290084 290085
46575 : 290086 290087
46576 : 290088 290089
46577 : 290090 290091
46578 : 290092 290093
46579 : 290094 290095
46580 : 290096 290097
46581 : 290098 290099
46582 : 290100 290101
46583 : 290102 290103
46584 : 290104 290105
46585 : 290106 290107
46586 : 290108 290109
46587 : 290110 290111
46588 : 290112 290113
46589 : 290114 290115
46590 : 290116 290117
46591 : 290118 290119
46592 : 290120 290121
46593 : 290122 290123
46594 : 290124 290125
46595 : 290126 290127
46596 : 290128 290129
46597 : 290130 290131
46598 : 290132 290133
46599 : 290134 290135
46600 : 290136 290137
46601 : 290138 290139
46602 : 290140 290141
46603 : 290142 290143
