48941 : 397364 397365
48942 : 397366 397367
48943 : 397368 397369
48944 : 397370 397371
48945 : 397372 397373
48946 : 397374 397375
48947 : 397376 397377
48948 : 397378 397379
48949 : 397380 397381
48950 : 397382 397383
48951 : 397384 397385
48952 : 397386 397387
48953 : 397388 397389
48954 : 397390 397391
48955 : 397392 397393
48956 : 397394 397395
48957 : 397396 397397
48958 : 397398 397399
48959 : 397400 397401
48960 : 397402 397403
48961 : 397404 397405
48962 : 397406 397407
48963 : 397408 397409
48964 : 397410 397411
48965 : 397412 397413
48966 : 397414 397415
48967 : 397416 397417
48968 : 397418 397419
48969 : 397420 397421
