73156 : 451199 451200
73157 : 451201 451202
73158 : 451203 451204
73159 : 451205 451206
73160 : 451207 451208
73161 : 451209 451210
73162 : 451211 451212
73163 : 451213 451214
73164 : 451215 451216
73165 : 451217 451218
73166 : 451219 451220
73167 : 451221 451222
73168 : 451223 451224
73169 : 451225 451226
73170 : 451227 451228
73171 : 451229 451230
73172 : 451231 451232
73173 : 451233 451234
73174 : 451235 451236
73175 : 451237 451238
73176 : 451239 451240
73177 : 451241 451242
73178 : 451243 451244
73179 : 451245 451246
73180 : 451247 451248
73181 : 451249 451250
73182 : 451251 451252
73183 : 451253 451254
73184 : 451255 451256
73185 : 451257 451258
73186 : 451259 451260
73187 : 451261 451262
73188 : 451263 451264
73189 : 451265 451266
73190 : 451267 451268
73191 : 451269 451270
73192 : 451271 451272
73193 : 451273 451274
73194 : 451275 451276
73195 : 451277 451278
