28398 : 201558 201559
28399 : 201560 201561
28400 : 201562 201563
28401 : 201564 201565
28402 : 201566 201567
28403 : 201568 201569
28404 : 201570 201571
28405 : 201572 201573
28406 : 201574 201575
28407 : 201576 201577
28408 : 201578 201579
28409 : 201580 201581
28410 : 201582 201583
28411 : 201584 201585
28412 : 201586 201587
28413 : 201588 201589
28414 : 201590 201591
28415 : 201592 201593
28416 : 201594 201595
28417 : 201596 201597
28418 : 201598 201599
28419 : 201600 201601
28420 : 201602 201603
28421 : 201604 201605
28422 : 201606 201607
28423 : 201608 201609
28424 : 201610 201611
28425 : 201612 201613
28426 : 201614 201615
28427 : 201616 201617
28428 : 201618 201619
28429 : 201620 201621
28430 : 201622 201623
28431 : 201624 201625
28432 : 201626 201627
28433 : 201628 201629
28434 : 201630 201631
28435 : 201632 201633
28436 : 201634 201635
28437 : 201636 201637
28438 : 201638 201639
28439 : 201640 201641
