43077 : 351864 351865
43078 : 351866 351867
43079 : 351868 351869
43080 : 351870 351871
43081 : 351872 351873
43082 : 351874 351875
43083 : 351876 351877
43084 : 351878 351879
43085 : 351880 351881
43086 : 351882 351883
43087 : 351884 351885
43088 : 351886 351887
43089 : 351888 351889
43090 : 351890 351891
43091 : 351892 351893
43092 : 351894 351895
43093 : 351896 351897
43094 : 351898 351899
43095 : 351900 351901
43096 : 351902 351903
43097 : 351904 351905
43098 : 351906 351907
43099 : 351908 351909
43100 : 351910 351911
43101 : 351912 351913
43102 : 351914 351915
43103 : 351916 351917
43104 : 351918 351919
43105 : 351920 351921
43106 : 351922 351923
43107 : 351924 351925
43108 : 351926 351927
43109 : 351928 351929
43110 : 351930 351931
