28744 : 245004 245005
28745 : 245006 245007
28746 : 245008 245009
28747 : 245010 245011
28748 : 245012 245013
28749 : 245014 245015
28750 : 245016 245017
28751 : 245018 245019
28752 : 245020 245021
28753 : 245022 245023
28754 : 245024 245025
28755 : 245026 245027
28756 : 245028 245029
28757 : 245030 245031
28758 : 245032 245033
28759 : 245034 245035
28760 : 245036 245037
28761 : 245038 245039
28762 : 245040 245041
28763 : 245042 245043
28764 : 245044 245045
28765 : 245046 245047
28766 : 245048 245049
28767 : 245050 245051
28768 : 245052 245053
28769 : 245054 245055
28770 : 245056 245057
28771 : 245058 245059
28772 : 245060 245061
28773 : 245062 245063
28774 : 245064 245065
28775 : 245066 245067
28776 : 245068 245069
