57901 : 467582 467583
57902 : 467584 467585
57903 : 467586 467587
57904 : 467588 467589
57905 : 467590 467591
57906 : 467592 467593
57907 : 467594 467595
57908 : 467596 467597
57909 : 467598 467599
57910 : 467600 467601
57911 : 467602 467603
57912 : 467604 467605
57913 : 467606 467607
57914 : 467608 467609
57915 : 467610 467611
57916 : 467612 467613
57917 : 467614 467615
57918 : 467616 467617
57919 : 467618 467619
57920 : 467620 467621
57921 : 467622 467623
57922 : 467624 467625
57923 : 467626 467627
57924 : 467628 467629
57925 : 467630 467631
57926 : 467632 467633
57927 : 467634 467635
57928 : 467636 467637
57929 : 467638 467639
57930 : 467640 467641
57931 : 467642 467643
57932 : 467644 467645
57933 : 467646 467647
57934 : 467648 467649
57935 : 467650 467651
57936 : 467652 467653
57937 : 467654 467655
57938 : 467656 467657
57939 : 467658 467659
57940 : 467660 467661
57941 : 467662 467663
57942 : 467664 467665
57943 : 467666 467667
57944 : 467668 467669
