95595 : 604247 604248
95596 : 604249 604250
95597 : 604251 604252
95598 : 604253 604254
95599 : 604255 604256
95600 : 604257 604258
95601 : 604259 604260
95602 : 604261 604262
95603 : 604263 604264
95604 : 604265 604266
95605 : 604267 604268
95606 : 604269 604270
95607 : 604271 604272
95608 : 604273 604274
95609 : 604275 604276
95610 : 604277 604278
95611 : 604279 604280
95612 : 604281 604282
95613 : 604283 604284
95614 : 604285 604286
95615 : 604287 604288
95616 : 604289 604290
95617 : 604291 604292
95618 : 604293 604294
95619 : 604295 604296
95620 : 604297 604298
