62919 : 384710 384711
62920 : 384712 384713
62921 : 384714 384715
62922 : 384716 384717
62923 : 384718 384719
62924 : 384720 384721
62925 : 384722 384723
62926 : 384724 384725
62927 : 384726 384727
62928 : 384728 384729
62929 : 384730 384731
62930 : 384732 384733
62931 : 384734 384735
62932 : 384736 384737
62933 : 384738 384739
62934 : 384740 384741
62935 : 384742 384743
62936 : 384744 384745
62937 : 384746 384747
62938 : 384748 384749
62939 : 384750 384751
62940 : 384752 384753
62941 : 384754 384755
62942 : 384756 384757
62943 : 384758 384759
62944 : 384760 384761
62945 : 384762 384763
62946 : 384764 384765
62947 : 384766 384767
62948 : 384768 384769
62949 : 384770 384771
62950 : 384772 384773
62951 : 384774 384775
62952 : 384776 384777
62953 : 384778 384779
62954 : 384780 384781
62955 : 384782 384783
62956 : 384784 384785
62957 : 384786 384787
62958 : 384788 384789
62959 : 384790 384791
62960 : 384792 384793
62961 : 384794 384795
62962 : 384796 384797
62963 : 384798 384799
62964 : 384800 384801
62965 : 384802 384803
62966 : 384804 384805
62967 : 384806 384807
62968 : 384808 384809
62969 : 384810 384811
62970 : 384812 384813
62971 : 384814 384815
62972 : 384816 384817
