99542 : 656420 656421
99543 : 656422 656423
99544 : 656424 656425
99545 : 656426 656427
99546 : 656428 656429
99547 : 656430 656431
99548 : 656432 656433
99549 : 656434 656435
99550 : 656436 656437
99551 : 656438 656439
99552 : 656440 656441
99553 : 656442 656443
99554 : 656444 656445
99555 : 656446 656447
99556 : 656448 656449
99557 : 656450 656451
99558 : 656452 656453
99559 : 656454 656455
99560 : 656456 656457
99561 : 656458 656459
99562 : 656460 656461
99563 : 656462 656463
99564 : 656464 656465
99565 : 656466 656467
99566 : 656468 656469
99567 : 656470 656471
99568 : 656472 656473
