73020 : 450130 450131
73021 : 450132 450133
73022 : 450134 450135
73023 : 450136 450137
73024 : 450138 450139
73025 : 450140 450141
73026 : 450142 450143
73027 : 450144 450145
73028 : 450146 450147
73029 : 450148 450149
73030 : 450150 450151
73031 : 450152 450153
73032 : 450154 450155
73033 : 450156 450157
73034 : 450158 450159
73035 : 450160 450161
73036 : 450162 450163
73037 : 450164 450165
73038 : 450166 450167
73039 : 450168 450169
73040 : 450170 450171
73041 : 450172 450173
73042 : 450174 450175
73043 : 450176 450177
