62524 : 350228 350229
62525 : 350230 350231
62526 : 350232 350233
62527 : 350234 350235
62528 : 350236 350237
62529 : 350238 350239
62530 : 350240 350241
62531 : 350242 350243
62532 : 350244 350245
62533 : 350246 350247
62534 : 350248 350249
62535 : 350250 350251
62536 : 350252 350253
62537 : 350254 350255
62538 : 350256 350257
62539 : 350258 350259
62540 : 350260 350261
62541 : 350262 350263
62542 : 350264 350265
62543 : 350266 350267
62544 : 350268 350269
62545 : 350270 350271
62546 : 350272 350273
62547 : 350274 350275
62548 : 350276 350277
62549 : 350278 350279
62550 : 350280 350281
62551 : 350282 350283
62552 : 350284 350285
62553 : 350286 350287
62554 : 350288 350289
62555 : 350290 350291
62556 : 350292 350293
62557 : 350294 350295
62558 : 350296 350297
62559 : 350298 350299
62560 : 350300 350301
62561 : 350302 350303
62562 : 350304 350305
62563 : 350306 350307
62564 : 350308 350309
62565 : 350310 350311
62566 : 350312 350313
62567 : 350314 350315
62568 : 350316 350317
62569 : 350318 350319
62570 : 350320 350321
62571 : 350322 350323
62572 : 350324 350325
62573 : 350326 350327
62574 : 350328 350329
62575 : 350330 350331
62576 : 350332 350333
62577 : 350334 350335
62578 : 350336 350337
62579 : 350338 350339
62580 : 350340 350341
62581 : 350342 350343
62582 : 350344 350345
62583 : 350346 350347
62584 : 350348 350349
62585 : 350350 350351
62586 : 350352 350353
62587 : 350354 350355
62588 : 350356 350357
62589 : 350358 350359
62590 : 350360 350361
62591 : 350362 350363
62592 : 350364 350365
62593 : 350366 350367
62594 : 350368 350369
62595 : 350370 350371
62596 : 350372 350373
62597 : 350374 350375
62598 : 350376 350377
62599 : 350378 350379
62600 : 350380 350381
62601 : 350382 350383
62602 : 350384 350385
62603 : 350386 350387
62604 : 350388 350389
62605 : 350390 350391
62606 : 350392 350393
62607 : 350394 350395
