99760 : 659323 659324
99761 : 659325 659326
99762 : 659327 659328
99763 : 659329 659330
99764 : 659331 659332
99765 : 659333 659334
99766 : 659335 659336
99767 : 659337 659338
99768 : 659339 659340
99769 : 659341 659342
99770 : 659343 659344
99771 : 659345 659346
99772 : 659347 659348
99773 : 659349 659350
99774 : 659351 659352
99775 : 659353 659354
99776 : 659355 659356
99777 : 659357 659358
99778 : 659359 659360
99779 : 659361 659362
99780 : 659363 659364
99781 : 659365 659366
99782 : 659367 659368
99783 : 659369 659370
