54640 : 442059 442060
54641 : 442061 442062
54642 : 442063 442064
54643 : 442065 442066
54644 : 442067 442068
54645 : 442069 442070
54646 : 442071 442072
54647 : 442073 442074
54648 : 442075 442076
54649 : 442077 442078
54650 : 442079 442080
54651 : 442081 442082
54652 : 442083 442084
54653 : 442085 442086
54654 : 442087 442088
54655 : 442089 442090
54656 : 442091 442092
54657 : 442093 442094
54658 : 442095 442096
54659 : 442097 442098
54660 : 442099 442100
54661 : 442101 442102
54662 : 442103 442104
54663 : 442105 442106
54664 : 442107 442108
54665 : 442109 442110
54666 : 442111 442112
54667 : 442113 442114
54668 : 442115 442116
54669 : 442117 442118
54670 : 442119 442120
54671 : 442121 442122
54672 : 442123 442124
54673 : 442125 442126
54674 : 442127 442128
54675 : 442129 442130
54676 : 442131 442132
54677 : 442133 442134
54678 : 442135 442136
54679 : 442137 442138
54680 : 442139 442140
54681 : 442141 442142
54682 : 442143 442144
54683 : 442145 442146
54684 : 442147 442148
54685 : 442149 442150
54686 : 442151 442152
