5297 : 36940 36941
5298 : 36942 36943
5299 : 36944 36945
5300 : 36946 36947
5301 : 36948 36949
5302 : 36950 36951
5303 : 36952 36953
5304 : 36954 36955
5305 : 36956 36957
5306 : 36958 36959
5307 : 36960 36961
5308 : 36962 36963
5309 : 36964 36965
5310 : 36966 36967
5311 : 36968 36969
5312 : 36970 36971
5313 : 36972 36973
5314 : 36974 36975
5315 : 36976 36977
5316 : 36978 36979
5317 : 36980 36981
5318 : 36982 36983
5319 : 36984 36985
5320 : 36986 36987
5321 : 36988 36989
5322 : 36990 36991
5323 : 36992 36993
5324 : 36994 36995
5325 : 36996 36997
5326 : 36998 36999
5327 : 37000 37001
5328 : 37002 37003
5329 : 37004 37005
