50256 : 407773 407774
50257 : 407775 407776
50258 : 407777 407778
50259 : 407779 407780
50260 : 407781 407782
50261 : 407783 407784
50262 : 407785 407786
50263 : 407787 407788
50264 : 407789 407790
50265 : 407791 407792
50266 : 407793 407794
50267 : 407795 407796
50268 : 407797 407798
50269 : 407799 407800
50270 : 407801 407802
50271 : 407803 407804
50272 : 407805 407806
50273 : 407807 407808
50274 : 407809 407810
50275 : 407811 407812
50276 : 407813 407814
50277 : 407815 407816
50278 : 407817 407818
