47442 : 388594 388595
47443 : 388596 388597
47444 : 388598 388599
47445 : 388600 388601
47446 : 388602 388603
47447 : 388604 388605
47448 : 388606 388607
47449 : 388608 388609
47450 : 388610 388611
47451 : 388612 388613
47452 : 388614 388615
47453 : 388616 388617
47454 : 388618 388619
47455 : 388620 388621
47456 : 388622 388623
47457 : 388624 388625
47458 : 388626 388627
47459 : 388628 388629
47460 : 388630 388631
47461 : 388632 388633
47462 : 388634 388635
47463 : 388636 388637
47464 : 388638 388639
47465 : 388640 388641
47466 : 388642 388643
47467 : 388644 388645
47468 : 388646 388647
47469 : 388648 388649
47470 : 388650 388651
47471 : 388652 388653
47472 : 388654 388655
47473 : 388656 388657
47474 : 388658 388659
47475 : 388660 388661
47476 : 388662 388663
47477 : 388664 388665
47478 : 388666 388667
47479 : 388668 388669
47480 : 388670 388671
