11061 : 80093 80094
11062 : 80095 80096
11063 : 80097 80098
11064 : 80099 80100
11065 : 80101 80102
11066 : 80103 80104
11067 : 80105 80106
11068 : 80107 80108
11069 : 80109 80110
11070 : 80111 80112
11071 : 80113 80114
11072 : 80115 80116
11073 : 80117 80118
11074 : 80119 80120
11075 : 80121 80122
11076 : 80123 80124
11077 : 80125 80126
11078 : 80127 80128
11079 : 80129 80130
11080 : 80131 80132
11081 : 80133 80134
11082 : 80135 80136
11083 : 80137 80138
11084 : 80139 80140
11085 : 80141 80142
11086 : 80143 80144
11087 : 80145 80146
11088 : 80147 80148
11089 : 80149 80150
11090 : 80151 80152
11091 : 80153 80154
11092 : 80155 80156
11093 : 80157 80158
11094 : 80159 80160
11095 : 80161 80162
11096 : 80163 80164
