10368 : 96316 96317
10369 : 96318 96319
10370 : 96320 96321
10371 : 96322 96323
10372 : 96324 96325
10373 : 96326 96327
10374 : 96328 96329
10375 : 96330 96331
10376 : 96332 96333
10377 : 96334 96335
10378 : 96336 96337
10379 : 96338 96339
10380 : 96340 96341
10381 : 96342 96343
10382 : 96344 96345
10383 : 96346 96347
10384 : 96348 96349
10385 : 96350 96351
10386 : 96352 96353
10387 : 96354 96355
10388 : 96356 96357
10389 : 96358 96359
10390 : 96360 96361
10391 : 96362 96363
10392 : 96364 96365
10393 : 96366 96367
10394 : 96368 96369
10395 : 96370 96371
10396 : 96372 96373
10397 : 96374 96375
10398 : 96376 96377
10399 : 96378 96379
10400 : 96380 96381
10401 : 96382 96383
10402 : 96384 96385
10403 : 96386 96387
10404 : 96388 96389
10405 : 96390 96391
10406 : 96392 96393
