50740 : 312633 312634
50741 : 312635 312636
50742 : 312637 312638
50743 : 312639 312640
50744 : 312641 312642
50745 : 312643 312644
50746 : 312645 312646
50747 : 312647 312648
50748 : 312649 312650
50749 : 312651 312652
50750 : 312653 312654
50751 : 312655 312656
50752 : 312657 312658
50753 : 312659 312660
50754 : 312661 312662
50755 : 312663 312664
50756 : 312665 312666
50757 : 312667 312668
50758 : 312669 312670
50759 : 312671 312672
50760 : 312673 312674
50761 : 312675 312676
50762 : 312677 312678
50763 : 312679 312680
50764 : 312681 312682
50765 : 312683 312684
50766 : 312685 312686
50767 : 312687 312688
50768 : 312689 312690
50769 : 312691 312692
50770 : 312693 312694
50771 : 312695 312696
50772 : 312697 312698
50773 : 312699 312700
50774 : 312701 312702
50775 : 312703 312704
50776 : 312705 312706
