9337 : 75422 75423
9338 : 75424 75425
9339 : 75426 75427
9340 : 75428 75429
9341 : 75430 75431
9342 : 75432 75433
9343 : 75434 75435
9344 : 75436 75437
9345 : 75438 75439
9346 : 75440 75441
9347 : 75442 75443
9348 : 75444 75445
9349 : 75446 75447
9350 : 75448 75449
9351 : 75450 75451
9352 : 75452 75453
9353 : 75454 75455
9354 : 75456 75457
9355 : 75458 75459
9356 : 75460 75461
9357 : 75462 75463
9358 : 75464 75465
9359 : 75466 75467
9360 : 75468 75469
9361 : 75470 75471
9362 : 75472 75473
9363 : 75474 75475
9364 : 75476 75477
9365 : 75478 75479
9366 : 75480 75481
9367 : 75482 75483
9368 : 75484 75485
9369 : 75486 75487
9370 : 75488 75489
9371 : 75490 75491
9372 : 75492 75493
9373 : 75494 75495
9374 : 75496 75497
9375 : 75498 75499
9376 : 75500 75501
9377 : 75502 75503
9378 : 75504 75505
9379 : 75506 75507
9380 : 75508 75509
9381 : 75510 75511
9382 : 75512 75513
9383 : 75514 75515
9384 : 75516 75517
9385 : 75518 75519
9386 : 75520 75521
9387 : 75522 75523
9388 : 75524 75525
9389 : 75526 75527
9390 : 75528 75529
9391 : 75530 75531
