94918 : 595497 595498
94919 : 595499 595500
94920 : 595501 595502
94921 : 595503 595504
94922 : 595505 595506
94923 : 595507 595508
94924 : 595509 595510
94925 : 595511 595512
94926 : 595513 595514
94927 : 595515 595516
94928 : 595517 595518
94929 : 595519 595520
94930 : 595521 595522
94931 : 595523 595524
94932 : 595525 595526
94933 : 595527 595528
94934 : 595529 595530
94935 : 595531 595532
94936 : 595533 595534
94937 : 595535 595536
94938 : 595537 595538
94939 : 595539 595540
94940 : 595541 595542
94941 : 595543 595544
94942 : 595545 595546
94943 : 595547 595548
94944 : 595549 595550
94945 : 595551 595552
94946 : 595553 595554
94947 : 595555 595556
94948 : 595557 595558
94949 : 595559 595560
94950 : 595561 595562
94951 : 595563 595564
94952 : 595565 595566
94953 : 595567 595568
94954 : 595569 595570
94955 : 595571 595572
94956 : 595573 595574
