57563 : 468736 468737
57564 : 468738 468739
57565 : 468740 468741
57566 : 468742 468743
57567 : 468744 468745
57568 : 468746 468747
57569 : 468748 468749
57570 : 468750 468751
57571 : 468752 468753
57572 : 468754 468755
57573 : 468756 468757
57574 : 468758 468759
57575 : 468760 468761
57576 : 468762 468763
57577 : 468764 468765
57578 : 468766 468767
57579 : 468768 468769
57580 : 468770 468771
57581 : 468772 468773
57582 : 468774 468775
57583 : 468776 468777
57584 : 468778 468779
57585 : 468780 468781
57586 : 468782 468783
57587 : 468784 468785
57588 : 468786 468787
57589 : 468788 468789
57590 : 468790 468791
57591 : 468792 468793
57592 : 468794 468795
57593 : 468796 468797
57594 : 468798 468799
57595 : 468800 468801
57596 : 468802 468803
57597 : 468804 468805
57598 : 468806 468807
57599 : 468808 468809
57600 : 468810 468811
57601 : 468812 468813
57602 : 468814 468815
57603 : 468816 468817
57604 : 468818 468819
57605 : 468820 468821
57606 : 468822 468823
57607 : 468824 468825
57608 : 468826 468827
57609 : 468828 468829
