50168 : 310430 310431
50395 : 310432 310433
50396 : 310434 310435
50397 : 310436 310437
50398 : 310438 310439
50399 : 310440 310441
50400 : 310442 310443
50401 : 310444 310445
50402 : 310446 310447
50403 : 310448 310449
50404 : 310450 310451
50405 : 310452 310453
50406 : 310454 310455
50407 : 310456 310457
50408 : 310458 310459
50409 : 310460 310461
50410 : 310462 310463
50411 : 310464 310465
50412 : 310466 310467
50413 : 310468 310469
50414 : 310470 310471
50415 : 310472 310473
50416 : 310474 310475
50417 : 310476 310477
50418 : 310478 310479
50419 : 310480 310481
50420 : 310482 310483
50421 : 310484 310485
50422 : 310486 310487
50423 : 310488 310489
50424 : 310490 310491
50425 : 310492 310493
50426 : 310494 310495
50427 : 310496 310497
50428 : 310498 310499
50429 : 310500 310501
50430 : 310502 310503
50431 : 310504 310505
50432 : 310506 310507
50433 : 310508 310509
50434 : 310510 310511
50435 : 310512 310513
50436 : 310514 310515
50437 : 310516 310517
50438 : 310518 310519
50439 : 310520 310521
