17813 : 158492 158493
17814 : 158494 158495
17815 : 158496 158497
17816 : 158498 158499
17817 : 158500 158501
17818 : 158502 158503
17819 : 158504 158505
17820 : 158506 158507
17821 : 158508 158509
17822 : 158510 158511
17823 : 158512 158513
17824 : 158514 158515
17825 : 158516 158517
17826 : 158518 158519
17827 : 158520 158521
17828 : 158522 158523
17829 : 158524 158525
17830 : 158526 158527
17831 : 158528 158529
17832 : 158530 158531
17833 : 158532 158533
17834 : 158534 158535
17835 : 158536 158537
17836 : 158538 158539
17837 : 158540 158541
17838 : 158542 158543
17839 : 158544 158545
17840 : 158546 158547
17841 : 158548 158549
17842 : 158550 158551
17843 : 158552 158553
17844 : 158554 158555
17845 : 158556 158557
17846 : 158558 158559
17847 : 158560 158561
17848 : 158562 158563
17849 : 158564 158565
17850 : 158566 158567
17851 : 158568 158569
17852 : 158570 158571
17853 : 158572 158573
17854 : 158574 158575
17855 : 158576 158577
17856 : 158578 158579
17857 : 158580 158581
