56495 : 347635 347636
56496 : 347637 347638
56497 : 347639 347640
56498 : 347641 347642
56499 : 347643 347644
56500 : 347645 347646
56501 : 347647 347648
56502 : 347649 347650
56503 : 347651 347652
56504 : 347653 347654
56505 : 347655 347656
56506 : 347657 347658
56507 : 347659 347660
56508 : 347661 347662
56509 : 347663 347664
56510 : 347665 347666
56511 : 347667 347668
56512 : 347669 347670
56513 : 347671 347672
56514 : 347673 347674
56515 : 347675 347676
56516 : 347677 347678
56517 : 347679 347680
56518 : 347681 347682
56519 : 347683 347684
56520 : 347685 347686
56521 : 347687 347688
56522 : 347689 347690
56523 : 347691 347692
56524 : 347693 347694
56525 : 347695 347696
56526 : 347697 347698
56527 : 347699 347700
56528 : 347701 347702
56529 : 347703 347704
