24659 : 178792 178793
24660 : 178794 178795
24661 : 178796 178797
24662 : 178798 178799
24663 : 178800 178801
24664 : 178802 178803
24665 : 178804 178805
24666 : 178806 178807
24667 : 178808 178809
24668 : 178810 178811
24669 : 178812 178813
24670 : 178814 178815
24671 : 178816 178817
24672 : 178818 178819
24673 : 178820 178821
24674 : 178822 178823
24675 : 178824 178825
24676 : 178826 178827
24677 : 178828 178829
24678 : 178830 178831
24679 : 178832 178833
24680 : 178834 178835
24681 : 178836 178837
24682 : 178838 178839
24683 : 178840 178841
24684 : 178842 178843
24685 : 178844 178845
24686 : 178846 178847
24687 : 178848 178849
24688 : 178850 178851
24689 : 178852 178853
24690 : 178854 178855
24691 : 178856 178857
24692 : 178858 178859
