45440 : 368667 368668
45441 : 368669 368670
45442 : 368671 368672
45443 : 368673 368674
45444 : 368675 368676
45445 : 368677 368678
45446 : 368679 368680
45447 : 368681 368682
45448 : 368683 368684
45449 : 368685 368686
45450 : 368687 368688
45451 : 368689 368690
45452 : 368691 368692
45453 : 368693 368694
45454 : 368695 368696
45455 : 368697 368698
45456 : 368699 368700
45457 : 368701 368702
45458 : 368703 368704
45459 : 368705 368706
45460 : 368707 368708
45461 : 368709 368710
45462 : 368711 368712
45463 : 368713 368714
45464 : 368715 368716
45465 : 368717 368718
45466 : 368719 368720
45467 : 368721 368722
45468 : 368723 368724
45469 : 368725 368726
45470 : 368727 368728
45471 : 368729 368730
45472 : 368731 368732
45473 : 368733 368734
45474 : 368735 368736
45475 : 368737 368738
45476 : 368739 368740
