67883 : 415933 415934
67884 : 415935 415936
67885 : 415937 415938
67886 : 415939 415940
67887 : 415941 415942
67888 : 415943 415944
67889 : 415945 415946
67890 : 415947 415948
67891 : 415949 415950
67892 : 415951 415952
67893 : 415953 415954
67894 : 415955 415956
67895 : 415957 415958
67896 : 415959 415960
67897 : 415961 415962
67898 : 415963 415964
67899 : 415965 415966
67900 : 415967 415968
67901 : 415969 415970
67902 : 415971 415972
67903 : 415973 415974
67904 : 415975 415976
67905 : 415977 415978
67906 : 415979 415980
67907 : 415981 415982
67908 : 415983 415984
67909 : 415985 415986
67910 : 415987 415988
67911 : 415989 415990
67912 : 415991 415992
67913 : 415993 415994
67914 : 415995 415996
67915 : 415997 415998
67916 : 415999 416000
67917 : 416001 416002
67918 : 416003 416004
67919 : 416005 416006
67920 : 416007 416008
67921 : 416009 416010
67922 : 416011 416012
67923 : 416013 416014
67924 : 416015 416016
67925 : 416017 416018
67926 : 416019 416020
