22736 : 198580 198581
22737 : 198582 198583
22738 : 198584 198585
22739 : 198586 198587
22740 : 198588 198589
22741 : 198590 198591
22742 : 198592 198593
22743 : 198594 198595
22744 : 198596 198597
22745 : 198598 198599
22746 : 198600 198601
22747 : 198602 198603
22748 : 198604 198605
22749 : 198606 198607
22750 : 198608 198609
22751 : 198610 198611
22752 : 198612 198613
22753 : 198614 198615
22754 : 198616 198617
22755 : 198618 198619
22756 : 198620 198621
22757 : 198622 198623
22758 : 198624 198625
22759 : 198626 198627
22760 : 198628 198629
22761 : 198630 198631
22762 : 198632 198633
22763 : 198634 198635
22764 : 198636 198637
22765 : 198638 198639
22766 : 198640 198641
22767 : 198642 198643
22768 : 198644 198645
22769 : 198646 198647
22770 : 198648 198649
22771 : 198650 198651
22772 : 198652 198653
