4285 : 32747 32748
4286 : 32749 32750
4287 : 32751 32752
4288 : 32753 32754
4289 : 32755 32756
4290 : 32757 32758
4291 : 32759 32760
4292 : 32761 32762
4293 : 32763 32764
4294 : 32765 32766
4295 : 32767 32768
4296 : 32769 32770
4297 : 32771 32772
4298 : 32773 32774
4299 : 32775 32776
4300 : 32777 32778
4301 : 32779 32780
4302 : 32781 32782
4303 : 32783 32784
4304 : 32785 32786
4305 : 32787 32788
4306 : 32789 32790
4307 : 32791 32792
4308 : 32793 32794
4309 : 32795 32796
4310 : 32797 32798
4311 : 32799 32800
4312 : 32801 32802
4313 : 32803 32804
4314 : 32805 32806
4315 : 32807 32808
4316 : 32809 32810
4317 : 32811 32812
4318 : 32813 32814
4319 : 32815 32816
4320 : 32817 32818
4321 : 32819 32820
4322 : 32821 32822
4323 : 32823 32824
4324 : 32825 32826
4325 : 32827 32828
4326 : 32829 32830
4327 : 32831 32832
4328 : 32833 32834
4329 : 32835 32836
4330 : 32837 32838
4331 : 32839 32840
4332 : 32841 32842
4333 : 32843 32844
4334 : 32845 32846
4335 : 32847 32848
4336 : 32849 32850
4337 : 32851 32852
