16096 : 204174 204175
16097 : 204176 204177
16098 : 204178 204179
16099 : 204180 204181
16100 : 204182 204183
16101 : 204184 204185
16102 : 204186 204187
16103 : 204188 204189
16104 : 204190 204191
16105 : 204192 204193
16106 : 204194 204195
16107 : 204196 204197
16108 : 204198 204199
16109 : 204200 204201
16110 : 204202 204203
16111 : 204204 204205
16112 : 204206 204207
16113 : 204208 204209
16114 : 204210 204211
16115 : 204212 204213
16116 : 204214 204215
16117 : 204216 204217
16118 : 204218 204219
16119 : 204220 204221
