49834 : 407871 407872
49835 : 407873 407874
49836 : 407875 407876
49837 : 407877 407878
49838 : 407879 407880
49839 : 407881 407882
49840 : 407883 407884
49841 : 407885 407886
49842 : 407887 407888
49843 : 407889 407890
49844 : 407891 407892
49845 : 407893 407894
49846 : 407895 407896
49847 : 407897 407898
49848 : 407899 407900
49849 : 407901 407902
49850 : 407903 407904
49851 : 407905 407906
49852 : 407907 407908
49853 : 407909 407910
49854 : 407911 407912
49855 : 407913 407914
49856 : 407915 407916
49857 : 407917 407918
49858 : 407919 407920
49859 : 407921 407922
49860 : 407923 407924
49861 : 407925 407926
49862 : 407927 407928
49863 : 407929 407930
49864 : 407931 407932
