11761 : 85468 85469
11762 : 85470 85471
11763 : 85472 85473
11764 : 85474 85475
11765 : 85476 85477
11766 : 85478 85479
11767 : 85480 85481
11768 : 85482 85483
11769 : 85484 85485
11770 : 85486 85487
11771 : 85488 85489
11772 : 85490 85491
11773 : 85492 85493
11774 : 85494 85495
11775 : 85496 85497
11776 : 85498 85499
11777 : 85500 85501
11778 : 85502 85503
11779 : 85504 85505
11780 : 85506 85507
11781 : 85508 85509
11782 : 85510 85511
11783 : 85512 85513
11784 : 85514 85515
11785 : 85516 85517
11786 : 85518 85519
11787 : 85520 85521
11788 : 85522 85523
11789 : 85524 85525
11790 : 85526 85527
11791 : 85528 85529
11792 : 85530 85531
11793 : 85532 85533
11794 : 85534 85535
11795 : 85536 85537
11796 : 85538 85539
11797 : 85540 85541
11798 : 85542 85543
11799 : 85544 85545
11800 : 85546 85547
11801 : 85548 85549
