69389 : 425003 425004
69390 : 425005 425006
69391 : 425007 425008
69392 : 425009 425010
69393 : 425011 425012
69394 : 425013 425014
69395 : 425015 425016
69396 : 425017 425018
69397 : 425019 425020
69398 : 425021 425022
69399 : 425023 425024
69400 : 425025 425026
69401 : 425027 425028
69402 : 425029 425030
69403 : 425031 425032
69404 : 425033 425034
69405 : 425035 425036
69406 : 425037 425038
69407 : 425039 425040
69408 : 425041 425042
69409 : 425043 425044
69410 : 425045 425046
69411 : 425047 425048
69412 : 425049 425050
69413 : 425051 425052
69414 : 425053 425054
69415 : 425055 425056
69416 : 425057 425058
69417 : 425059 425060
69418 : 425061 425062
69419 : 425063 425064
69420 : 425065 425066
69421 : 425067 425068
69422 : 425069 425070
69423 : 425071 425072
69424 : 425073 425074
69425 : 425075 425076
69426 : 425077 425078
69427 : 425079 425080
69428 : 425081 425082
69429 : 425083 425084
69430 : 425085 425086
69431 : 425087 425088
69432 : 425089 425090
69433 : 425091 425092
69434 : 425093 425094
69435 : 425095 425096
69436 : 425097 425098
69437 : 425099 425100
69438 : 425101 425102
