59075 : 333146 333147
59076 : 333148 333149
59077 : 333150 333151
59078 : 333152 333153
59079 : 333154 333155
59080 : 333156 333157
59081 : 333158 333159
59082 : 333160 333161
59083 : 333162 333163
59084 : 333164 333165
59085 : 333166 333167
59086 : 333168 333169
59087 : 333170 333171
59088 : 333172 333173
59089 : 333174 333175
59090 : 333176 333177
59091 : 333178 333179
59092 : 333180 333181
59093 : 333182 333183
59094 : 333184 333185
59095 : 333186 333187
59096 : 333188 333189
59097 : 333190 333191
59098 : 333192 333193
59099 : 333194 333195
59100 : 333196 333197
59101 : 333198 333199
59102 : 333200 333201
59103 : 333202 333203
59104 : 333204 333205
59105 : 333206 333207
59106 : 333208 333209
59107 : 333210 333211
59108 : 333212 333213
59109 : 333214 333215
59110 : 333216 333217
59111 : 333218 333219
59112 : 333220 333221
59113 : 333222 333223
59114 : 333224 333225
59115 : 333226 333227
59116 : 333228 333229
59117 : 333230 333231
59118 : 333232 333233
59119 : 333234 333235
59120 : 333236 333237
59121 : 333238 333239
59122 : 333240 333241
59123 : 333242 333243
59124 : 333244 333245
59125 : 333246 333247
59126 : 333248 333249
59127 : 333250 333251
59128 : 333252 333253
59129 : 333254 333255
59130 : 333256 333257
59131 : 333258 333259
59132 : 333260 333261
59133 : 333262 333263
59134 : 333264 333265
59135 : 333266 333267
59136 : 333268 333269
59137 : 333270 333271
59138 : 333272 333273
59139 : 333274 333275
59140 : 333276 333277
59141 : 333278 333279
59142 : 333280 333281
59143 : 333282 333283
59144 : 333284 333285
59145 : 333286 333287
59146 : 333288 333289
59147 : 333290 333291
59148 : 333292 333293
59149 : 333294 333295
59150 : 333296 333297
59151 : 333298 333299
59152 : 333300 333301
59153 : 333302 333303
59154 : 333304 333305
59155 : 333306 333307
59156 : 333308 333309
59157 : 333310 333311
59158 : 333312 333313
59159 : 333314 333315
59160 : 333316 333317
