33852 : 227122 227123
33957 : 227124 227125
33958 : 227126 227127
33959 : 227128 227129
33960 : 227130 227131
33961 : 227132 227133
33962 : 227134 227135
33963 : 227136 227137
33964 : 227138 227139
33965 : 227140 227141
33966 : 227142 227143
33967 : 227144 227145
33968 : 227146 227147
33969 : 227148 227149
33970 : 227150 227151
33971 : 227152 227153
33972 : 227154 227155
33973 : 227156 227157
33974 : 227158 227159
33975 : 227160 227161
33976 : 227162 227163
33977 : 227164 227165
33978 : 227166 227167
33979 : 227168 227169
33980 : 227170 227171
33981 : 227172 227173
33982 : 227174 227175
33983 : 227176 227177
33984 : 227178 227179
33985 : 227180 227181
33986 : 227182 227183
33987 : 227184 227185
33988 : 227186 227187
33989 : 227188 227189
33990 : 227190 227191
33991 : 227192 227193
33992 : 227194 227195
33993 : 227196 227197
33994 : 227198 227199
33995 : 227200 227201
33996 : 227202 227203
33997 : 227204 227205
33998 : 227206 227207
33999 : 227208 227209
34000 : 227210 227211
