93846 : 582191 582192
93847 : 582193 582194
93848 : 582195 582196
93849 : 582197 582198
93850 : 582199 582200
93851 : 582201 582202
93852 : 582203 582204
93853 : 582205 582206
93854 : 582207 582208
93855 : 582209 582210
93856 : 582211 582212
93857 : 582213 582214
93858 : 582215 582216
93859 : 582217 582218
93860 : 582219 582220
93861 : 582221 582222
93862 : 582223 582224
93863 : 582225 582226
93864 : 582227 582228
93865 : 582229 582230
93866 : 582231 582232
93867 : 582233 582234
93868 : 582235 582236
93869 : 582237 582238
93870 : 582239 582240
93871 : 582241 582242
93872 : 582243 582244
93873 : 582245 582246
93874 : 582247 582248
93875 : 582249 582250
93876 : 582251 582252
93877 : 582253 582254
93878 : 582255 582256
93879 : 582257 582258
93880 : 582259 582260
