87366 : 515498 515499
87367 : 515500 515501
87368 : 515502 515503
87369 : 515504 515505
87370 : 515506 515507
87371 : 515508 515509
87372 : 515510 515511
87373 : 515512 515513
87374 : 515514 515515
87375 : 515516 515517
87376 : 515518 515519
87377 : 515520 515521
87378 : 515522 515523
87379 : 515524 515525
87380 : 515526 515527
87381 : 515528 515529
87382 : 515530 515531
87383 : 515532 515533
87384 : 515534 515535
87385 : 515536 515537
87386 : 515538 515539
87387 : 515540 515541
87388 : 515542 515543
87389 : 515544 515545
87390 : 515546 515547
87391 : 515548 515549
87392 : 515550 515551
87393 : 515552 515553
87394 : 515554 515555
87395 : 515556 515557
87396 : 515558 515559
87397 : 515560 515561
87398 : 515562 515563
87399 : 515564 515565
87400 : 515566 515567
87401 : 515568 515569
87402 : 515570 515571
87403 : 515572 515573
87404 : 515574 515575
87405 : 515576 515577
87406 : 515578 515579
87407 : 515580 515581
87408 : 515582 515583
87409 : 515584 515585
87410 : 515586 515587
