31297 : 263119 263120
31298 : 263121 263122
31299 : 263123 263124
31300 : 263125 263126
31301 : 263127 263128
31302 : 263129 263130
31303 : 263131 263132
31304 : 263133 263134
31305 : 263135 263136
31306 : 263137 263138
31307 : 263139 263140
31308 : 263141 263142
31309 : 263143 263144
31310 : 263145 263146
31311 : 263147 263148
31312 : 263149 263150
31313 : 263151 263152
31314 : 263153 263154
31315 : 263155 263156
31316 : 263157 263158
31317 : 263159 263160
31318 : 263161 263162
31319 : 263163 263164
31320 : 263165 263166
31321 : 263167 263168
31322 : 263169 263170
31323 : 263171 263172
31324 : 263173 263174
31325 : 263175 263176
31326 : 263177 263178
31327 : 263179 263180
31328 : 263181 263182
31329 : 263183 263184
31330 : 263185 263186
31331 : 263187 263188
31332 : 263189 263190
31333 : 263191 263192
31334 : 263193 263194
31335 : 263195 263196
