3476 : 24040 24041
3477 : 24042 24043
3478 : 24044 24045
3479 : 24046 24047
3480 : 24048 24049
3481 : 24050 24051
3482 : 24052 24053
3483 : 24054 24055
3484 : 24056 24057
3485 : 24058 24059
3486 : 24060 24061
3487 : 24062 24063
3488 : 24064 24065
3489 : 24066 24067
3490 : 24068 24069
3491 : 24070 24071
3492 : 24072 24073
3493 : 24074 24075
3494 : 24076 24077
3495 : 24078 24079
3496 : 24080 24081
3497 : 24082 24083
3498 : 24084 24085
3499 : 24086 24087
3500 : 24088 24089
3501 : 24090 24091
3502 : 24092 24093
3503 : 24094 24095
3504 : 24096 24097
3505 : 24098 24099
3506 : 24100 24101
3507 : 24102 24103
3508 : 24104 24105
3509 : 24106 24107
3510 : 24108 24109
3511 : 24110 24111
3512 : 24112 24113
