9891 : 80056 80057
9892 : 80058 80059
9893 : 80060 80061
9894 : 80062 80063
9895 : 80064 80065
9896 : 80066 80067
9897 : 80068 80069
9898 : 80070 80071
9899 : 80072 80073
9900 : 80074 80075
9901 : 80076 80077
9902 : 80078 80079
9903 : 80080 80081
9904 : 80082 80083
9905 : 80084 80085
9906 : 80086 80087
9907 : 80088 80089
9908 : 80090 80091
9909 : 80092 80093
9910 : 80094 80095
9911 : 80096 80097
9912 : 80098 80099
9913 : 80100 80101
9914 : 80102 80103
9915 : 80104 80105
9916 : 80106 80107
9917 : 80108 80109
9918 : 80110 80111
9919 : 80112 80113
9920 : 80114 80115
9921 : 80116 80117
9922 : 80118 80119
9923 : 80120 80121
9924 : 80122 80123
9925 : 80124 80125
9926 : 80126 80127
9927 : 80128 80129
9928 : 80130 80131
9929 : 80132 80133
9930 : 80134 80135
