48136 : 390954 390955
48137 : 390956 390957
48138 : 390958 390959
48139 : 390960 390961
48140 : 390962 390963
48141 : 390964 390965
48142 : 390966 390967
48143 : 390968 390969
48144 : 390970 390971
48145 : 390972 390973
48146 : 390974 390975
48147 : 390976 390977
48148 : 390978 390979
48149 : 390980 390981
48150 : 390982 390983
48151 : 390984 390985
48152 : 390986 390987
48153 : 390988 390989
48154 : 390990 390991
48155 : 390992 390993
48156 : 390994 390995
48157 : 390996 390997
48158 : 390998 390999
48159 : 391000 391001
48160 : 391002 391003
48161 : 391004 391005
48162 : 391006 391007
48163 : 391008 391009
