23768 : 173230 173231
23769 : 173232 173233
23770 : 173234 173235
23771 : 173236 173237
23772 : 173238 173239
23773 : 173240 173241
23774 : 173242 173243
23775 : 173244 173245
23776 : 173246 173247
23777 : 173248 173249
23778 : 173250 173251
23779 : 173252 173253
23780 : 173254 173255
23781 : 173256 173257
23782 : 173258 173259
23783 : 173260 173261
23784 : 173262 173263
23785 : 173264 173265
23786 : 173266 173267
23787 : 173268 173269
23788 : 173270 173271
23789 : 173272 173273
23790 : 173274 173275
23791 : 173276 173277
23792 : 173278 173279
23793 : 173280 173281
23794 : 173282 173283
23795 : 173284 173285
23796 : 173286 173287
23797 : 173288 173289
23798 : 173290 173291
23799 : 173292 173293
23800 : 173294 173295
23801 : 173296 173297
23802 : 173298 173299
23803 : 173300 173301
23804 : 173302 173303
23805 : 173304 173305
23806 : 173306 173307
23807 : 173308 173309
23808 : 173310 173311
23809 : 173312 173313
23810 : 173314 173315
