100523 : 668768 668769
100524 : 668770 668771
100525 : 668772 668773
100526 : 668774 668775
100527 : 668776 668777
100528 : 668778 668779
100529 : 668780 668781
100530 : 668782 668783
100531 : 668784 668785
100532 : 668786 668787
100533 : 668788 668789
100534 : 668790 668791
100535 : 668792 668793
100536 : 668794 668795
100537 : 668796 668797
100538 : 668798 668799
100539 : 668800 668801
100540 : 668802 668803
100541 : 668804 668805
100542 : 668806 668807
100543 : 668808 668809
100544 : 668810 668811
100545 : 668812 668813
100546 : 668814 668815
100547 : 668816 668817
100548 : 668818 668819
100549 : 668820 668821
100550 : 668822 668823
100551 : 668824 668825
100552 : 668826 668827
100553 : 668828 668829
100554 : 668830 668831
100555 : 668832 668833
100556 : 668834 668835
100557 : 668836 668837
100558 : 668838 668839
100559 : 668840 668841
100560 : 668842 668843
100561 : 668844 668845
100562 : 668846 668847
100563 : 668848 668849
100564 : 668850 668851
