81696 : 464253 464254
81697 : 464255 464256
81698 : 464257 464258
81699 : 464259 464260
81700 : 464261 464262
81701 : 464263 464264
81702 : 464265 464266
81703 : 464267 464268
81704 : 464269 464270
81705 : 464271 464272
81706 : 464273 464274
81707 : 464275 464276
81708 : 464277 464278
81709 : 464279 464280
81710 : 464281 464282
81711 : 464283 464284
81712 : 464285 464286
81713 : 464287 464288
81714 : 464289 464290
81715 : 464291 464292
81716 : 464293 464294
81717 : 464295 464296
81718 : 464297 464298
81719 : 464299 464300
81720 : 464301 464302
81721 : 464303 464304
81722 : 464305 464306
81723 : 464307 464308
81724 : 464309 464310
81725 : 464311 464312
81726 : 464313 464314
