430 : 3507 3508
634 : 3509 3510
635 : 3511 3512
636 : 3513 3514
637 : 3515 3516
638 : 3517 3518
639 : 3519 3520
640 : 3521 3522
641 : 3523 3524
642 : 3525 3526
643 : 3527 3528
644 : 3529 3530
645 : 3531 3532
646 : 3533 3534
647 : 3535 3536
648 : 3537 3538
649 : 3539 3540
650 : 3541 3542
651 : 3543 3544
652 : 3545 3546
653 : 3547 3548
654 : 3549 3550
655 : 3551 3552
656 : 3553 3554
657 : 3555 3556
658 : 3557 3558
659 : 3559 3560
660 : 3561 3562
661 : 3563 3564
662 : 3565 3566
663 : 3567 3568
664 : 3569 3570
665 : 3571 3572
666 : 3573 3574
667 : 3575 3576
