4729 : 32693 32694
4730 : 32695 32696
4731 : 32697 32698
4732 : 32699 32700
4733 : 32701 32702
4734 : 32703 32704
4735 : 32705 32706
4736 : 32707 32708
4737 : 32709 32710
4738 : 32711 32712
4739 : 32713 32714
4740 : 32715 32716
4741 : 32717 32718
4742 : 32719 32720
4743 : 32721 32722
4744 : 32723 32724
4745 : 32725 32726
4746 : 32727 32728
4747 : 32729 32730
4748 : 32731 32732
4749 : 32733 32734
4750 : 32735 32736
4751 : 32737 32738
4752 : 32739 32740
4753 : 32741 32742
4754 : 32743 32744
4755 : 32745 32746
4756 : 32747 32748
4757 : 32749 32750
4758 : 32751 32752
4759 : 32753 32754
4760 : 32755 32756
4761 : 32757 32758
4762 : 32759 32760
4763 : 32761 32762
4764 : 32763 32764
4765 : 32765 32766
4766 : 32767 32768
4767 : 32769 32770
4768 : 32771 32772
4769 : 32773 32774
4770 : 32775 32776
