3840 : 29400 29401
3841 : 29402 29403
3842 : 29404 29405
3843 : 29406 29407
3844 : 29408 29409
3845 : 29410 29411
3846 : 29412 29413
3847 : 29414 29415
3848 : 29416 29417
3849 : 29418 29419
3850 : 29420 29421
3851 : 29422 29423
3852 : 29424 29425
3853 : 29426 29427
3854 : 29428 29429
3855 : 29430 29431
3856 : 29432 29433
3857 : 29434 29435
3858 : 29436 29437
3859 : 29438 29439
3860 : 29440 29441
3861 : 29442 29443
3862 : 29444 29445
3863 : 29446 29447
3864 : 29448 29449
3865 : 29450 29451
3866 : 29452 29453
3867 : 29454 29455
3868 : 29456 29457
3869 : 29458 29459
3870 : 29460 29461
3871 : 29462 29463
3872 : 29464 29465
3873 : 29466 29467
3874 : 29468 29469
3875 : 29470 29471
3876 : 29472 29473
3877 : 29474 29475
3878 : 29476 29477
3879 : 29478 29479
3880 : 29480 29481
