82465 : 470608 470609
82466 : 470610 470611
82467 : 470612 470613
82468 : 470614 470615
82469 : 470616 470617
82470 : 470618 470619
82471 : 470620 470621
82472 : 470622 470623
82473 : 470624 470625
82474 : 470626 470627
82475 : 470628 470629
82476 : 470630 470631
82477 : 470632 470633
82478 : 470634 470635
82479 : 470636 470637
82480 : 470638 470639
82481 : 470640 470641
82482 : 470642 470643
82483 : 470644 470645
82484 : 470646 470647
82485 : 470648 470649
82486 : 470650 470651
82487 : 470652 470653
82488 : 470654 470655
82489 : 470656 470657
82490 : 470658 470659
82491 : 470660 470661
82492 : 470662 470663
82493 : 470664 470665
82494 : 470666 470667
82495 : 470668 470669
82496 : 470670 470671
82497 : 470672 470673
82498 : 470674 470675
82499 : 470676 470677
82500 : 470678 470679
82501 : 470680 470681
82502 : 470682 470683
82503 : 470684 470685
82504 : 470686 470687
82505 : 470688 470689
82506 : 470690 470691
82507 : 470692 470693
82508 : 470694 470695
82509 : 470696 470697
82510 : 470698 470699
82511 : 470700 470701
82512 : 470702 470703
82513 : 470704 470705
82514 : 470706 470707
82515 : 470708 470709
82516 : 470710 470711
82517 : 470712 470713
82518 : 470714 470715
82519 : 470716 470717
82520 : 470718 470719
82521 : 470720 470721
82522 : 470722 470723
