11992 : 87175 87176
11993 : 87177 87178
11994 : 87179 87180
11995 : 87181 87182
11996 : 87183 87184
11997 : 87185 87186
11998 : 87187 87188
11999 : 87189 87190
12000 : 87191 87192
12001 : 87193 87194
12002 : 87195 87196
12003 : 87197 87198
12004 : 87199 87200
12005 : 87201 87202
12006 : 87203 87204
12007 : 87205 87206
12008 : 87207 87208
12009 : 87209 87210
12010 : 87211 87212
12011 : 87213 87214
12012 : 87215 87216
12013 : 87217 87218
12014 : 87219 87220
12015 : 87221 87222
12016 : 87223 87224
12017 : 87225 87226
12018 : 87227 87228
12019 : 87229 87230
12020 : 87231 87232
12021 : 87233 87234
12022 : 87235 87236
12023 : 87237 87238
12024 : 87239 87240
