7406 : 60813 60814
7407 : 60815 60816
7408 : 60817 60818
7409 : 60819 60820
7410 : 60821 60822
7411 : 60823 60824
7412 : 60825 60826
7413 : 60827 60828
7414 : 60829 60830
7415 : 60831 60832
7416 : 60833 60834
7417 : 60835 60836
7418 : 60837 60838
7419 : 60839 60840
7420 : 60841 60842
7421 : 60843 60844
7422 : 60845 60846
7423 : 60847 60848
7424 : 60849 60850
7425 : 60851 60852
7426 : 60853 60854
7427 : 60855 60856
7428 : 60857 60858
7429 : 60859 60860
7430 : 60861 60862
7431 : 60863 60864
7432 : 60865 60866
7433 : 60867 60868
7434 : 60869 60870
7435 : 60871 60872
7436 : 60873 60874
7437 : 60875 60876
7438 : 60877 60878
7439 : 60879 60880
7440 : 60881 60882
7441 : 60883 60884
7442 : 60885 60886
7443 : 60887 60888
7444 : 60889 60890
