12362 : 85758 85759
12363 : 85760 85761
12364 : 85762 85763
12365 : 85764 85765
12366 : 85766 85767
12367 : 85768 85769
12368 : 85770 85771
12369 : 85772 85773
12370 : 85774 85775
12371 : 85776 85777
12372 : 85778 85779
12373 : 85780 85781
12374 : 85782 85783
12375 : 85784 85785
12376 : 85786 85787
12377 : 85788 85789
12378 : 85790 85791
12379 : 85792 85793
12380 : 85794 85795
12381 : 85796 85797
12382 : 85798 85799
12383 : 85800 85801
12384 : 85802 85803
12385 : 85804 85805
12386 : 85806 85807
12387 : 85808 85809
12388 : 85810 85811
