18681 : 166603 166604
18682 : 166605 166606
18683 : 166607 166608
18684 : 166609 166610
18685 : 166611 166612
18686 : 166613 166614
18687 : 166615 166616
18688 : 166617 166618
18689 : 166619 166620
18690 : 166621 166622
18691 : 166623 166624
18692 : 166625 166626
18693 : 166627 166628
18694 : 166629 166630
18695 : 166631 166632
18696 : 166633 166634
18697 : 166635 166636
18698 : 166637 166638
18699 : 166639 166640
18700 : 166641 166642
18701 : 166643 166644
18702 : 166645 166646
18703 : 166647 166648
18704 : 166649 166650
18705 : 166651 166652
18706 : 166653 166654
18707 : 166655 166656
18708 : 166657 166658
18709 : 166659 166660
18710 : 166661 166662
18711 : 166663 166664
18712 : 166665 166666
18713 : 166667 166668
18714 : 166669 166670
18715 : 166671 166672
