65659 : 400718 400719
65660 : 400720 400721
65661 : 400722 400723
65662 : 400724 400725
65663 : 400726 400727
65664 : 400728 400729
65665 : 400730 400731
65666 : 400732 400733
65667 : 400734 400735
65668 : 400736 400737
65669 : 400738 400739
65670 : 400740 400741
65671 : 400742 400743
65672 : 400744 400745
65673 : 400746 400747
65674 : 400748 400749
65675 : 400750 400751
65676 : 400752 400753
65677 : 400754 400755
65678 : 400756 400757
65679 : 400758 400759
65680 : 400760 400761
65681 : 400762 400763
65682 : 400764 400765
65683 : 400766 400767
65684 : 400768 400769
65685 : 400770 400771
65686 : 400772 400773
65687 : 400774 400775
65688 : 400776 400777
65689 : 400778 400779
65690 : 400780 400781
65691 : 400782 400783
65692 : 400784 400785
65693 : 400786 400787
65694 : 400788 400789
65695 : 400790 400791
65696 : 400792 400793
