45855 : 286890 286891
45945 : 286892 286893
45946 : 286894 286895
45947 : 286896 286897
45948 : 286898 286899
45949 : 286900 286901
45950 : 286902 286903
45951 : 286904 286905
45952 : 286906 286907
45953 : 286908 286909
45954 : 286910 286911
45955 : 286912 286913
45956 : 286914 286915
45957 : 286916 286917
45958 : 286918 286919
45959 : 286920 286921
45960 : 286922 286923
45961 : 286924 286925
45962 : 286926 286927
45963 : 286928 286929
45964 : 286930 286931
45965 : 286932 286933
45966 : 286934 286935
45967 : 286936 286937
45968 : 286938 286939
45969 : 286940 286941
45970 : 286942 286943
45971 : 286944 286945
45972 : 286946 286947
45973 : 286948 286949
45974 : 286950 286951
45975 : 286952 286953
45976 : 286954 286955
45977 : 286956 286957
45978 : 286958 286959
45979 : 286960 286961
45980 : 286962 286963
45981 : 286964 286965
45982 : 286966 286967
45983 : 286968 286969
45984 : 286970 286971
45985 : 286972 286973
45986 : 286974 286975
45987 : 286976 286977
45988 : 286978 286979
45989 : 286980 286981
45990 : 286982 286983
45991 : 286984 286985
45992 : 286986 286987
