22089 : 193292 193293
22090 : 193294 193295
22091 : 193296 193297
22092 : 193298 193299
22093 : 193300 193301
22094 : 193302 193303
22095 : 193304 193305
22096 : 193306 193307
22097 : 193308 193309
22098 : 193310 193311
22099 : 193312 193313
22100 : 193314 193315
22101 : 193316 193317
22102 : 193318 193319
22103 : 193320 193321
22104 : 193322 193323
22105 : 193324 193325
22106 : 193326 193327
22107 : 193328 193329
22108 : 193330 193331
22109 : 193332 193333
22110 : 193334 193335
22111 : 193336 193337
22112 : 193338 193339
22113 : 193340 193341
22114 : 193342 193343
22115 : 193344 193345
22116 : 193346 193347
22117 : 193348 193349
22118 : 193350 193351
22119 : 193352 193353
