28465 : 242514 242515
28466 : 242516 242517
28467 : 242518 242519
28468 : 242520 242521
28469 : 242522 242523
28470 : 242524 242525
28471 : 242526 242527
28472 : 242528 242529
28473 : 242530 242531
28474 : 242532 242533
28475 : 242534 242535
28476 : 242536 242537
28477 : 242538 242539
28478 : 242540 242541
28479 : 242542 242543
28480 : 242544 242545
28481 : 242546 242547
28482 : 242548 242549
28483 : 242550 242551
28484 : 242552 242553
28485 : 242554 242555
28486 : 242556 242557
28487 : 242558 242559
28488 : 242560 242561
28489 : 242562 242563
28490 : 242564 242565
28491 : 242566 242567
28492 : 242568 242569
28493 : 242570 242571
28494 : 242572 242573
28495 : 242574 242575
28496 : 242576 242577
28497 : 242578 242579
