8250 : 65235 65236
8251 : 65237 65238
8252 : 65239 65240
8253 : 65241 65242
8254 : 65243 65244
8255 : 65245 65246
8256 : 65247 65248
8257 : 65249 65250
8258 : 65251 65252
8259 : 65253 65254
8260 : 65255 65256
8261 : 65257 65258
8262 : 65259 65260
8263 : 65261 65262
8264 : 65263 65264
8265 : 65265 65266
8266 : 65267 65268
8267 : 65269 65270
8268 : 65271 65272
8269 : 65273 65274
8270 : 65275 65276
8271 : 65277 65278
8272 : 65279 65280
8273 : 65281 65282
8274 : 65283 65284
8275 : 65285 65286
8276 : 65287 65288
8277 : 65289 65290
8278 : 65291 65292
8279 : 65293 65294
8280 : 65295 65296
8281 : 65297 65298
