60479 : 370967 370968
60480 : 370969 370970
60481 : 370971 370972
60482 : 370973 370974
60483 : 370975 370976
60484 : 370977 370978
60485 : 370979 370980
60486 : 370981 370982
60487 : 370983 370984
60488 : 370985 370986
60489 : 370987 370988
60490 : 370989 370990
60491 : 370991 370992
60492 : 370993 370994
60493 : 370995 370996
60494 : 370997 370998
60495 : 370999 371000
60496 : 371001 371002
60497 : 371003 371004
60498 : 371005 371006
60499 : 371007 371008
60500 : 371009 371010
60501 : 371011 371012
60502 : 371013 371014
60503 : 371015 371016
60504 : 371017 371018
60505 : 371019 371020
60506 : 371021 371022
60507 : 371023 371024
60508 : 371025 371026
60509 : 371027 371028
60510 : 371029 371030
60511 : 371031 371032
60512 : 371033 371034
60513 : 371035 371036
60514 : 371037 371038
60515 : 371039 371040
60516 : 371041 371042
