4294 : 29793 29794
4295 : 29795 29796
4296 : 29797 29798
4297 : 29799 29800
4298 : 29801 29802
4299 : 29803 29804
4300 : 29805 29806
4301 : 29807 29808
4302 : 29809 29810
4303 : 29811 29812
4304 : 29813 29814
4305 : 29815 29816
4306 : 29817 29818
4307 : 29819 29820
4308 : 29821 29822
4309 : 29823 29824
4310 : 29825 29826
4311 : 29827 29828
4312 : 29829 29830
4313 : 29831 29832
4314 : 29833 29834
4315 : 29835 29836
4316 : 29837 29838
4317 : 29839 29840
4318 : 29841 29842
4319 : 29843 29844
4320 : 29845 29846
4321 : 29847 29848
4322 : 29849 29850
4323 : 29851 29852
4324 : 29853 29854
4325 : 29855 29856
4326 : 29857 29858
4327 : 29859 29860
4328 : 29861 29862
4329 : 29863 29864
4330 : 29865 29866
4331 : 29867 29868
4332 : 29869 29870
4333 : 29871 29872
4334 : 29873 29874
4335 : 29875 29876
