6347 : 94278 94279
6348 : 94280 94281
6349 : 94282 94283
6350 : 94284 94285
6351 : 94286 94287
6352 : 94288 94289
6353 : 94290 94291
6354 : 94292 94293
6355 : 94294 94295
6356 : 94296 94297
6357 : 94298 94299
6358 : 94300 94301
6359 : 94302 94303
6360 : 94304 94305
6361 : 94306 94307
6362 : 94308 94309
6363 : 94310 94311
6364 : 94312 94313
6365 : 94314 94315
6366 : 94316 94317
6367 : 94318 94319
6368 : 94320 94321
6369 : 94322 94323
6370 : 94324 94325
6371 : 94326 94327
6372 : 94328 94329
6373 : 94330 94331
6374 : 94332 94333
6375 : 94334 94335
6376 : 94336 94337
6377 : 94338 94339
6378 : 94340 94341
6379 : 94342 94343
6380 : 94344 94345
