36048 : 300289 300290
36049 : 300291 300292
36050 : 300293 300294
36051 : 300295 300296
36052 : 300297 300298
36053 : 300299 300300
36054 : 300301 300302
36055 : 300303 300304
36056 : 300305 300306
36057 : 300307 300308
36058 : 300309 300310
36059 : 300311 300312
36060 : 300313 300314
36061 : 300315 300316
36062 : 300317 300318
36063 : 300319 300320
36064 : 300321 300322
36065 : 300323 300324
36066 : 300325 300326
36067 : 300327 300328
36068 : 300329 300330
36069 : 300331 300332
36070 : 300333 300334
36071 : 300335 300336
36072 : 300337 300338
36073 : 300339 300340
36074 : 300341 300342
36075 : 300343 300344
36076 : 300345 300346
36077 : 300347 300348
36078 : 300349 300350
36079 : 300351 300352
36080 : 300353 300354
36081 : 300355 300356
36082 : 300357 300358
36083 : 300359 300360
36084 : 300361 300362
36085 : 300363 300364
36086 : 300365 300366
36087 : 300367 300368
