48777 : 396205 396206
48778 : 396207 396208
48779 : 396209 396210
48780 : 396211 396212
48781 : 396213 396214
48782 : 396215 396216
48783 : 396217 396218
48784 : 396219 396220
48785 : 396221 396222
48786 : 396223 396224
48787 : 396225 396226
48788 : 396227 396228
48789 : 396229 396230
48790 : 396231 396232
48791 : 396233 396234
48792 : 396235 396236
48793 : 396237 396238
48794 : 396239 396240
48795 : 396241 396242
48796 : 396243 396244
48797 : 396245 396246
48798 : 396247 396248
48799 : 396249 396250
48800 : 396251 396252
48801 : 396253 396254
48802 : 396255 396256
48803 : 396257 396258
48804 : 396259 396260
48805 : 396261 396262
48806 : 396263 396264
48807 : 396265 396266
48808 : 396267 396268
48809 : 396269 396270
48810 : 396271 396272
48811 : 396273 396274
48812 : 396275 396276
48813 : 396277 396278
48814 : 396279 396280
48815 : 396281 396282
48816 : 396283 396284
48817 : 396285 396286
48818 : 396287 396288
48819 : 396289 396290
48820 : 396291 396292
