65354 : 363828 363829
65355 : 363830 363831
65356 : 363832 363833
65357 : 363834 363835
65358 : 363836 363837
65359 : 363838 363839
65360 : 363840 363841
65361 : 363842 363843
65362 : 363844 363845
65363 : 363846 363847
65364 : 363848 363849
65365 : 363850 363851
65366 : 363852 363853
65367 : 363854 363855
65368 : 363856 363857
65369 : 363858 363859
65370 : 363860 363861
65371 : 363862 363863
65372 : 363864 363865
65373 : 363866 363867
65374 : 363868 363869
65375 : 363870 363871
65376 : 363872 363873
65377 : 363874 363875
65378 : 363876 363877
65379 : 363878 363879
65380 : 363880 363881
65381 : 363882 363883
65382 : 363884 363885
65383 : 363886 363887
65384 : 363888 363889
65385 : 363890 363891
65386 : 363892 363893
65387 : 363894 363895
65388 : 363896 363897
65389 : 363898 363899
65390 : 363900 363901
65391 : 363902 363903
65392 : 363904 363905
65393 : 363906 363907
65394 : 363908 363909
65395 : 363910 363911
65396 : 363912 363913
65397 : 363914 363915
65398 : 363916 363917
65399 : 363918 363919
65400 : 363920 363921
65401 : 363922 363923
65402 : 363924 363925
65403 : 363926 363927
65404 : 363928 363929
65405 : 363930 363931
65406 : 363932 363933
65407 : 363934 363935
65408 : 363936 363937
65409 : 363938 363939
65410 : 363940 363941
65411 : 363942 363943
65412 : 363944 363945
65413 : 363946 363947
65414 : 363948 363949
65415 : 363950 363951
65416 : 363952 363953
65417 : 363954 363955
65418 : 363956 363957
65419 : 363958 363959
65420 : 363960 363961
65421 : 363962 363963
65422 : 363964 363965
65423 : 363966 363967
65424 : 363968 363969
65425 : 363970 363971
65426 : 363972 363973
65427 : 363974 363975
65428 : 363976 363977
65429 : 363978 363979
65430 : 363980 363981
65431 : 363982 363983
65432 : 363984 363985
