55499 : 342714 342715
55500 : 342716 342717
55501 : 342718 342719
55502 : 342720 342721
55503 : 342722 342723
55504 : 342724 342725
55505 : 342726 342727
55506 : 342728 342729
55507 : 342730 342731
55508 : 342732 342733
55509 : 342734 342735
55510 : 342736 342737
55511 : 342738 342739
55512 : 342740 342741
55513 : 342742 342743
55514 : 342744 342745
55515 : 342746 342747
55516 : 342748 342749
55517 : 342750 342751
55518 : 342752 342753
55519 : 342754 342755
55520 : 342756 342757
55521 : 342758 342759
55522 : 342760 342761
55523 : 342762 342763
55524 : 342764 342765
55525 : 342766 342767
55526 : 342768 342769
55527 : 342770 342771
55528 : 342772 342773
55529 : 342774 342775
55530 : 342776 342777
55531 : 342778 342779
55532 : 342780 342781
55533 : 342782 342783
55534 : 342784 342785
55535 : 342786 342787
55536 : 342788 342789
55537 : 342790 342791
