39932 : 255950 255951
39933 : 255952 255953
39934 : 255954 255955
39935 : 255956 255957
39936 : 255958 255959
39937 : 255960 255961
39938 : 255962 255963
39939 : 255964 255965
39940 : 255966 255967
39941 : 255968 255969
39942 : 255970 255971
39943 : 255972 255973
39944 : 255974 255975
39945 : 255976 255977
39946 : 255978 255979
39947 : 255980 255981
39948 : 255982 255983
39949 : 255984 255985
39950 : 255986 255987
39951 : 255988 255989
39952 : 255990 255991
39953 : 255992 255993
39954 : 255994 255995
39955 : 255996 255997
39956 : 255998 255999
39957 : 256000 256001
39958 : 256002 256003
39959 : 256004 256005
39960 : 256006 256007
39961 : 256008 256009
39962 : 256010 256011
39963 : 256012 256013
39964 : 256014 256015
39965 : 256016 256017
39966 : 256018 256019
39967 : 256020 256021
39968 : 256022 256023
39969 : 256024 256025
39970 : 256026 256027
39971 : 256028 256029
