96823 : 619407 619408
96824 : 619409 619410
96825 : 619411 619412
96826 : 619413 619414
96827 : 619415 619416
96828 : 619417 619418
96829 : 619419 619420
96830 : 619421 619422
96831 : 619423 619424
96832 : 619425 619426
96833 : 619427 619428
96834 : 619429 619430
96835 : 619431 619432
96836 : 619433 619434
96837 : 619435 619436
96838 : 619437 619438
96839 : 619439 619440
96840 : 619441 619442
96841 : 619443 619444
96842 : 619445 619446
96843 : 619447 619448
96844 : 619449 619450
96845 : 619451 619452
96846 : 619453 619454
96847 : 619455 619456
96848 : 619457 619458
96849 : 619459 619460
96850 : 619461 619462
96851 : 619463 619464
96852 : 619465 619466
96853 : 619467 619468
96854 : 619469 619470
96855 : 619471 619472
96856 : 619473 619474
