71837 : 442642 442643
71838 : 442644 442645
71839 : 442646 442647
71840 : 442648 442649
71841 : 442650 442651
71842 : 442652 442653
71843 : 442654 442655
71844 : 442656 442657
71845 : 442658 442659
71846 : 442660 442661
71847 : 442662 442663
71848 : 442664 442665
71849 : 442666 442667
71850 : 442668 442669
71851 : 442670 442671
71852 : 442672 442673
71853 : 442674 442675
71854 : 442676 442677
71855 : 442678 442679
71856 : 442680 442681
71857 : 442682 442683
71858 : 442684 442685
71859 : 442686 442687
71860 : 442688 442689
71861 : 442690 442691
71862 : 442692 442693
71863 : 442694 442695
71864 : 442696 442697
71865 : 442698 442699
71866 : 442700 442701
71867 : 442702 442703
71868 : 442704 442705
71869 : 442706 442707
71870 : 442708 442709
71871 : 442710 442711
71872 : 442712 442713
71873 : 442714 442715
71874 : 442716 442717
71875 : 442718 442719
71876 : 442720 442721
71877 : 442722 442723
71878 : 442724 442725
71879 : 442726 442727
71880 : 442728 442729
71881 : 442730 442731
71882 : 442732 442733
71883 : 442734 442735
71884 : 442736 442737
