21007 : 153882 153883
21008 : 153884 153885
21009 : 153886 153887
21010 : 153888 153889
21011 : 153890 153891
21012 : 153892 153893
21013 : 153894 153895
21014 : 153896 153897
21015 : 153898 153899
21016 : 153900 153901
21017 : 153902 153903
21018 : 153904 153905
21019 : 153906 153907
21020 : 153908 153909
21021 : 153910 153911
21022 : 153912 153913
21023 : 153914 153915
21024 : 153916 153917
21025 : 153918 153919
21026 : 153920 153921
21027 : 153922 153923
21028 : 153924 153925
21029 : 153926 153927
21030 : 153928 153929
21031 : 153930 153931
21032 : 153932 153933
21033 : 153934 153935
21034 : 153936 153937
21035 : 153938 153939
21036 : 153940 153941
21037 : 153942 153943
21038 : 153944 153945
21039 : 153946 153947
21040 : 153948 153949
21041 : 153950 153951
