27769 : 236525 236526
27770 : 236527 236528
27771 : 236529 236530
27772 : 236531 236532
27773 : 236533 236534
27774 : 236535 236536
27775 : 236537 236538
27776 : 236539 236540
27777 : 236541 236542
27778 : 236543 236544
27779 : 236545 236546
27780 : 236547 236548
27781 : 236549 236550
27782 : 236551 236552
27783 : 236553 236554
27784 : 236555 236556
27785 : 236557 236558
27786 : 236559 236560
27787 : 236561 236562
27788 : 236563 236564
27789 : 236565 236566
27790 : 236567 236568
27791 : 236569 236570
27792 : 236571 236572
27793 : 236573 236574
27794 : 236575 236576
27795 : 236577 236578
