14661 : 190791 190792
14662 : 190793 190794
14663 : 190795 190796
14664 : 190797 190798
14665 : 190799 190800
14666 : 190801 190802
14667 : 190803 190804
14668 : 190805 190806
14669 : 190807 190808
14670 : 190809 190810
14671 : 190811 190812
14672 : 190813 190814
14673 : 190815 190816
14674 : 190817 190818
14675 : 190819 190820
14676 : 190821 190822
14677 : 190823 190824
14678 : 190825 190826
14679 : 190827 190828
14680 : 190829 190830
14681 : 190831 190832
14682 : 190833 190834
14683 : 190835 190836
14684 : 190837 190838
14685 : 190839 190840
14686 : 190841 190842
14687 : 190843 190844
14688 : 190845 190846
14689 : 190847 190848
14690 : 190849 190850
14691 : 190851 190852
14692 : 190853 190854
14693 : 190855 190856
