49341 : 404101 404102
49805 : 404103 404104
49806 : 404105 404106
49807 : 404107 404108
49808 : 404109 404110
49809 : 404111 404112
49810 : 404113 404114
49811 : 404115 404116
49812 : 404117 404118
49813 : 404119 404120
49814 : 404121 404122
49815 : 404123 404124
49816 : 404125 404126
49817 : 404127 404128
49818 : 404129 404130
49819 : 404131 404132
49820 : 404133 404134
49821 : 404135 404136
49822 : 404137 404138
49823 : 404139 404140
49824 : 404141 404142
49825 : 404143 404144
49826 : 404145 404146
49827 : 404147 404148
49828 : 404149 404150
49829 : 404151 404152
49830 : 404153 404154
49831 : 404155 404156
49832 : 404157 404158
49833 : 404159 404160
49834 : 404161 404162
49835 : 404163 404164
49836 : 404165 404166
49837 : 404167 404168
49838 : 404169 404170
49839 : 404171 404172
49840 : 404173 404174
49841 : 404175 404176
49842 : 404177 404178
49843 : 404179 404180
