82270 : 468882 468883
82271 : 468884 468885
82272 : 468886 468887
82273 : 468888 468889
82274 : 468890 468891
82275 : 468892 468893
82276 : 468894 468895
82277 : 468896 468897
82278 : 468898 468899
82279 : 468900 468901
82280 : 468902 468903
82281 : 468904 468905
82282 : 468906 468907
82283 : 468908 468909
82284 : 468910 468911
82285 : 468912 468913
82286 : 468914 468915
82287 : 468916 468917
82288 : 468918 468919
82289 : 468920 468921
82290 : 468922 468923
82291 : 468924 468925
82292 : 468926 468927
82293 : 468928 468929
82294 : 468930 468931
82295 : 468932 468933
82296 : 468934 468935
82297 : 468936 468937
82298 : 468938 468939
82299 : 468940 468941
82300 : 468942 468943
82301 : 468944 468945
82302 : 468946 468947
82303 : 468948 468949
82304 : 468950 468951
82305 : 468952 468953
82306 : 468954 468955
82307 : 468956 468957
82308 : 468958 468959
82309 : 468960 468961
82310 : 468962 468963
82311 : 468964 468965
82312 : 468966 468967
82313 : 468968 468969
82314 : 468970 468971
82315 : 468972 468973
82316 : 468974 468975
82317 : 468976 468977
82318 : 468978 468979
82319 : 468980 468981
82320 : 468982 468983
82321 : 468984 468985
82322 : 468986 468987
82323 : 468988 468989
82324 : 468990 468991
82325 : 468992 468993
82326 : 468994 468995
82327 : 468996 468997
82328 : 468998 468999
82329 : 469000 469001
82330 : 469002 469003
82331 : 469004 469005
82332 : 469006 469007
