29460 : 206185 206186
29461 : 206187 206188
29462 : 206189 206190
29463 : 206191 206192
29464 : 206193 206194
29465 : 206195 206196
29466 : 206197 206198
29467 : 206199 206200
29468 : 206201 206202
29469 : 206203 206204
29470 : 206205 206206
29471 : 206207 206208
29472 : 206209 206210
29473 : 206211 206212
29474 : 206213 206214
29475 : 206215 206216
29476 : 206217 206218
29477 : 206219 206220
29478 : 206221 206222
29479 : 206223 206224
29480 : 206225 206226
29481 : 206227 206228
29482 : 206229 206230
29483 : 206231 206232
29484 : 206233 206234
29485 : 206235 206236
29486 : 206237 206238
29487 : 206239 206240
29488 : 206241 206242
29489 : 206243 206244
29490 : 206245 206246
29491 : 206247 206248
29492 : 206249 206250
29493 : 206251 206252
29494 : 206253 206254
29495 : 206255 206256
29496 : 206257 206258
29497 : 206259 206260
29498 : 206261 206262
29499 : 206263 206264
29500 : 206265 206266
29501 : 206267 206268
29502 : 206269 206270
29503 : 206271 206272
29504 : 206273 206274
29505 : 206275 206276
29506 : 206277 206278
29507 : 206279 206280
29508 : 206281 206282
