85387 : 498240 498241
85388 : 498242 498243
85389 : 498244 498245
85390 : 498246 498247
85391 : 498248 498249
85392 : 498250 498251
85393 : 498252 498253
85394 : 498254 498255
85395 : 498256 498257
85396 : 498258 498259
85397 : 498260 498261
85398 : 498262 498263
85399 : 498264 498265
85400 : 498266 498267
85401 : 498268 498269
85402 : 498270 498271
85403 : 498272 498273
85404 : 498274 498275
85405 : 498276 498277
85406 : 498278 498279
85407 : 498280 498281
85408 : 498282 498283
85409 : 498284 498285
85410 : 498286 498287
85411 : 498288 498289
85412 : 498290 498291
85413 : 498292 498293
85414 : 498294 498295
85415 : 498296 498297
85416 : 498298 498299
85417 : 498300 498301
85418 : 498302 498303
85419 : 498304 498305
85420 : 498306 498307
85421 : 498308 498309
85422 : 498310 498311
85423 : 498312 498313
