33160 : 277211 277212
33161 : 277213 277214
33162 : 277215 277216
33163 : 277217 277218
33164 : 277219 277220
33165 : 277221 277222
33166 : 277223 277224
33167 : 277225 277226
33168 : 277227 277228
33169 : 277229 277230
33170 : 277231 277232
33171 : 277233 277234
33172 : 277235 277236
33173 : 277237 277238
33174 : 277239 277240
33175 : 277241 277242
33176 : 277243 277244
33177 : 277245 277246
33178 : 277247 277248
33179 : 277249 277250
33180 : 277251 277252
33181 : 277253 277254
33182 : 277255 277256
33183 : 277257 277258
33184 : 277259 277260
33185 : 277261 277262
33186 : 277263 277264
33187 : 277265 277266
33188 : 277267 277268
33189 : 277269 277270
33190 : 277271 277272
33191 : 277273 277274
33192 : 277275 277276
33193 : 277277 277278
33194 : 277279 277280
33195 : 277281 277282
33196 : 277283 277284
33197 : 277285 277286
33198 : 277287 277288
33199 : 277289 277290
33200 : 277291 277292
33201 : 277293 277294
33202 : 277295 277296
