32714 : 206584 206585
32735 : 206586 206587
32736 : 206588 206589
32737 : 206590 206591
32738 : 206592 206593
32739 : 206594 206595
32740 : 206596 206597
32741 : 206598 206599
32742 : 206600 206601
32743 : 206602 206603
32744 : 206604 206605
32745 : 206606 206607
32746 : 206608 206609
32747 : 206610 206611
32748 : 206612 206613
32749 : 206614 206615
32750 : 206616 206617
32751 : 206618 206619
32752 : 206620 206621
32753 : 206622 206623
32754 : 206624 206625
32755 : 206626 206627
32756 : 206628 206629
32757 : 206630 206631
32758 : 206632 206633
32759 : 206634 206635
32760 : 206636 206637
32761 : 206638 206639
32762 : 206640 206641
32763 : 206642 206643
32764 : 206644 206645
32765 : 206646 206647
32766 : 206648 206649
32767 : 206650 206651
32768 : 206652 206653
32769 : 206654 206655
32770 : 206656 206657
32771 : 206658 206659
32772 : 206660 206661
32773 : 206662 206663
32774 : 206664 206665
32775 : 206666 206667
32776 : 206668 206669
32777 : 206670 206671
32778 : 206672 206673
32779 : 206674 206675
32780 : 206676 206677
32781 : 206678 206679
32782 : 206680 206681
32783 : 206682 206683
32784 : 206684 206685
32785 : 206686 206687
32786 : 206688 206689
32787 : 206690 206691
32788 : 206692 206693
32789 : 206694 206695
32790 : 206696 206697
32791 : 206698 206699
32792 : 206700 206701
32793 : 206702 206703
32794 : 206704 206705
32795 : 206706 206707
32796 : 206708 206709
32797 : 206710 206711
32798 : 206712 206713
32799 : 206714 206715
32800 : 206716 206717
32801 : 206718 206719
32802 : 206720 206721
32803 : 206722 206723
32804 : 206724 206725
32805 : 206726 206727
32806 : 206728 206729
32807 : 206730 206731
32808 : 206732 206733
32809 : 206734 206735
32810 : 206736 206737
32811 : 206738 206739
32812 : 206740 206741
32813 : 206742 206743
32814 : 206744 206745
32815 : 206746 206747
32816 : 206748 206749
32817 : 206750 206751
32818 : 206752 206753
32819 : 206754 206755
32820 : 206756 206757
32821 : 206758 206759
32822 : 206760 206761
32823 : 206762 206763
