9648 : 68971 68972
9649 : 68973 68974
9650 : 68975 68976
9651 : 68977 68978
9652 : 68979 68980
9653 : 68981 68982
9654 : 68983 68984
9655 : 68985 68986
9656 : 68987 68988
9657 : 68989 68990
9658 : 68991 68992
9659 : 68993 68994
9660 : 68995 68996
9661 : 68997 68998
9662 : 68999 69000
9663 : 69001 69002
9664 : 69003 69004
9665 : 69005 69006
9666 : 69007 69008
9667 : 69009 69010
9668 : 69011 69012
9669 : 69013 69014
9670 : 69015 69016
9671 : 69017 69018
9672 : 69019 69020
9673 : 69021 69022
9674 : 69023 69024
9675 : 69025 69026
9676 : 69027 69028
9677 : 69029 69030
9678 : 69031 69032
9679 : 69033 69034
9680 : 69035 69036
9681 : 69037 69038
9682 : 69039 69040
9683 : 69041 69042
