85261 : 496932 496933
85262 : 496934 496935
85263 : 496936 496937
85264 : 496938 496939
85265 : 496940 496941
85266 : 496942 496943
85267 : 496944 496945
85268 : 496946 496947
85269 : 496948 496949
85270 : 496950 496951
85271 : 496952 496953
85272 : 496954 496955
85273 : 496956 496957
85274 : 496958 496959
85275 : 496960 496961
85276 : 496962 496963
85277 : 496964 496965
85278 : 496966 496967
85279 : 496968 496969
85280 : 496970 496971
85281 : 496972 496973
85282 : 496974 496975
85283 : 496976 496977
85284 : 496978 496979
85285 : 496980 496981
85286 : 496982 496983
85287 : 496984 496985
85288 : 496986 496987
85289 : 496988 496989
85290 : 496990 496991
85291 : 496992 496993
85292 : 496994 496995
85293 : 496996 496997
85294 : 496998 496999
85295 : 497000 497001
85296 : 497002 497003
85297 : 497004 497005
85298 : 497006 497007
85299 : 497008 497009
85300 : 497010 497011
85301 : 497012 497013
85302 : 497014 497015
85303 : 497016 497017
85304 : 497018 497019
85305 : 497020 497021
85306 : 497022 497023
85307 : 497024 497025
85308 : 497026 497027
85309 : 497028 497029
85310 : 497030 497031
85311 : 497032 497033
