3152 : 30649 30650
3153 : 30651 30652
3154 : 30653 30654
3155 : 30655 30656
3156 : 30657 30658
3157 : 30659 30660
3158 : 30661 30662
3159 : 30663 30664
3160 : 30665 30666
3161 : 30667 30668
3162 : 30669 30670
3163 : 30671 30672
3164 : 30673 30674
3165 : 30675 30676
3166 : 30677 30678
3167 : 30679 30680
3168 : 30681 30682
3169 : 30683 30684
3170 : 30685 30686
3171 : 30687 30688
3172 : 30689 30690
3173 : 30691 30692
3174 : 30693 30694
3175 : 30695 30696
3176 : 30697 30698
3177 : 30699 30700
3178 : 30701 30702
3179 : 30703 30704
3180 : 30705 30706
3181 : 30707 30708
3182 : 30709 30710
3183 : 30711 30712
3184 : 30713 30714
3185 : 30715 30716
3186 : 30717 30718
3187 : 30719 30720
