53361 : 330644 330645
53771 : 330646 330647
53772 : 330648 330649
53773 : 330650 330651
53774 : 330652 330653
53775 : 330654 330655
53776 : 330656 330657
53777 : 330658 330659
53778 : 330660 330661
53779 : 330662 330663
53780 : 330664 330665
53781 : 330666 330667
53782 : 330668 330669
53783 : 330670 330671
53784 : 330672 330673
53785 : 330674 330675
53786 : 330676 330677
53787 : 330678 330679
53788 : 330680 330681
53789 : 330682 330683
53790 : 330684 330685
53791 : 330686 330687
53792 : 330688 330689
53793 : 330690 330691
53794 : 330692 330693
53795 : 330694 330695
53796 : 330696 330697
53797 : 330698 330699
53798 : 330700 330701
53799 : 330702 330703
53800 : 330704 330705
53801 : 330706 330707
53802 : 330708 330709
53803 : 330710 330711
53804 : 330712 330713
53805 : 330714 330715
53806 : 330716 330717
53807 : 330718 330719
53808 : 330720 330721
53809 : 330722 330723
53810 : 330724 330725
53811 : 330726 330727
53812 : 330728 330729
53813 : 330730 330731
53814 : 330732 330733
53815 : 330734 330735
53816 : 330736 330737
53817 : 330738 330739
53818 : 330740 330741
53819 : 330742 330743
