10762 : 87850 87851
10763 : 87852 87853
10764 : 87854 87855
10765 : 87856 87857
10766 : 87858 87859
10767 : 87860 87861
10768 : 87862 87863
10769 : 87864 87865
10770 : 87866 87867
10771 : 87868 87869
10772 : 87870 87871
10773 : 87872 87873
10774 : 87874 87875
10775 : 87876 87877
10776 : 87878 87879
10777 : 87880 87881
10778 : 87882 87883
10779 : 87884 87885
10780 : 87886 87887
10781 : 87888 87889
10782 : 87890 87891
10783 : 87892 87893
10784 : 87894 87895
10785 : 87896 87897
10786 : 87898 87899
10787 : 87900 87901
10788 : 87902 87903
10789 : 87904 87905
10790 : 87906 87907
10791 : 87908 87909
10792 : 87910 87911
10793 : 87912 87913
10794 : 87914 87915
10795 : 87916 87917
10796 : 87918 87919
10797 : 87920 87921
10798 : 87922 87923
10799 : 87924 87925
10800 : 87926 87927
10801 : 87928 87929
10802 : 87930 87931
10803 : 87932 87933
10804 : 87934 87935
10805 : 87936 87937
10806 : 87938 87939
10807 : 87940 87941
10808 : 87942 87943
10809 : 87944 87945
10810 : 87946 87947
10811 : 87948 87949
10812 : 87950 87951
10813 : 87952 87953
10814 : 87954 87955
10815 : 87956 87957
10816 : 87958 87959
10817 : 87960 87961
10818 : 87962 87963
10819 : 87964 87965
