8344 : 79283 79284
8345 : 79285 79286
8346 : 79287 79288
8347 : 79289 79290
8348 : 79291 79292
8349 : 79293 79294
8350 : 79295 79296
8351 : 79297 79298
8352 : 79299 79300
8353 : 79301 79302
8354 : 79303 79304
8355 : 79305 79306
8356 : 79307 79308
8357 : 79309 79310
8358 : 79311 79312
8359 : 79313 79314
8360 : 79315 79316
8361 : 79317 79318
8362 : 79319 79320
8363 : 79321 79322
8364 : 79323 79324
8365 : 79325 79326
8366 : 79327 79328
8367 : 79329 79330
8368 : 79331 79332
8369 : 79333 79334
8370 : 79335 79336
8371 : 79337 79338
8372 : 79339 79340
8373 : 79341 79342
8374 : 79343 79344
8375 : 79345 79346
8376 : 79347 79348
8377 : 79349 79350
8378 : 79351 79352
8379 : 79353 79354
8380 : 79355 79356
8381 : 79357 79358
8382 : 79359 79360
8383 : 79361 79362
