81445 : 462469 462470
81446 : 462471 462472
81447 : 462473 462474
81448 : 462475 462476
81449 : 462477 462478
81450 : 462479 462480
81451 : 462481 462482
81452 : 462483 462484
81453 : 462485 462486
81454 : 462487 462488
81455 : 462489 462490
81456 : 462491 462492
81457 : 462493 462494
81458 : 462495 462496
81459 : 462497 462498
81460 : 462499 462500
81461 : 462501 462502
81462 : 462503 462504
81463 : 462505 462506
81464 : 462507 462508
81465 : 462509 462510
81466 : 462511 462512
81467 : 462513 462514
81468 : 462515 462516
81469 : 462517 462518
81470 : 462519 462520
81471 : 462521 462522
81472 : 462523 462524
81473 : 462525 462526
81474 : 462527 462528
81475 : 462529 462530
81476 : 462531 462532
81477 : 462533 462534
81478 : 462535 462536
81479 : 462537 462538
81480 : 462539 462540
81481 : 462541 462542
81482 : 462543 462544
81483 : 462545 462546
81484 : 462547 462548
81485 : 462549 462550
81486 : 462551 462552
81487 : 462553 462554
81488 : 462555 462556
81489 : 462557 462558
81490 : 462559 462560
81491 : 462561 462562
81492 : 462563 462564
81493 : 462565 462566
81494 : 462567 462568
81495 : 462569 462570
81496 : 462571 462572
81497 : 462573 462574
81498 : 462575 462576
81499 : 462577 462578
81500 : 462579 462580
81501 : 462581 462582
81502 : 462583 462584
81503 : 462585 462586
81504 : 462587 462588
81505 : 462589 462590
81506 : 462591 462592
81507 : 462593 462594
81508 : 462595 462596
81509 : 462597 462598
81510 : 462599 462600
