9710 : 78482 78483
9711 : 78484 78485
9712 : 78486 78487
9713 : 78488 78489
9714 : 78490 78491
9715 : 78492 78493
9716 : 78494 78495
9717 : 78496 78497
9718 : 78498 78499
9719 : 78500 78501
9720 : 78502 78503
9721 : 78504 78505
9722 : 78506 78507
9723 : 78508 78509
9724 : 78510 78511
9725 : 78512 78513
9726 : 78514 78515
9727 : 78516 78517
9728 : 78518 78519
9729 : 78520 78521
9730 : 78522 78523
9731 : 78524 78525
9732 : 78526 78527
9733 : 78528 78529
9734 : 78530 78531
9735 : 78532 78533
9736 : 78534 78535
9737 : 78536 78537
9738 : 78538 78539
9739 : 78540 78541
9740 : 78542 78543
9741 : 78544 78545
9742 : 78546 78547
9743 : 78548 78549
9744 : 78550 78551
9745 : 78552 78553
9746 : 78554 78555
9747 : 78556 78557
9748 : 78558 78559
9749 : 78560 78561
9750 : 78562 78563
9751 : 78564 78565
9752 : 78566 78567
9753 : 78568 78569
9754 : 78570 78571
9755 : 78572 78573
9756 : 78574 78575
9757 : 78576 78577
9758 : 78578 78579
9759 : 78580 78581
9760 : 78582 78583
9761 : 78584 78585
9762 : 78586 78587
9763 : 78588 78589
