42304 : 269168 269169
42305 : 269170 269171
42306 : 269172 269173
42307 : 269174 269175
42308 : 269176 269177
42309 : 269178 269179
42310 : 269180 269181
42311 : 269182 269183
42312 : 269184 269185
42313 : 269186 269187
42314 : 269188 269189
42315 : 269190 269191
42316 : 269192 269193
42317 : 269194 269195
42318 : 269196 269197
42319 : 269198 269199
42320 : 269200 269201
42321 : 269202 269203
42322 : 269204 269205
42323 : 269206 269207
42324 : 269208 269209
42325 : 269210 269211
42326 : 269212 269213
42327 : 269214 269215
42328 : 269216 269217
42329 : 269218 269219
42330 : 269220 269221
42331 : 269222 269223
42332 : 269224 269225
42333 : 269226 269227
42334 : 269228 269229
42335 : 269230 269231
42336 : 269232 269233
42337 : 269234 269235
42338 : 269236 269237
42339 : 269238 269239
42340 : 269240 269241
42341 : 269242 269243
42342 : 269244 269245
42343 : 269246 269247
42344 : 269248 269249
42345 : 269250 269251
42346 : 269252 269253
42347 : 269254 269255
42348 : 269256 269257
