62989 : 384263 384264
62990 : 384265 384266
62991 : 384267 384268
62992 : 384269 384270
62993 : 384271 384272
62994 : 384273 384274
62995 : 384275 384276
62996 : 384277 384278
62997 : 384279 384280
62998 : 384281 384282
62999 : 384283 384284
63000 : 384285 384286
63001 : 384287 384288
63002 : 384289 384290
63003 : 384291 384292
63004 : 384293 384294
63005 : 384295 384296
63006 : 384297 384298
63007 : 384299 384300
63008 : 384301 384302
63009 : 384303 384304
63010 : 384305 384306
63011 : 384307 384308
63012 : 384309 384310
63013 : 384311 384312
63014 : 384313 384314
63015 : 384315 384316
63016 : 384317 384318
