68281 : 418410 418411
68282 : 418412 418413
68283 : 418414 418415
68284 : 418416 418417
68285 : 418418 418419
68286 : 418420 418421
68287 : 418422 418423
68288 : 418424 418425
68289 : 418426 418427
68290 : 418428 418429
68291 : 418430 418431
68292 : 418432 418433
68293 : 418434 418435
68294 : 418436 418437
68295 : 418438 418439
68296 : 418440 418441
68297 : 418442 418443
68298 : 418444 418445
68299 : 418446 418447
68300 : 418448 418449
68301 : 418450 418451
68302 : 418452 418453
68303 : 418454 418455
68304 : 418456 418457
68305 : 418458 418459
68306 : 418460 418461
68307 : 418462 418463
68308 : 418464 418465
68309 : 418466 418467
68310 : 418468 418469
68311 : 418470 418471
68312 : 418472 418473
68313 : 418474 418475
68314 : 418476 418477
68315 : 418478 418479
68316 : 418480 418481
68317 : 418482 418483
68318 : 418484 418485
68319 : 418486 418487
68320 : 418488 418489
68321 : 418490 418491
68322 : 418492 418493
68323 : 418494 418495
68324 : 418496 418497
68325 : 418498 418499
68326 : 418500 418501
68327 : 418502 418503
68328 : 418504 418505
68329 : 418506 418507
68330 : 418508 418509
68331 : 418510 418511
