26454 : 174307 174308
26455 : 174309 174310
26456 : 174311 174312
26457 : 174313 174314
26458 : 174315 174316
26459 : 174317 174318
26460 : 174319 174320
26461 : 174321 174322
26462 : 174323 174324
26463 : 174325 174326
26464 : 174327 174328
26465 : 174329 174330
26466 : 174331 174332
26467 : 174333 174334
26468 : 174335 174336
26469 : 174337 174338
26470 : 174339 174340
26471 : 174341 174342
26472 : 174343 174344
26473 : 174345 174346
26474 : 174347 174348
26475 : 174349 174350
26476 : 174351 174352
26477 : 174353 174354
26478 : 174355 174356
26479 : 174357 174358
26480 : 174359 174360
26481 : 174361 174362
26482 : 174363 174364
26483 : 174365 174366
26484 : 174367 174368
26485 : 174369 174370
26486 : 174371 174372
26487 : 174373 174374
26488 : 174375 174376
26489 : 174377 174378
26490 : 174379 174380
26491 : 174381 174382
26492 : 174383 174384
26493 : 174385 174386
26494 : 174387 174388
26495 : 174389 174390
26496 : 174391 174392
26497 : 174393 174394
26498 : 174395 174396
26499 : 174397 174398
26500 : 174399 174400
26501 : 174401 174402
26502 : 174403 174404
26503 : 174405 174406
26504 : 174407 174408
26505 : 174409 174410
26506 : 174411 174412
26507 : 174413 174414
26508 : 174415 174416
26509 : 174417 174418
26510 : 174419 174420
26511 : 174421 174422
26512 : 174423 174424
26513 : 174425 174426
26514 : 174427 174428
26515 : 174429 174430
26516 : 174431 174432
26517 : 174433 174434
26518 : 174435 174436
26519 : 174437 174438
26520 : 174439 174440
26521 : 174441 174442
26522 : 174443 174444
26523 : 174445 174446
26524 : 174447 174448
26525 : 174449 174450
26526 : 174451 174452
26527 : 174453 174454
26528 : 174455 174456
26529 : 174457 174458
26530 : 174459 174460
26531 : 174461 174462
26532 : 174463 174464
26533 : 174465 174466
26534 : 174467 174468
26535 : 174469 174470
26536 : 174471 174472
26537 : 174473 174474
26538 : 174475 174476
26539 : 174477 174478
26540 : 174479 174480
26541 : 174481 174482
