44729 : 366137 366138
44730 : 366139 366140
44731 : 366141 366142
44732 : 366143 366144
44733 : 366145 366146
44734 : 366147 366148
44735 : 366149 366150
44736 : 366151 366152
44737 : 366153 366154
44738 : 366155 366156
44739 : 366157 366158
44740 : 366159 366160
44741 : 366161 366162
44742 : 366163 366164
44743 : 366165 366166
44744 : 366167 366168
44745 : 366169 366170
44746 : 366171 366172
44747 : 366173 366174
44748 : 366175 366176
44749 : 366177 366178
44750 : 366179 366180
44751 : 366181 366182
44752 : 366183 366184
44753 : 366185 366186
44754 : 366187 366188
44755 : 366189 366190
44756 : 366191 366192
44757 : 366193 366194
44758 : 366195 366196
44759 : 366197 366198
44760 : 366199 366200
44761 : 366201 366202
44762 : 366203 366204
44763 : 366205 366206
44764 : 366207 366208
44765 : 366209 366210
