35978 : 297892 297893
35979 : 297894 297895
35980 : 297896 297897
35981 : 297898 297899
35982 : 297900 297901
35983 : 297902 297903
35984 : 297904 297905
35985 : 297906 297907
35986 : 297908 297909
35987 : 297910 297911
35988 : 297912 297913
35989 : 297914 297915
35990 : 297916 297917
35991 : 297918 297919
35992 : 297920 297921
35993 : 297922 297923
35994 : 297924 297925
35995 : 297926 297927
35996 : 297928 297929
35997 : 297930 297931
35998 : 297932 297933
35999 : 297934 297935
36000 : 297936 297937
36001 : 297938 297939
36002 : 297940 297941
36003 : 297942 297943
36004 : 297944 297945
36005 : 297946 297947
