46337 : 375908 375909
46338 : 375910 375911
46339 : 375912 375913
46340 : 375914 375915
46341 : 375916 375917
46342 : 375918 375919
46343 : 375920 375921
46344 : 375922 375923
46345 : 375924 375925
46346 : 375926 375927
46347 : 375928 375929
46348 : 375930 375931
46349 : 375932 375933
46350 : 375934 375935
46351 : 375936 375937
46352 : 375938 375939
46353 : 375940 375941
46354 : 375942 375943
46355 : 375944 375945
46356 : 375946 375947
46357 : 375948 375949
46358 : 375950 375951
46359 : 375952 375953
46360 : 375954 375955
46361 : 375956 375957
46362 : 375958 375959
46363 : 375960 375961
46364 : 375962 375963
46365 : 375964 375965
46366 : 375966 375967
46367 : 375968 375969
46368 : 375970 375971
46369 : 375972 375973
46370 : 375974 375975
46371 : 375976 375977
46372 : 375978 375979
