90782 : 545968 545969
90783 : 545970 545971
90784 : 545972 545973
90785 : 545974 545975
90786 : 545976 545977
90787 : 545978 545979
90788 : 545980 545981
90789 : 545982 545983
90790 : 545984 545985
90791 : 545986 545987
90792 : 545988 545989
90793 : 545990 545991
90794 : 545992 545993
90795 : 545994 545995
90796 : 545996 545997
90797 : 545998 545999
90798 : 546000 546001
90799 : 546002 546003
90800 : 546004 546005
90801 : 546006 546007
90802 : 546008 546009
90803 : 546010 546011
90804 : 546012 546013
90805 : 546014 546015
90806 : 546016 546017
90807 : 546018 546019
90808 : 546020 546021
90809 : 546022 546023
90810 : 546024 546025
90811 : 546026 546027
90812 : 546028 546029
90813 : 546030 546031
90814 : 546032 546033
90815 : 546034 546035
90816 : 546036 546037
90817 : 546038 546039
90818 : 546040 546041
90819 : 546042 546043
90820 : 546044 546045
90821 : 546046 546047
90822 : 546048 546049
90823 : 546050 546051
90824 : 546052 546053
90825 : 546054 546055
