48493 : 393950 393951
48494 : 393952 393953
48495 : 393954 393955
48496 : 393956 393957
48497 : 393958 393959
48498 : 393960 393961
48499 : 393962 393963
48500 : 393964 393965
48501 : 393966 393967
48502 : 393968 393969
48503 : 393970 393971
48504 : 393972 393973
48505 : 393974 393975
48506 : 393976 393977
48507 : 393978 393979
48508 : 393980 393981
48509 : 393982 393983
48510 : 393984 393985
48511 : 393986 393987
48512 : 393988 393989
48513 : 393990 393991
48514 : 393992 393993
48515 : 393994 393995
48516 : 393996 393997
48517 : 393998 393999
48518 : 394000 394001
48519 : 394002 394003
48520 : 394004 394005
48521 : 394006 394007
48522 : 394008 394009
48523 : 394010 394011
48524 : 394012 394013
48525 : 394014 394015
48526 : 394016 394017
48527 : 394018 394019
48528 : 394020 394021
48529 : 394022 394023
48530 : 394024 394025
