50920 : 417425 417426
50921 : 417427 417428
50922 : 417429 417430
50923 : 417431 417432
50924 : 417433 417434
50925 : 417435 417436
50926 : 417437 417438
50927 : 417439 417440
50928 : 417441 417442
50929 : 417443 417444
50930 : 417445 417446
50931 : 417447 417448
50932 : 417449 417450
50933 : 417451 417452
50934 : 417453 417454
50935 : 417455 417456
50936 : 417457 417458
50937 : 417459 417460
50938 : 417461 417462
50939 : 417463 417464
50940 : 417465 417466
50941 : 417467 417468
50942 : 417469 417470
50943 : 417471 417472
50944 : 417473 417474
50945 : 417475 417476
50946 : 417477 417478
50947 : 417479 417480
50948 : 417481 417482
50949 : 417483 417484
50950 : 417485 417486
50951 : 417487 417488
50952 : 417489 417490
50953 : 417491 417492
50954 : 417493 417494
50955 : 417495 417496
50956 : 417497 417498
50957 : 417499 417500
50958 : 417501 417502
50959 : 417503 417504
50960 : 417505 417506
50961 : 417507 417508
50962 : 417509 417510
