61503 : 345259 345260
61504 : 345261 345262
61505 : 345263 345264
61506 : 345265 345266
61507 : 345267 345268
61508 : 345269 345270
61509 : 345271 345272
61510 : 345273 345274
61511 : 345275 345276
61512 : 345277 345278
61513 : 345279 345280
61514 : 345281 345282
61515 : 345283 345284
61516 : 345285 345286
61517 : 345287 345288
61518 : 345289 345290
61519 : 345291 345292
61520 : 345293 345294
61521 : 345295 345296
61522 : 345297 345298
61523 : 345299 345300
61524 : 345301 345302
61525 : 345303 345304
61526 : 345305 345306
61527 : 345307 345308
61528 : 345309 345310
61529 : 345311 345312
61530 : 345313 345314
61531 : 345315 345316
61532 : 345317 345318
61533 : 345319 345320
61534 : 345321 345322
61535 : 345323 345324
61536 : 345325 345326
61537 : 345327 345328
61538 : 345329 345330
61539 : 345331 345332
61540 : 345333 345334
61541 : 345335 345336
61542 : 345337 345338
61543 : 345339 345340
61544 : 345341 345342
61545 : 345343 345344
61546 : 345345 345346
61547 : 345347 345348
61548 : 345349 345350
61549 : 345351 345352
61550 : 345353 345354
61551 : 345355 345356
61552 : 345357 345358
61553 : 345359 345360
61554 : 345361 345362
61555 : 345363 345364
61556 : 345365 345366
61557 : 345367 345368
61558 : 345369 345370
61559 : 345371 345372
61560 : 345373 345374
61561 : 345375 345376
61562 : 345377 345378
61563 : 345379 345380
61564 : 345381 345382
61565 : 345383 345384
61566 : 345385 345386
61567 : 345387 345388
61568 : 345389 345390
61569 : 345391 345392
61570 : 345393 345394
61571 : 345395 345396
61572 : 345397 345398
61573 : 345399 345400
61574 : 345401 345402
61575 : 345403 345404
61576 : 345405 345406
61577 : 345407 345408
61578 : 345409 345410
61579 : 345411 345412
61580 : 345413 345414
61581 : 345415 345416
61582 : 345417 345418
61583 : 345419 345420
61584 : 345421 345422
61585 : 345423 345424
61586 : 345425 345426
61587 : 345427 345428
61588 : 345429 345430
61589 : 345431 345432
