10474 : 75738 75739
10475 : 75740 75741
10476 : 75742 75743
10477 : 75744 75745
10478 : 75746 75747
10479 : 75748 75749
10480 : 75750 75751
10481 : 75752 75753
10482 : 75754 75755
10483 : 75756 75757
10484 : 75758 75759
10485 : 75760 75761
10486 : 75762 75763
10487 : 75764 75765
10488 : 75766 75767
10489 : 75768 75769
10490 : 75770 75771
10491 : 75772 75773
10492 : 75774 75775
10493 : 75776 75777
10494 : 75778 75779
10495 : 75780 75781
10496 : 75782 75783
10497 : 75784 75785
10498 : 75786 75787
10499 : 75788 75789
10500 : 75790 75791
10501 : 75792 75793
10502 : 75794 75795
10503 : 75796 75797
10504 : 75798 75799
10505 : 75800 75801
10506 : 75802 75803
10507 : 75804 75805
10508 : 75806 75807
10509 : 75808 75809
10510 : 75810 75811
10511 : 75812 75813
