51517 : 419106 419107
51518 : 419108 419109
51519 : 419110 419111
51520 : 419112 419113
51521 : 419114 419115
51522 : 419116 419117
51523 : 419118 419119
51524 : 419120 419121
51525 : 419122 419123
51526 : 419124 419125
51527 : 419126 419127
51528 : 419128 419129
51529 : 419130 419131
51530 : 419132 419133
51531 : 419134 419135
51532 : 419136 419137
51533 : 419138 419139
51534 : 419140 419141
51535 : 419142 419143
51536 : 419144 419145
51537 : 419146 419147
51538 : 419148 419149
51539 : 419150 419151
51540 : 419152 419153
51541 : 419154 419155
51542 : 419156 419157
51543 : 419158 419159
51544 : 419160 419161
