66371 : 405343 405344
66563 : 405345 405346
66564 : 405347 405348
66565 : 405349 405350
66566 : 405351 405352
66567 : 405353 405354
66568 : 405355 405356
66569 : 405357 405358
66570 : 405359 405360
66571 : 405361 405362
66572 : 405363 405364
66573 : 405365 405366
66574 : 405367 405368
66575 : 405369 405370
66576 : 405371 405372
66577 : 405373 405374
66578 : 405375 405376
66579 : 405377 405378
66580 : 405379 405380
66581 : 405381 405382
66582 : 405383 405384
66583 : 405385 405386
66584 : 405387 405388
66585 : 405389 405390
66586 : 405391 405392
66587 : 405393 405394
66588 : 405395 405396
66589 : 405397 405398
66590 : 405399 405400
66591 : 405401 405402
66592 : 405403 405404
66593 : 405405 405406
