48258 : 299414 299415
48485 : 299416 299417
48486 : 299418 299419
48487 : 299420 299421
48488 : 299422 299423
48489 : 299424 299425
48490 : 299426 299427
48491 : 299428 299429
48492 : 299430 299431
48493 : 299432 299433
48494 : 299434 299435
48495 : 299436 299437
48496 : 299438 299439
48497 : 299440 299441
48498 : 299442 299443
48499 : 299444 299445
48500 : 299446 299447
48501 : 299448 299449
48502 : 299450 299451
48503 : 299452 299453
48504 : 299454 299455
48505 : 299456 299457
48506 : 299458 299459
48507 : 299460 299461
48508 : 299462 299463
48509 : 299464 299465
48510 : 299466 299467
48511 : 299468 299469
48512 : 299470 299471
48513 : 299472 299473
48514 : 299474 299475
48515 : 299476 299477
48516 : 299478 299479
48517 : 299480 299481
48518 : 299482 299483
48519 : 299484 299485
48520 : 299486 299487
48521 : 299488 299489
