57344 : 463326 463327
57345 : 463328 463329
57346 : 463330 463331
57347 : 463332 463333
57348 : 463334 463335
57349 : 463336 463337
57350 : 463338 463339
57351 : 463340 463341
57352 : 463342 463343
57353 : 463344 463345
57354 : 463346 463347
57355 : 463348 463349
57356 : 463350 463351
57357 : 463352 463353
57358 : 463354 463355
57359 : 463356 463357
57360 : 463358 463359
57361 : 463360 463361
57362 : 463362 463363
57363 : 463364 463365
57364 : 463366 463367
57365 : 463368 463369
57366 : 463370 463371
57367 : 463372 463373
57368 : 463374 463375
57369 : 463376 463377
57370 : 463378 463379
57371 : 463380 463381
57372 : 463382 463383
57373 : 463384 463385
57374 : 463386 463387
57375 : 463388 463389
57376 : 463390 463391
57377 : 463392 463393
57378 : 463394 463395
57379 : 463396 463397
57380 : 463398 463399
57381 : 463400 463401
57382 : 463402 463403
57383 : 463404 463405
57384 : 463406 463407
57385 : 463408 463409
57386 : 463410 463411
57387 : 463412 463413
57388 : 463414 463415
57389 : 463416 463417
57390 : 463418 463419
57391 : 463420 463421
57392 : 463422 463423
57393 : 463424 463425
57394 : 463426 463427
57395 : 463428 463429
57396 : 463430 463431
