76444 : 427126 427127
76445 : 427128 427129
76446 : 427130 427131
76447 : 427132 427133
76448 : 427134 427135
76449 : 427136 427137
76450 : 427138 427139
76451 : 427140 427141
76452 : 427142 427143
76453 : 427144 427145
76454 : 427146 427147
76455 : 427148 427149
76456 : 427150 427151
76457 : 427152 427153
76458 : 427154 427155
76459 : 427156 427157
76460 : 427158 427159
76461 : 427160 427161
76462 : 427162 427163
76463 : 427164 427165
76464 : 427166 427167
76465 : 427168 427169
76466 : 427170 427171
76467 : 427172 427173
76468 : 427174 427175
76469 : 427176 427177
76470 : 427178 427179
76471 : 427180 427181
76472 : 427182 427183
76473 : 427184 427185
76474 : 427186 427187
76475 : 427188 427189
76476 : 427190 427191
76477 : 427192 427193
76478 : 427194 427195
76479 : 427196 427197
76480 : 427198 427199
76481 : 427200 427201
76482 : 427202 427203
76483 : 427204 427205
76484 : 427206 427207
76485 : 427208 427209
76486 : 427210 427211
76487 : 427212 427213
76488 : 427214 427215
76489 : 427216 427217
76490 : 427218 427219
76491 : 427220 427221
76492 : 427222 427223
76493 : 427224 427225
76494 : 427226 427227
76495 : 427228 427229
76496 : 427230 427231
76497 : 427232 427233
76498 : 427234 427235
76499 : 427236 427237
76500 : 427238 427239
