10036 : 73963 73964
10037 : 73965 73966
10038 : 73967 73968
10039 : 73969 73970
10040 : 73971 73972
10041 : 73973 73974
10042 : 73975 73976
10043 : 73977 73978
10044 : 73979 73980
10045 : 73981 73982
10046 : 73983 73984
10047 : 73985 73986
10048 : 73987 73988
10049 : 73989 73990
10050 : 73991 73992
10051 : 73993 73994
10052 : 73995 73996
10053 : 73997 73998
10054 : 73999 74000
10055 : 74001 74002
10056 : 74003 74004
10057 : 74005 74006
10058 : 74007 74008
10059 : 74009 74010
10060 : 74011 74012
10061 : 74013 74014
10062 : 74015 74016
10063 : 74017 74018
10064 : 74019 74020
10065 : 74021 74022
10066 : 74023 74024
10067 : 74025 74026
10068 : 74027 74028
10069 : 74029 74030
10070 : 74031 74032
10071 : 74033 74034
10072 : 74035 74036
10073 : 74037 74038
10074 : 74039 74040
10075 : 74041 74042
10076 : 74043 74044
10077 : 74045 74046
10078 : 74047 74048
10079 : 74049 74050
