7576 : 73071 73072
7577 : 73073 73074
7578 : 73075 73076
7579 : 73077 73078
7580 : 73079 73080
7581 : 73081 73082
7582 : 73083 73084
7583 : 73085 73086
7584 : 73087 73088
7585 : 73089 73090
7586 : 73091 73092
7587 : 73093 73094
7588 : 73095 73096
7589 : 73097 73098
7590 : 73099 73100
7591 : 73101 73102
7592 : 73103 73104
7593 : 73105 73106
7594 : 73107 73108
7595 : 73109 73110
7596 : 73111 73112
7597 : 73113 73114
7598 : 73115 73116
7599 : 73117 73118
7600 : 73119 73120
7601 : 73121 73122
7602 : 73123 73124
7603 : 73125 73126
7604 : 73127 73128
7605 : 73129 73130
7606 : 73131 73132
7607 : 73133 73134
7608 : 73135 73136
7609 : 73137 73138
7610 : 73139 73140
