9088 : 128584 128585
9089 : 128586 128587
9090 : 128588 128589
9091 : 128590 128591
9092 : 128592 128593
9093 : 128594 128595
9094 : 128596 128597
9095 : 128598 128599
9096 : 128600 128601
9097 : 128602 128603
9098 : 128604 128605
9099 : 128606 128607
9100 : 128608 128609
9101 : 128610 128611
9102 : 128612 128613
9103 : 128614 128615
9104 : 128616 128617
9105 : 128618 128619
9106 : 128620 128621
9107 : 128622 128623
9108 : 128624 128625
9109 : 128626 128627
9110 : 128628 128629
9111 : 128630 128631
