4092 : 39898 39899
4093 : 39900 39901
4094 : 39902 39903
4095 : 39904 39905
4096 : 39906 39907
4097 : 39908 39909
4098 : 39910 39911
4099 : 39912 39913
4100 : 39914 39915
4101 : 39916 39917
4102 : 39918 39919
4103 : 39920 39921
4104 : 39922 39923
4105 : 39924 39925
4106 : 39926 39927
4107 : 39928 39929
4108 : 39930 39931
4109 : 39932 39933
4110 : 39934 39935
4111 : 39936 39937
4112 : 39938 39939
4113 : 39940 39941
4114 : 39942 39943
4115 : 39944 39945
4116 : 39946 39947
4117 : 39948 39949
4118 : 39950 39951
4119 : 39952 39953
