48233 : 391749 391750
48234 : 391751 391752
48235 : 391753 391754
48236 : 391755 391756
48237 : 391757 391758
48238 : 391759 391760
48239 : 391761 391762
48240 : 391763 391764
48241 : 391765 391766
48242 : 391767 391768
48243 : 391769 391770
48244 : 391771 391772
48245 : 391773 391774
48246 : 391775 391776
48247 : 391777 391778
48248 : 391779 391780
48249 : 391781 391782
48250 : 391783 391784
48251 : 391785 391786
48252 : 391787 391788
48253 : 391789 391790
48254 : 391791 391792
48255 : 391793 391794
48256 : 391795 391796
48257 : 391797 391798
48258 : 391799 391800
48259 : 391801 391802
48260 : 391803 391804
48261 : 391805 391806
48262 : 391807 391808
48263 : 391809 391810
48264 : 391811 391812
48265 : 391813 391814
48266 : 391815 391816
48267 : 391817 391818
48268 : 391819 391820
48269 : 391821 391822
48270 : 391823 391824
48271 : 391825 391826
48272 : 391827 391828
48273 : 391829 391830
