12250 : 89205 89206
12251 : 89207 89208
12252 : 89209 89210
12253 : 89211 89212
12254 : 89213 89214
12255 : 89215 89216
12256 : 89217 89218
12257 : 89219 89220
12258 : 89221 89222
12259 : 89223 89224
12260 : 89225 89226
12261 : 89227 89228
12262 : 89229 89230
12263 : 89231 89232
12264 : 89233 89234
12265 : 89235 89236
12266 : 89237 89238
12267 : 89239 89240
12268 : 89241 89242
12269 : 89243 89244
12270 : 89245 89246
12271 : 89247 89248
12272 : 89249 89250
12273 : 89251 89252
12274 : 89253 89254
12275 : 89255 89256
12276 : 89257 89258
12277 : 89259 89260
