10173 : 82385 82386
10174 : 82387 82388
10175 : 82389 82390
10176 : 82391 82392
10177 : 82393 82394
10178 : 82395 82396
10179 : 82397 82398
10180 : 82399 82400
10181 : 82401 82402
10182 : 82403 82404
10183 : 82405 82406
10184 : 82407 82408
10185 : 82409 82410
10186 : 82411 82412
10187 : 82413 82414
10188 : 82415 82416
10189 : 82417 82418
10190 : 82419 82420
10191 : 82421 82422
10192 : 82423 82424
10193 : 82425 82426
10194 : 82427 82428
10195 : 82429 82430
10196 : 82431 82432
10197 : 82433 82434
10198 : 82435 82436
10199 : 82437 82438
10200 : 82439 82440
10201 : 82441 82442
10202 : 82443 82444
10203 : 82445 82446
10204 : 82447 82448
10205 : 82449 82450
10206 : 82451 82452
10207 : 82453 82454
10208 : 82455 82456
10209 : 82457 82458
