40610 : 243862 243863
40781 : 243864 243865
40782 : 243866 243867
40783 : 243868 243869
40784 : 243870 243871
40785 : 243872 243873
40786 : 243874 243875
40787 : 243876 243877
40788 : 243878 243879
40789 : 243880 243881
40790 : 243882 243883
40791 : 243884 243885
40792 : 243886 243887
40793 : 243888 243889
40794 : 243890 243891
40795 : 243892 243893
40796 : 243894 243895
40797 : 243896 243897
40798 : 243898 243899
40799 : 243900 243901
40800 : 243902 243903
40801 : 243904 243905
40802 : 243906 243907
40803 : 243908 243909
40804 : 243910 243911
40805 : 243912 243913
40806 : 243914 243915
40807 : 243916 243917
40808 : 243918 243919
40809 : 243920 243921
40810 : 243922 243923
40811 : 243924 243925
40812 : 243926 243927
40813 : 243928 243929
40814 : 243930 243931
40815 : 243932 243933
40816 : 243934 243935
40817 : 243936 243937
40818 : 243938 243939
40819 : 243940 243941
40820 : 243942 243943
40821 : 243944 243945
40822 : 243946 243947
40823 : 243948 243949
40824 : 243950 243951
40825 : 243952 243953
40826 : 243954 243955
40827 : 243956 243957
40828 : 243958 243959
40829 : 243960 243961
40830 : 243962 243963
40831 : 243964 243965
40832 : 243966 243967
40833 : 243968 243969
40834 : 243970 243971
40835 : 243972 243973
40836 : 243974 243975
40837 : 243976 243977
40838 : 243978 243979
40839 : 243980 243981
40840 : 243982 243983
40841 : 243984 243985
40842 : 243986 243987
40843 : 243988 243989
40844 : 243990 243991
40845 : 243992 243993
40846 : 243994 243995
40847 : 243996 243997
40848 : 243998 243999
40849 : 244000 244001
40850 : 244002 244003
40851 : 244004 244005
40852 : 244006 244007
40853 : 244008 244009
40854 : 244010 244011
40855 : 244012 244013
40856 : 244014 244015
40857 : 244016 244017
