34662 : 231570 231571
34998 : 231572 231573
34999 : 231574 231575
35000 : 231576 231577
35001 : 231578 231579
35002 : 231580 231581
35003 : 231582 231583
35004 : 231584 231585
35005 : 231586 231587
35006 : 231588 231589
35007 : 231590 231591
35008 : 231592 231593
35009 : 231594 231595
35010 : 231596 231597
35011 : 231598 231599
35012 : 231600 231601
35013 : 231602 231603
35014 : 231604 231605
35015 : 231606 231607
35016 : 231608 231609
35017 : 231610 231611
35018 : 231612 231613
35019 : 231614 231615
35020 : 231616 231617
35021 : 231618 231619
35022 : 231620 231621
35023 : 231622 231623
35024 : 231624 231625
35025 : 231626 231627
35026 : 231628 231629
35027 : 231630 231631
35028 : 231632 231633
35029 : 231634 231635
35030 : 231636 231637
35031 : 231638 231639
35032 : 231640 231641
35033 : 231642 231643
35034 : 231644 231645
35035 : 231646 231647
35036 : 231648 231649
35037 : 231650 231651
35038 : 231652 231653
35039 : 231654 231655
35040 : 231656 231657
35041 : 231658 231659
35042 : 231660 231661
35043 : 231662 231663
35044 : 231664 231665
35045 : 231666 231667
35046 : 231668 231669
35047 : 231670 231671
35048 : 231672 231673
35049 : 231674 231675
35050 : 231676 231677
35051 : 231678 231679
35052 : 231680 231681
35053 : 231682 231683
35054 : 231684 231685
35055 : 231686 231687
35056 : 231688 231689
35057 : 231690 231691
35058 : 231692 231693
35059 : 231694 231695
35060 : 231696 231697
35061 : 231698 231699
35062 : 231700 231701
35063 : 231702 231703
