26061 : 222325 222326
26062 : 222327 222328
26063 : 222329 222330
26064 : 222331 222332
26065 : 222333 222334
26066 : 222335 222336
26067 : 222337 222338
26068 : 222339 222340
26069 : 222341 222342
26070 : 222343 222344
26071 : 222345 222346
26072 : 222347 222348
26073 : 222349 222350
26074 : 222351 222352
26075 : 222353 222354
26076 : 222355 222356
26077 : 222357 222358
26078 : 222359 222360
26079 : 222361 222362
26080 : 222363 222364
26081 : 222365 222366
26082 : 222367 222368
26083 : 222369 222370
26084 : 222371 222372
26085 : 222373 222374
26086 : 222375 222376
26087 : 222377 222378
26088 : 222379 222380
