93993 : 584273 584274
93994 : 584275 584276
93995 : 584277 584278
93996 : 584279 584280
93997 : 584281 584282
93998 : 584283 584284
93999 : 584285 584286
94000 : 584287 584288
94001 : 584289 584290
94002 : 584291 584292
94003 : 584293 584294
94004 : 584295 584296
94005 : 584297 584298
94006 : 584299 584300
94007 : 584301 584302
94008 : 584303 584304
94009 : 584305 584306
94010 : 584307 584308
94011 : 584309 584310
94012 : 584311 584312
94013 : 584313 584314
94014 : 584315 584316
94015 : 584317 584318
94016 : 584319 584320
94017 : 584321 584322
94018 : 584323 584324
94019 : 584325 584326
94020 : 584327 584328
94021 : 584329 584330
94022 : 584331 584332
94023 : 584333 584334
94024 : 584335 584336
