48090 : 390643 390644
48091 : 390645 390646
48092 : 390647 390648
48093 : 390649 390650
48094 : 390651 390652
48095 : 390653 390654
48096 : 390655 390656
48097 : 390657 390658
48098 : 390659 390660
48099 : 390661 390662
48100 : 390663 390664
48101 : 390665 390666
48102 : 390667 390668
48103 : 390669 390670
48104 : 390671 390672
48105 : 390673 390674
48106 : 390675 390676
48107 : 390677 390678
48108 : 390679 390680
48109 : 390681 390682
48110 : 390683 390684
48111 : 390685 390686
48112 : 390687 390688
48113 : 390689 390690
48114 : 390691 390692
48115 : 390693 390694
48116 : 390695 390696
48117 : 390697 390698
48118 : 390699 390700
48119 : 390701 390702
48120 : 390703 390704
48121 : 390705 390706
48122 : 390707 390708
48123 : 390709 390710
48124 : 390711 390712
48125 : 390713 390714
48126 : 390715 390716
48127 : 390717 390718
48128 : 390719 390720
48129 : 390721 390722
48130 : 390723 390724
48131 : 390725 390726
48132 : 390727 390728
48133 : 390729 390730
48134 : 390731 390732
48135 : 390733 390734
