30078 : 255461 255462
30079 : 255463 255464
30080 : 255465 255466
30081 : 255467 255468
30082 : 255469 255470
30083 : 255471 255472
30084 : 255473 255474
30085 : 255475 255476
30086 : 255477 255478
30087 : 255479 255480
30088 : 255481 255482
30089 : 255483 255484
30090 : 255485 255486
30091 : 255487 255488
30092 : 255489 255490
30093 : 255491 255492
30094 : 255493 255494
30095 : 255495 255496
30096 : 255497 255498
30097 : 255499 255500
30098 : 255501 255502
30099 : 255503 255504
30100 : 255505 255506
30101 : 255507 255508
30102 : 255509 255510
30103 : 255511 255512
30104 : 255513 255514
30105 : 255515 255516
30106 : 255517 255518
30107 : 255519 255520
30108 : 255521 255522
30109 : 255523 255524
30110 : 255525 255526
30111 : 255527 255528
30112 : 255529 255530
30113 : 255531 255532
30114 : 255533 255534
30115 : 255535 255536
