17401 : 155477 155478
17402 : 155479 155480
17403 : 155481 155482
17404 : 155483 155484
17405 : 155485 155486
17406 : 155487 155488
17407 : 155489 155490
17408 : 155491 155492
17409 : 155493 155494
17410 : 155495 155496
17411 : 155497 155498
17412 : 155499 155500
17413 : 155501 155502
17414 : 155503 155504
17415 : 155505 155506
17416 : 155507 155508
17417 : 155509 155510
17418 : 155511 155512
17419 : 155513 155514
17420 : 155515 155516
17421 : 155517 155518
17422 : 155519 155520
17423 : 155521 155522
17424 : 155523 155524
17425 : 155525 155526
17426 : 155527 155528
17427 : 155529 155530
17428 : 155531 155532
17429 : 155533 155534
17430 : 155535 155536
17431 : 155537 155538
17432 : 155539 155540
17433 : 155541 155542
