23176 : 168919 168920
23177 : 168921 168922
23178 : 168923 168924
23179 : 168925 168926
23180 : 168927 168928
23181 : 168929 168930
23182 : 168931 168932
23183 : 168933 168934
23184 : 168935 168936
23185 : 168937 168938
23186 : 168939 168940
23187 : 168941 168942
23188 : 168943 168944
23189 : 168945 168946
23190 : 168947 168948
23191 : 168949 168950
23192 : 168951 168952
23193 : 168953 168954
23194 : 168955 168956
23195 : 168957 168958
23196 : 168959 168960
23197 : 168961 168962
23198 : 168963 168964
23199 : 168965 168966
23200 : 168967 168968
23201 : 168969 168970
23202 : 168971 168972
23203 : 168973 168974
23204 : 168975 168976
23205 : 168977 168978
23206 : 168979 168980
23207 : 168981 168982
23208 : 168983 168984
23209 : 168985 168986
23210 : 168987 168988
23211 : 168989 168990
23212 : 168991 168992
23213 : 168993 168994
