15921 : 115543 115544
15922 : 115545 115546
15923 : 115547 115548
15924 : 115549 115550
15925 : 115551 115552
15926 : 115553 115554
15927 : 115555 115556
15928 : 115557 115558
15929 : 115559 115560
15930 : 115561 115562
15931 : 115563 115564
15932 : 115565 115566
15933 : 115567 115568
15934 : 115569 115570
15935 : 115571 115572
15936 : 115573 115574
15937 : 115575 115576
15938 : 115577 115578
15939 : 115579 115580
15940 : 115581 115582
15941 : 115583 115584
15942 : 115585 115586
15943 : 115587 115588
15944 : 115589 115590
15945 : 115591 115592
15946 : 115593 115594
15947 : 115595 115596
15948 : 115597 115598
15949 : 115599 115600
15950 : 115601 115602
15951 : 115603 115604
15952 : 115605 115606
15953 : 115607 115608
15954 : 115609 115610
15955 : 115611 115612
15956 : 115613 115614
