60423 : 339839 339840
60424 : 339841 339842
60425 : 339843 339844
60426 : 339845 339846
60427 : 339847 339848
60428 : 339849 339850
60429 : 339851 339852
60430 : 339853 339854
60431 : 339855 339856
60432 : 339857 339858
60433 : 339859 339860
60434 : 339861 339862
60435 : 339863 339864
60436 : 339865 339866
60437 : 339867 339868
60438 : 339869 339870
60439 : 339871 339872
60440 : 339873 339874
60441 : 339875 339876
60442 : 339877 339878
60443 : 339879 339880
60444 : 339881 339882
60445 : 339883 339884
60446 : 339885 339886
60447 : 339887 339888
60448 : 339889 339890
60449 : 339891 339892
60450 : 339893 339894
60451 : 339895 339896
60452 : 339897 339898
60453 : 339899 339900
60454 : 339901 339902
60455 : 339903 339904
60456 : 339905 339906
60457 : 339907 339908
60458 : 339909 339910
60459 : 339911 339912
60460 : 339913 339914
60461 : 339915 339916
60462 : 339917 339918
60463 : 339919 339920
60464 : 339921 339922
60465 : 339923 339924
60466 : 339925 339926
60467 : 339927 339928
60468 : 339929 339930
60469 : 339931 339932
60470 : 339933 339934
60471 : 339935 339936
60472 : 339937 339938
60473 : 339939 339940
60474 : 339941 339942
60475 : 339943 339944
60476 : 339945 339946
60477 : 339947 339948
60478 : 339949 339950
60479 : 339951 339952
60480 : 339953 339954
60481 : 339955 339956
60482 : 339957 339958
60483 : 339959 339960
60484 : 339961 339962
60485 : 339963 339964
60486 : 339965 339966
60487 : 339967 339968
60488 : 339969 339970
60489 : 339971 339972
60490 : 339973 339974
60491 : 339975 339976
60492 : 339977 339978
60493 : 339979 339980
60494 : 339981 339982
60495 : 339983 339984
60496 : 339985 339986
60497 : 339987 339988
60498 : 339989 339990
60499 : 339991 339992
60500 : 339993 339994
60501 : 339995 339996
60502 : 339997 339998
60503 : 339999 340000
60504 : 340001 340002
