37235 : 309648 309649
37236 : 309650 309651
37237 : 309652 309653
37238 : 309654 309655
37239 : 309656 309657
37240 : 309658 309659
37241 : 309660 309661
37242 : 309662 309663
37243 : 309664 309665
37244 : 309666 309667
37245 : 309668 309669
37246 : 309670 309671
37247 : 309672 309673
37248 : 309674 309675
37249 : 309676 309677
37250 : 309678 309679
37251 : 309680 309681
37252 : 309682 309683
37253 : 309684 309685
37254 : 309686 309687
37255 : 309688 309689
37256 : 309690 309691
37257 : 309692 309693
37258 : 309694 309695
37259 : 309696 309697
37260 : 309698 309699
37261 : 309700 309701
37262 : 309702 309703
37263 : 309704 309705
37264 : 309706 309707
37265 : 309708 309709
37266 : 309710 309711
37267 : 309712 309713
37268 : 309714 309715
37269 : 309716 309717
