10637 : 99203 99204
10638 : 99205 99206
10639 : 99207 99208
10640 : 99209 99210
10641 : 99211 99212
10642 : 99213 99214
10643 : 99215 99216
10644 : 99217 99218
10645 : 99219 99220
10646 : 99221 99222
10647 : 99223 99224
10648 : 99225 99226
10649 : 99227 99228
10650 : 99229 99230
10651 : 99231 99232
10652 : 99233 99234
10653 : 99235 99236
10654 : 99237 99238
10655 : 99239 99240
10656 : 99241 99242
10657 : 99243 99244
10658 : 99245 99246
10659 : 99247 99248
10660 : 99249 99250
10661 : 99251 99252
10662 : 99253 99254
10663 : 99255 99256
10664 : 99257 99258
10665 : 99259 99260
10666 : 99261 99262
10667 : 99263 99264
10668 : 99265 99266
10669 : 99267 99268
