6258 : 93087 93088
6259 : 93089 93090
6260 : 93091 93092
6261 : 93093 93094
6262 : 93095 93096
6263 : 93097 93098
6264 : 93099 93100
6265 : 93101 93102
6266 : 93103 93104
6267 : 93105 93106
6268 : 93107 93108
6269 : 93109 93110
6270 : 93111 93112
6271 : 93113 93114
6272 : 93115 93116
6273 : 93117 93118
6274 : 93119 93120
6275 : 93121 93122
6276 : 93123 93124
6277 : 93125 93126
6278 : 93127 93128
6279 : 93129 93130
6280 : 93131 93132
6281 : 93133 93134
6282 : 93135 93136
6283 : 93137 93138
6284 : 93139 93140
6285 : 93141 93142
6286 : 93143 93144
6287 : 93145 93146
6288 : 93147 93148
6289 : 93149 93150
6290 : 93151 93152
