6994 : 49965 49966
6995 : 49967 49968
6996 : 49969 49970
6997 : 49971 49972
6998 : 49973 49974
6999 : 49975 49976
7000 : 49977 49978
7001 : 49979 49980
7002 : 49981 49982
7003 : 49983 49984
7004 : 49985 49986
7005 : 49987 49988
7006 : 49989 49990
7007 : 49991 49992
7008 : 49993 49994
7009 : 49995 49996
7010 : 49997 49998
7011 : 49999 50000
7012 : 50001 50002
7013 : 50003 50004
7014 : 50005 50006
7015 : 50007 50008
7016 : 50009 50010
7017 : 50011 50012
7018 : 50013 50014
7019 : 50015 50016
7020 : 50017 50018
7021 : 50019 50020
7022 : 50021 50022
7023 : 50023 50024
7024 : 50025 50026
7025 : 50027 50028
7026 : 50029 50030
7027 : 50031 50032
7028 : 50033 50034
7029 : 50035 50036
7030 : 50037 50038
7031 : 50039 50040
7032 : 50041 50042
7033 : 50043 50044
7034 : 50045 50046
