37686 : 245197 245198
37798 : 245199 245200
37859 : 245201 245202
38048 : 245203 245204
38049 : 245205 245206
38050 : 245207 245208
38051 : 245209 245210
38052 : 245211 245212
38053 : 245213 245214
38054 : 245215 245216
38055 : 245217 245218
38056 : 245219 245220
38057 : 245221 245222
38058 : 245223 245224
38059 : 245225 245226
38060 : 245227 245228
38061 : 245229 245230
38062 : 245231 245232
38063 : 245233 245234
38064 : 245235 245236
38065 : 245237 245238
38066 : 245239 245240
38067 : 245241 245242
38068 : 245243 245244
38069 : 245245 245246
38070 : 245247 245248
38071 : 245249 245250
38072 : 245251 245252
38073 : 245253 245254
38074 : 245255 245256
38075 : 245257 245258
38076 : 245259 245260
38077 : 245261 245262
38078 : 245263 245264
38079 : 245265 245266
38080 : 245267 245268
38081 : 245269 245270
38082 : 245271 245272
38083 : 245273 245274
38084 : 245275 245276
38085 : 245277 245278
38086 : 245279 245280
38087 : 245281 245282
38088 : 245283 245284
38089 : 245285 245286
38090 : 245287 245288
38091 : 245289 245290
38092 : 245291 245292
38093 : 245293 245294
38094 : 245295 245296
38095 : 245297 245298
38096 : 245299 245300
38097 : 245301 245302
38098 : 245303 245304
38099 : 245305 245306
38100 : 245307 245308
38101 : 245309 245310
38102 : 245311 245312
38103 : 245313 245314
