23694 : 172745 172746
23695 : 172747 172748
23696 : 172749 172750
23697 : 172751 172752
23698 : 172753 172754
23699 : 172755 172756
23700 : 172757 172758
23701 : 172759 172760
23702 : 172761 172762
23703 : 172763 172764
23704 : 172765 172766
23705 : 172767 172768
23706 : 172769 172770
23707 : 172771 172772
23708 : 172773 172774
23709 : 172775 172776
23710 : 172777 172778
23711 : 172779 172780
23712 : 172781 172782
23713 : 172783 172784
23714 : 172785 172786
23715 : 172787 172788
23716 : 172789 172790
23717 : 172791 172792
23718 : 172793 172794
23719 : 172795 172796
23720 : 172797 172798
23721 : 172799 172800
23722 : 172801 172802
23723 : 172803 172804
23724 : 172805 172806
23725 : 172807 172808
23726 : 172809 172810
23727 : 172811 172812
23728 : 172813 172814
23729 : 172815 172816
