9251 : 74667 74668
9252 : 74669 74670
9253 : 74671 74672
9254 : 74673 74674
9255 : 74675 74676
9256 : 74677 74678
9257 : 74679 74680
9258 : 74681 74682
9259 : 74683 74684
9260 : 74685 74686
9261 : 74687 74688
9262 : 74689 74690
9263 : 74691 74692
9264 : 74693 74694
9265 : 74695 74696
9266 : 74697 74698
9267 : 74699 74700
9268 : 74701 74702
9269 : 74703 74704
9270 : 74705 74706
9271 : 74707 74708
9272 : 74709 74710
9273 : 74711 74712
9274 : 74713 74714
9275 : 74715 74716
9276 : 74717 74718
9277 : 74719 74720
9278 : 74721 74722
9279 : 74723 74724
9280 : 74725 74726
9281 : 74727 74728
