36018 : 300041 300042
36019 : 300043 300044
36020 : 300045 300046
36021 : 300047 300048
36022 : 300049 300050
36023 : 300051 300052
36024 : 300053 300054
36025 : 300055 300056
36026 : 300057 300058
36027 : 300059 300060
36028 : 300061 300062
36029 : 300063 300064
36030 : 300065 300066
36031 : 300067 300068
36032 : 300069 300070
36033 : 300071 300072
36034 : 300073 300074
36035 : 300075 300076
36036 : 300077 300078
36037 : 300079 300080
36038 : 300081 300082
36039 : 300083 300084
36040 : 300085 300086
36041 : 300087 300088
36042 : 300089 300090
36043 : 300091 300092
36044 : 300093 300094
36045 : 300095 300096
36046 : 300097 300098
36047 : 300099 300100
