31733 : 266179 266180
31734 : 266181 266182
31735 : 266183 266184
31736 : 266185 266186
31737 : 266187 266188
31738 : 266189 266190
31739 : 266191 266192
31740 : 266193 266194
31741 : 266195 266196
31742 : 266197 266198
31743 : 266199 266200
31744 : 266201 266202
31745 : 266203 266204
31746 : 266205 266206
31747 : 266207 266208
31748 : 266209 266210
31749 : 266211 266212
31750 : 266213 266214
31751 : 266215 266216
31752 : 266217 266218
31753 : 266219 266220
31754 : 266221 266222
31755 : 266223 266224
31756 : 266225 266226
31757 : 266227 266228
31758 : 266229 266230
31759 : 266231 266232
31760 : 266233 266234
31761 : 266235 266236
31762 : 266237 266238
31763 : 266239 266240
31764 : 266241 266242
31765 : 266243 266244
31766 : 266245 266246
31767 : 266247 266248
31768 : 266249 266250
31769 : 266251 266252
