13556 : 99047 99048
13557 : 99049 99050
13558 : 99051 99052
13559 : 99053 99054
13560 : 99055 99056
13561 : 99057 99058
13562 : 99059 99060
13563 : 99061 99062
13564 : 99063 99064
13565 : 99065 99066
13566 : 99067 99068
13567 : 99069 99070
13568 : 99071 99072
13569 : 99073 99074
13570 : 99075 99076
13571 : 99077 99078
13572 : 99079 99080
13573 : 99081 99082
13574 : 99083 99084
13575 : 99085 99086
13576 : 99087 99088
13577 : 99089 99090
13578 : 99091 99092
13579 : 99093 99094
13580 : 99095 99096
13581 : 99097 99098
13582 : 99099 99100
13583 : 99101 99102
13584 : 99103 99104
13585 : 99105 99106
13586 : 99107 99108
13587 : 99109 99110
13588 : 99111 99112
13589 : 99113 99114
13590 : 99115 99116
13591 : 99117 99118
13592 : 99119 99120
