6811 : 58134 58135
6874 : 58136 58137
6875 : 58138 58139
6876 : 58140 58141
6877 : 58142 58143
6878 : 58144 58145
6879 : 58146 58147
6880 : 58148 58149
6881 : 58150 58151
6882 : 58152 58153
6883 : 58154 58155
6884 : 58156 58157
6885 : 58158 58159
6886 : 58160 58161
6887 : 58162 58163
6888 : 58164 58165
6889 : 58166 58167
6890 : 58168 58169
6891 : 58170 58171
6892 : 58172 58173
6893 : 58174 58175
6894 : 58176 58177
6895 : 58178 58179
6896 : 58180 58181
6897 : 58182 58183
6898 : 58184 58185
6899 : 58186 58187
6900 : 58188 58189
6901 : 58190 58191
6902 : 58192 58193
6903 : 58194 58195
6904 : 58196 58197
6905 : 58198 58199
6906 : 58200 58201
6907 : 58202 58203
6908 : 58204 58205
6909 : 58206 58207
6910 : 58208 58209
6911 : 58210 58211
6912 : 58212 58213
6913 : 58214 58215
6914 : 58216 58217
6915 : 58218 58219
6916 : 58220 58221
6917 : 58222 58223
6918 : 58224 58225
