58608 : 477290 477291
58609 : 477292 477293
58610 : 477294 477295
58611 : 477296 477297
58612 : 477298 477299
58613 : 477300 477301
58614 : 477302 477303
58615 : 477304 477305
58616 : 477306 477307
58617 : 477308 477309
58618 : 477310 477311
58619 : 477312 477313
58620 : 477314 477315
58621 : 477316 477317
58622 : 477318 477319
58623 : 477320 477321
58624 : 477322 477323
58625 : 477324 477325
58626 : 477326 477327
58627 : 477328 477329
58628 : 477330 477331
58629 : 477332 477333
58630 : 477334 477335
58631 : 477336 477337
58632 : 477338 477339
58633 : 477340 477341
58634 : 477342 477343
58635 : 477344 477345
58636 : 477346 477347
58637 : 477348 477349
58638 : 477350 477351
58639 : 477352 477353
58640 : 477354 477355
58641 : 477356 477357
58642 : 477358 477359
58643 : 477360 477361
58644 : 477362 477363
58645 : 477364 477365
58646 : 477366 477367
58647 : 477368 477369
58648 : 477370 477371
58649 : 477372 477373
58650 : 477374 477375
58651 : 477376 477377
58652 : 477378 477379
58653 : 477380 477381
