34780 : 232390 232391
35048 : 232392 232393
35198 : 232394 232395
35199 : 232396 232397
35200 : 232398 232399
35201 : 232400 232401
35202 : 232402 232403
35203 : 232404 232405
35204 : 232406 232407
35205 : 232408 232409
35206 : 232410 232411
35207 : 232412 232413
35208 : 232414 232415
35209 : 232416 232417
35210 : 232418 232419
35211 : 232420 232421
35212 : 232422 232423
35213 : 232424 232425
35214 : 232426 232427
35215 : 232428 232429
35216 : 232430 232431
35217 : 232432 232433
35218 : 232434 232435
35219 : 232436 232437
35220 : 232438 232439
35221 : 232440 232441
35222 : 232442 232443
35223 : 232444 232445
35224 : 232446 232447
35225 : 232448 232449
35226 : 232450 232451
35227 : 232452 232453
35228 : 232454 232455
35229 : 232456 232457
35230 : 232458 232459
35231 : 232460 232461
35232 : 232462 232463
35233 : 232464 232465
35234 : 232466 232467
35235 : 232468 232469
35236 : 232470 232471
35237 : 232472 232473
35238 : 232474 232475
35239 : 232476 232477
35240 : 232478 232479
35241 : 232480 232481
35242 : 232482 232483
35243 : 232484 232485
35244 : 232486 232487
35245 : 232488 232489
35246 : 232490 232491
35247 : 232492 232493
35248 : 232494 232495
35249 : 232496 232497
35250 : 232498 232499
35251 : 232500 232501
35252 : 232502 232503
35253 : 232504 232505
35254 : 232506 232507
