51823 : 425028 425029
51824 : 425030 425031
51825 : 425032 425033
51826 : 425034 425035
51827 : 425036 425037
51828 : 425038 425039
51829 : 425040 425041
51830 : 425042 425043
51831 : 425044 425045
51832 : 425046 425047
51833 : 425048 425049
51834 : 425050 425051
51835 : 425052 425053
51836 : 425054 425055
51837 : 425056 425057
51838 : 425058 425059
51839 : 425060 425061
51840 : 425062 425063
51841 : 425064 425065
51842 : 425066 425067
51843 : 425068 425069
51844 : 425070 425071
51845 : 425072 425073
51846 : 425074 425075
51847 : 425076 425077
51848 : 425078 425079
51849 : 425080 425081
51850 : 425082 425083
51851 : 425084 425085
51852 : 425086 425087
51853 : 425088 425089
51854 : 425090 425091
51855 : 425092 425093
51856 : 425094 425095
