42180 : 348054 348055
42181 : 348056 348057
42182 : 348058 348059
42183 : 348060 348061
42184 : 348062 348063
42185 : 348064 348065
42186 : 348066 348067
42187 : 348068 348069
42188 : 348070 348071
42189 : 348072 348073
42190 : 348074 348075
42191 : 348076 348077
42192 : 348078 348079
42193 : 348080 348081
42194 : 348082 348083
42195 : 348084 348085
42196 : 348086 348087
42197 : 348088 348089
42198 : 348090 348091
42199 : 348092 348093
42200 : 348094 348095
42201 : 348096 348097
42202 : 348098 348099
42203 : 348100 348101
42204 : 348102 348103
42205 : 348104 348105
42206 : 348106 348107
42207 : 348108 348109
42208 : 348110 348111
42209 : 348112 348113
42210 : 348114 348115
42211 : 348116 348117
42212 : 348118 348119
42213 : 348120 348121
42214 : 348122 348123
42215 : 348124 348125
42216 : 348126 348127
42217 : 348128 348129
42218 : 348130 348131
42219 : 348132 348133
42220 : 348134 348135
42221 : 348136 348137
