9137 : 87565 87566
9138 : 87567 87568
9139 : 87569 87570
9140 : 87571 87572
9141 : 87573 87574
9142 : 87575 87576
9143 : 87577 87578
9144 : 87579 87580
9145 : 87581 87582
9146 : 87583 87584
9147 : 87585 87586
9148 : 87587 87588
9149 : 87589 87590
9150 : 87591 87592
9151 : 87593 87594
9152 : 87595 87596
9153 : 87597 87598
9154 : 87599 87600
9155 : 87601 87602
9156 : 87603 87604
9157 : 87605 87606
9158 : 87607 87608
9159 : 87609 87610
9160 : 87611 87612
9161 : 87613 87614
9162 : 87615 87616
9163 : 87617 87618
9164 : 87619 87620
9165 : 87621 87622
