56126 : 348884 348885
56517 : 348886 348887
56518 : 348888 348889
56519 : 348890 348891
56520 : 348892 348893
56521 : 348894 348895
56522 : 348896 348897
56523 : 348898 348899
56524 : 348900 348901
56525 : 348902 348903
56526 : 348904 348905
56527 : 348906 348907
56528 : 348908 348909
56529 : 348910 348911
56530 : 348912 348913
56531 : 348914 348915
56532 : 348916 348917
56533 : 348918 348919
56534 : 348920 348921
56535 : 348922 348923
56536 : 348924 348925
56537 : 348926 348927
56538 : 348928 348929
56539 : 348930 348931
56540 : 348932 348933
56541 : 348934 348935
56542 : 348936 348937
56543 : 348938 348939
56544 : 348940 348941
56545 : 348942 348943
56546 : 348944 348945
56547 : 348946 348947
56548 : 348948 348949
56549 : 348950 348951
56550 : 348952 348953
56551 : 348954 348955
56552 : 348956 348957
56553 : 348958 348959
56554 : 348960 348961
56555 : 348962 348963
56556 : 348964 348965
56557 : 348966 348967
56558 : 348968 348969
56559 : 348970 348971
56560 : 348972 348973
56561 : 348974 348975
56562 : 348976 348977
