28706 : 205396 205397
29283 : 205398 205399
29284 : 205400 205401
29285 : 205402 205403
29286 : 205404 205405
29287 : 205406 205407
29288 : 205408 205409
29289 : 205410 205411
29290 : 205412 205413
29291 : 205414 205415
29292 : 205416 205417
29293 : 205418 205419
29294 : 205420 205421
29295 : 205422 205423
29296 : 205424 205425
29297 : 205426 205427
29298 : 205428 205429
29299 : 205430 205431
29300 : 205432 205433
29301 : 205434 205435
29302 : 205436 205437
29303 : 205438 205439
29304 : 205440 205441
29305 : 205442 205443
29306 : 205444 205445
29307 : 205446 205447
29308 : 205448 205449
29309 : 205450 205451
29310 : 205452 205453
29311 : 205454 205455
29312 : 205456 205457
29313 : 205458 205459
29314 : 205460 205461
29315 : 205462 205463
29316 : 205464 205465
29317 : 205466 205467
29318 : 205468 205469
29319 : 205470 205471
29320 : 205472 205473
29321 : 205474 205475
29322 : 205476 205477
29323 : 205478 205479
29324 : 205480 205481
29325 : 205482 205483
29326 : 205484 205485
29327 : 205486 205487
29328 : 205488 205489
29329 : 205490 205491
29330 : 205492 205493
29331 : 205494 205495
29332 : 205496 205497
29333 : 205498 205499
29334 : 205500 205501
29335 : 205502 205503
29336 : 205504 205505
29337 : 205506 205507
29338 : 205508 205509
29339 : 205510 205511
29340 : 205512 205513
29341 : 205514 205515
29342 : 205516 205517
