26890 : 193507 193508
26891 : 193509 193510
26892 : 193511 193512
26893 : 193513 193514
26894 : 193515 193516
26895 : 193517 193518
26896 : 193519 193520
26897 : 193521 193522
26898 : 193523 193524
26899 : 193525 193526
26900 : 193527 193528
26901 : 193529 193530
26902 : 193531 193532
26903 : 193533 193534
26904 : 193535 193536
26905 : 193537 193538
26906 : 193539 193540
26907 : 193541 193542
26908 : 193543 193544
26909 : 193545 193546
26910 : 193547 193548
26911 : 193549 193550
26912 : 193551 193552
26913 : 193553 193554
26914 : 193555 193556
26915 : 193557 193558
26916 : 193559 193560
26917 : 193561 193562
26918 : 193563 193564
26919 : 193565 193566
26920 : 193567 193568
26921 : 193569 193570
26922 : 193571 193572
26923 : 193573 193574
26924 : 193575 193576
26925 : 193577 193578
26926 : 193579 193580
26927 : 193581 193582
26928 : 193583 193584
26929 : 193585 193586
26930 : 193587 193588
26931 : 193589 193590
26932 : 193591 193592
26933 : 193593 193594
26934 : 193595 193596
26935 : 193597 193598
26936 : 193599 193600
26937 : 193601 193602
26938 : 193603 193604
26939 : 193605 193606
26940 : 193607 193608
26941 : 193609 193610
26942 : 193611 193612
