51239 : 315659 315660
51240 : 315661 315662
51241 : 315663 315664
51242 : 315665 315666
51243 : 315667 315668
51244 : 315669 315670
51245 : 315671 315672
51246 : 315673 315674
51247 : 315675 315676
51248 : 315677 315678
51249 : 315679 315680
51250 : 315681 315682
51251 : 315683 315684
51252 : 315685 315686
51253 : 315687 315688
51254 : 315689 315690
51255 : 315691 315692
51256 : 315693 315694
51257 : 315695 315696
51258 : 315697 315698
51259 : 315699 315700
51260 : 315701 315702
51261 : 315703 315704
51262 : 315705 315706
51263 : 315707 315708
51264 : 315709 315710
51265 : 315711 315712
51266 : 315713 315714
51267 : 315715 315716
51268 : 315717 315718
51269 : 315719 315720
51270 : 315721 315722
51271 : 315723 315724
51272 : 315725 315726
51273 : 315727 315728
51274 : 315729 315730
51275 : 315731 315732
51276 : 315733 315734
51277 : 315735 315736
