32758 : 273427 273428
32759 : 273429 273430
32760 : 273431 273432
32761 : 273433 273434
32762 : 273435 273436
32763 : 273437 273438
32764 : 273439 273440
32765 : 273441 273442
32766 : 273443 273444
32767 : 273445 273446
32768 : 273447 273448
32769 : 273449 273450
32770 : 273451 273452
32771 : 273453 273454
32772 : 273455 273456
32773 : 273457 273458
32774 : 273459 273460
32775 : 273461 273462
32776 : 273463 273464
32777 : 273465 273466
32778 : 273467 273468
32779 : 273469 273470
32780 : 273471 273472
32781 : 273473 273474
32782 : 273475 273476
32783 : 273477 273478
32784 : 273479 273480
32785 : 273481 273482
32786 : 273483 273484
32787 : 273485 273486
32788 : 273487 273488
32789 : 273489 273490
32790 : 273491 273492
32791 : 273493 273494
32792 : 273495 273496
32793 : 273497 273498
32794 : 273499 273500
32795 : 273501 273502
32796 : 273503 273504
32797 : 273505 273506
32798 : 273507 273508
32799 : 273509 273510
32800 : 273511 273512
32801 : 273513 273514
32802 : 273515 273516
32803 : 273517 273518
32804 : 273519 273520
32805 : 273521 273522
