4822 : 46366 46367
4823 : 46368 46369
4824 : 46370 46371
4825 : 46372 46373
4826 : 46374 46375
4827 : 46376 46377
4828 : 46378 46379
4829 : 46380 46381
4830 : 46382 46383
4831 : 46384 46385
4832 : 46386 46387
4833 : 46388 46389
4834 : 46390 46391
4835 : 46392 46393
4836 : 46394 46395
4837 : 46396 46397
4838 : 46398 46399
4839 : 46400 46401
4840 : 46402 46403
4841 : 46404 46405
4842 : 46406 46407
4843 : 46408 46409
4844 : 46410 46411
4845 : 46412 46413
4846 : 46414 46415
4847 : 46416 46417
4848 : 46418 46419
4849 : 46420 46421
4850 : 46422 46423
4851 : 46424 46425
4852 : 46426 46427
