9940 : 71534 71535
9941 : 71536 71537
9942 : 71538 71539
9943 : 71540 71541
9944 : 71542 71543
9945 : 71544 71545
9946 : 71546 71547
9947 : 71548 71549
9948 : 71550 71551
9949 : 71552 71553
9950 : 71554 71555
9951 : 71556 71557
9952 : 71558 71559
9953 : 71560 71561
9954 : 71562 71563
9955 : 71564 71565
9956 : 71566 71567
9957 : 71568 71569
9958 : 71570 71571
9959 : 71572 71573
9960 : 71574 71575
9961 : 71576 71577
9962 : 71578 71579
9963 : 71580 71581
9964 : 71582 71583
9965 : 71584 71585
9966 : 71586 71587
9967 : 71588 71589
