39248 : 322899 322900
39249 : 322901 322902
39250 : 322903 322904
39251 : 322905 322906
39252 : 322907 322908
39253 : 322909 322910
39254 : 322911 322912
39255 : 322913 322914
39256 : 322915 322916
39257 : 322917 322918
39258 : 322919 322920
39259 : 322921 322922
39260 : 322923 322924
39261 : 322925 322926
39262 : 322927 322928
39263 : 322929 322930
39264 : 322931 322932
39265 : 322933 322934
39266 : 322935 322936
39267 : 322937 322938
39268 : 322939 322940
39269 : 322941 322942
39270 : 322943 322944
39271 : 322945 322946
39272 : 322947 322948
39273 : 322949 322950
39274 : 322951 322952
39275 : 322953 322954
39276 : 322955 322956
39277 : 322957 322958
39278 : 322959 322960
39279 : 322961 322962
39280 : 322963 322964
39281 : 322965 322966
39282 : 322967 322968
39283 : 322969 322970
39284 : 322971 322972
39285 : 322973 322974
39286 : 322975 322976
39287 : 322977 322978
39288 : 322979 322980
39289 : 322981 322982
39290 : 322983 322984
39291 : 322985 322986
39292 : 322987 322988
39293 : 322989 322990
39294 : 322991 322992
