11778 : 108922 108923
11779 : 108924 108925
11780 : 108926 108927
11781 : 108928 108929
11782 : 108930 108931
11783 : 108932 108933
11784 : 108934 108935
11785 : 108936 108937
11786 : 108938 108939
11787 : 108940 108941
11788 : 108942 108943
11789 : 108944 108945
11790 : 108946 108947
11791 : 108948 108949
11792 : 108950 108951
11793 : 108952 108953
11794 : 108954 108955
11795 : 108956 108957
11796 : 108958 108959
11797 : 108960 108961
11798 : 108962 108963
11799 : 108964 108965
11800 : 108966 108967
11801 : 108968 108969
11802 : 108970 108971
11803 : 108972 108973
11804 : 108974 108975
11805 : 108976 108977
11806 : 108978 108979
11807 : 108980 108981
11808 : 108982 108983
