14443 : 105610 105611
14444 : 105612 105613
14445 : 105614 105615
14446 : 105616 105617
14447 : 105618 105619
14448 : 105620 105621
14449 : 105622 105623
14450 : 105624 105625
14451 : 105626 105627
14452 : 105628 105629
14453 : 105630 105631
14454 : 105632 105633
14455 : 105634 105635
14456 : 105636 105637
14457 : 105638 105639
14458 : 105640 105641
14459 : 105642 105643
14460 : 105644 105645
14461 : 105646 105647
14462 : 105648 105649
14463 : 105650 105651
14464 : 105652 105653
14465 : 105654 105655
14466 : 105656 105657
14467 : 105658 105659
14468 : 105660 105661
14469 : 105662 105663
14470 : 105664 105665
14471 : 105666 105667
14472 : 105668 105669
14473 : 105670 105671
14474 : 105672 105673
