36721 : 307278 307279
37206 : 307280 307281
37207 : 307282 307283
37208 : 307284 307285
37209 : 307286 307287
37210 : 307288 307289
37211 : 307290 307291
37212 : 307292 307293
37213 : 307294 307295
37214 : 307296 307297
37215 : 307298 307299
37216 : 307300 307301
37217 : 307302 307303
37218 : 307304 307305
37219 : 307306 307307
37220 : 307308 307309
37221 : 307310 307311
37222 : 307312 307313
37223 : 307314 307315
37224 : 307316 307317
37225 : 307318 307319
37226 : 307320 307321
37227 : 307322 307323
37228 : 307324 307325
37229 : 307326 307327
37230 : 307328 307329
37231 : 307330 307331
37232 : 307332 307333
37233 : 307334 307335
37234 : 307336 307337
37235 : 307338 307339
37236 : 307340 307341
37237 : 307342 307343
37238 : 307344 307345
37239 : 307346 307347
37240 : 307348 307349
37241 : 307350 307351
37242 : 307352 307353
37243 : 307354 307355
