19685 : 146029 146030
20133 : 146031 146032
20134 : 146033 146034
20135 : 146035 146036
20136 : 146037 146038
20137 : 146039 146040
20138 : 146041 146042
20139 : 146043 146044
20140 : 146045 146046
20141 : 146047 146048
20142 : 146049 146050
20143 : 146051 146052
20144 : 146053 146054
20145 : 146055 146056
20146 : 146057 146058
20147 : 146059 146060
20148 : 146061 146062
20149 : 146063 146064
20150 : 146065 146066
20151 : 146067 146068
20152 : 146069 146070
20153 : 146071 146072
20154 : 146073 146074
20155 : 146075 146076
20156 : 146077 146078
20157 : 146079 146080
20158 : 146081 146082
20159 : 146083 146084
20160 : 146085 146086
20161 : 146087 146088
20162 : 146089 146090
20163 : 146091 146092
20164 : 146093 146094
20165 : 146095 146096
20166 : 146097 146098
20167 : 146099 146100
20168 : 146101 146102
20169 : 146103 146104
20170 : 146105 146106
20171 : 146107 146108
20172 : 146109 146110
20173 : 146111 146112
20174 : 146113 146114
20175 : 146115 146116
20176 : 146117 146118
20177 : 146119 146120
20178 : 146121 146122
20179 : 146123 146124
20180 : 146125 146126
20181 : 146127 146128
20182 : 146129 146130
20183 : 146131 146132
20184 : 146133 146134
20185 : 146135 146136
20186 : 146137 146138
20187 : 146139 146140
20188 : 146141 146142
20189 : 146143 146144
20190 : 146145 146146
20191 : 146147 146148
20192 : 146149 146150
20193 : 146151 146152
20194 : 146153 146154
20195 : 146155 146156
20196 : 146157 146158
20197 : 146159 146160
20198 : 146161 146162
20199 : 146163 146164
20200 : 146165 146166
20201 : 146167 146168
20202 : 146169 146170
20203 : 146171 146172
20204 : 146173 146174
20205 : 146175 146176
20206 : 146177 146178
20207 : 146179 146180
20208 : 146181 146182
20209 : 146183 146184
20210 : 146185 146186
20211 : 146187 146188
20212 : 146189 146190
20213 : 146191 146192
20214 : 146193 146194
20215 : 146195 146196
20216 : 146197 146198
20217 : 146199 146200
20218 : 146201 146202
20219 : 146203 146204
20220 : 146205 146206
20221 : 146207 146208
