22620 : 197770 197771
22621 : 197772 197773
22622 : 197774 197775
22623 : 197776 197777
22624 : 197778 197779
22625 : 197780 197781
22626 : 197782 197783
22627 : 197784 197785
22628 : 197786 197787
22629 : 197788 197789
22630 : 197790 197791
22631 : 197792 197793
22632 : 197794 197795
22633 : 197796 197797
22634 : 197798 197799
22635 : 197800 197801
22636 : 197802 197803
22637 : 197804 197805
22638 : 197806 197807
22639 : 197808 197809
22640 : 197810 197811
22641 : 197812 197813
22642 : 197814 197815
22643 : 197816 197817
22644 : 197818 197819
22645 : 197820 197821
22646 : 197822 197823
22647 : 197824 197825
22648 : 197826 197827
22649 : 197828 197829
22650 : 197830 197831
22651 : 197832 197833
22652 : 197834 197835
22653 : 197836 197837
22654 : 197838 197839
22655 : 197840 197841
22656 : 197842 197843
22657 : 197844 197845
22658 : 197846 197847
22659 : 197848 197849
