15527 : 139990 139991
15528 : 139992 139993
15529 : 139994 139995
15530 : 139996 139997
15531 : 139998 139999
15532 : 140000 140001
15533 : 140002 140003
15534 : 140004 140005
15535 : 140006 140007
15536 : 140008 140009
15537 : 140010 140011
15538 : 140012 140013
15539 : 140014 140015
15540 : 140016 140017
15541 : 140018 140019
15542 : 140020 140021
15543 : 140022 140023
15544 : 140024 140025
15545 : 140026 140027
15546 : 140028 140029
15547 : 140030 140031
15548 : 140032 140033
15549 : 140034 140035
15550 : 140036 140037
15551 : 140038 140039
15552 : 140040 140041
15553 : 140042 140043
15554 : 140044 140045
15555 : 140046 140047
15556 : 140048 140049
15557 : 140050 140051
15558 : 140052 140053
15559 : 140054 140055
15560 : 140056 140057
15561 : 140058 140059
15562 : 140060 140061
15563 : 140062 140063
15564 : 140064 140065
15565 : 140066 140067
