44144 : 279128 279129
44145 : 279130 279131
44146 : 279132 279133
44147 : 279134 279135
44148 : 279136 279137
44149 : 279138 279139
44150 : 279140 279141
44151 : 279142 279143
44152 : 279144 279145
44153 : 279146 279147
44154 : 279148 279149
44155 : 279150 279151
44156 : 279152 279153
44157 : 279154 279155
44158 : 279156 279157
44159 : 279158 279159
44160 : 279160 279161
44161 : 279162 279163
44162 : 279164 279165
44163 : 279166 279167
44164 : 279168 279169
44165 : 279170 279171
44166 : 279172 279173
44167 : 279174 279175
44168 : 279176 279177
44169 : 279178 279179
44170 : 279180 279181
44171 : 279182 279183
44172 : 279184 279185
44173 : 279186 279187
44174 : 279188 279189
44175 : 279190 279191
44176 : 279192 279193
44177 : 279194 279195
44178 : 279196 279197
44179 : 279198 279199
44180 : 279200 279201
44181 : 279202 279203
44182 : 279204 279205
44183 : 279206 279207
44184 : 279208 279209
44185 : 279210 279211
44186 : 279212 279213
44187 : 279214 279215
44188 : 279216 279217
44189 : 279218 279219
44190 : 279220 279221
44191 : 279222 279223
44192 : 279224 279225
44193 : 279226 279227
44194 : 279228 279229
44195 : 279230 279231
44196 : 279232 279233
44197 : 279234 279235
44198 : 279236 279237
44199 : 279238 279239
44200 : 279240 279241
44201 : 279242 279243
44202 : 279244 279245
