14966 : 98833 98834
15040 : 98835 98836
15041 : 98837 98838
15042 : 98839 98840
15043 : 98841 98842
15044 : 98843 98844
15045 : 98845 98846
15046 : 98847 98848
15047 : 98849 98850
15048 : 98851 98852
15049 : 98853 98854
15050 : 98855 98856
15051 : 98857 98858
15052 : 98859 98860
15053 : 98861 98862
15054 : 98863 98864
15055 : 98865 98866
15056 : 98867 98868
15057 : 98869 98870
15058 : 98871 98872
15059 : 98873 98874
15060 : 98875 98876
15061 : 98877 98878
15062 : 98879 98880
15063 : 98881 98882
15064 : 98883 98884
15065 : 98885 98886
15066 : 98887 98888
15067 : 98889 98890
15068 : 98891 98892
15069 : 98893 98894
15070 : 98895 98896
15071 : 98897 98898
15072 : 98899 98900
