54307 : 442928 442929
54308 : 442930 442931
54309 : 442932 442933
54310 : 442934 442935
54311 : 442936 442937
54312 : 442938 442939
54313 : 442940 442941
54314 : 442942 442943
54315 : 442944 442945
54316 : 442946 442947
54317 : 442948 442949
54318 : 442950 442951
54319 : 442952 442953
54320 : 442954 442955
54321 : 442956 442957
54322 : 442958 442959
54323 : 442960 442961
54324 : 442962 442963
54325 : 442964 442965
54326 : 442966 442967
54327 : 442968 442969
54328 : 442970 442971
54329 : 442972 442973
54330 : 442974 442975
54331 : 442976 442977
54332 : 442978 442979
54333 : 442980 442981
54334 : 442982 442983
54335 : 442984 442985
54336 : 442986 442987
54337 : 442988 442989
54338 : 442990 442991
54339 : 442992 442993
54340 : 442994 442995
54341 : 442996 442997
54342 : 442998 442999
54343 : 443000 443001
54344 : 443002 443003
54345 : 443004 443005
54346 : 443006 443007
54347 : 443008 443009
54348 : 443010 443011
