46842 : 380729 380730
46843 : 380731 380732
46844 : 380733 380734
46845 : 380735 380736
46846 : 380737 380738
46847 : 380739 380740
46848 : 380741 380742
46849 : 380743 380744
46850 : 380745 380746
46851 : 380747 380748
46852 : 380749 380750
46853 : 380751 380752
46854 : 380753 380754
46855 : 380755 380756
46856 : 380757 380758
46857 : 380759 380760
46858 : 380761 380762
46859 : 380763 380764
46860 : 380765 380766
46861 : 380767 380768
46862 : 380769 380770
46863 : 380771 380772
46864 : 380773 380774
46865 : 380775 380776
46866 : 380777 380778
46867 : 380779 380780
46868 : 380781 380782
46869 : 380783 380784
46870 : 380785 380786
46871 : 380787 380788
46872 : 380789 380790
