83898 : 482464 482465
83899 : 482466 482467
83900 : 482468 482469
83901 : 482470 482471
83902 : 482472 482473
83903 : 482474 482475
83904 : 482476 482477
83905 : 482478 482479
83906 : 482480 482481
83907 : 482482 482483
83908 : 482484 482485
83909 : 482486 482487
83910 : 482488 482489
83911 : 482490 482491
83912 : 482492 482493
83913 : 482494 482495
83914 : 482496 482497
83915 : 482498 482499
83916 : 482500 482501
83917 : 482502 482503
83918 : 482504 482505
83919 : 482506 482507
83920 : 482508 482509
83921 : 482510 482511
83922 : 482512 482513
83923 : 482514 482515
83924 : 482516 482517
83925 : 482518 482519
83926 : 482520 482521
83927 : 482522 482523
83928 : 482524 482525
83929 : 482526 482527
83930 : 482528 482529
83931 : 482530 482531
83932 : 482532 482533
83933 : 482534 482535
83934 : 482536 482537
83935 : 482538 482539
