6908 : 53830 53831
6909 : 53832 53833
6910 : 53834 53835
6911 : 53836 53837
6912 : 53838 53839
6913 : 53840 53841
6914 : 53842 53843
6915 : 53844 53845
6916 : 53846 53847
6917 : 53848 53849
6918 : 53850 53851
6919 : 53852 53853
6920 : 53854 53855
6921 : 53856 53857
6922 : 53858 53859
6923 : 53860 53861
6924 : 53862 53863
6925 : 53864 53865
6926 : 53866 53867
6927 : 53868 53869
6928 : 53870 53871
6929 : 53872 53873
6930 : 53874 53875
6931 : 53876 53877
6932 : 53878 53879
6933 : 53880 53881
6934 : 53882 53883
6935 : 53884 53885
6936 : 53886 53887
6937 : 53888 53889
6938 : 53890 53891
6939 : 53892 53893
6940 : 53894 53895
6941 : 53896 53897
6942 : 53898 53899
6943 : 53900 53901
6944 : 53902 53903
6945 : 53904 53905
6946 : 53906 53907
6947 : 53908 53909
6948 : 53910 53911
6949 : 53912 53913
6950 : 53914 53915
