71634 : 440536 440537
71635 : 440538 440539
71636 : 440540 440541
71637 : 440542 440543
71638 : 440544 440545
71639 : 440546 440547
71640 : 440548 440549
71641 : 440550 440551
71642 : 440552 440553
71643 : 440554 440555
71644 : 440556 440557
71645 : 440558 440559
71646 : 440560 440561
71647 : 440562 440563
71648 : 440564 440565
71649 : 440566 440567
71650 : 440568 440569
71651 : 440570 440571
71652 : 440572 440573
71653 : 440574 440575
71654 : 440576 440577
71655 : 440578 440579
71656 : 440580 440581
71657 : 440582 440583
71658 : 440584 440585
71659 : 440586 440587
71660 : 440588 440589
71661 : 440590 440591
71662 : 440592 440593
71663 : 440594 440595
71664 : 440596 440597
71665 : 440598 440599
71666 : 440600 440601
71667 : 440602 440603
71668 : 440604 440605
71669 : 440606 440607
71670 : 440608 440609
71671 : 440610 440611
71672 : 440612 440613
71673 : 440614 440615
71674 : 440616 440617
71675 : 440618 440619
71676 : 440620 440621
71677 : 440622 440623
71678 : 440624 440625
