37728 : 243594 243595
37729 : 243596 243597
37730 : 243598 243599
37731 : 243600 243601
37732 : 243602 243603
37733 : 243604 243605
37734 : 243606 243607
37735 : 243608 243609
37736 : 243610 243611
37737 : 243612 243613
37738 : 243614 243615
37739 : 243616 243617
37740 : 243618 243619
37741 : 243620 243621
37742 : 243622 243623
37743 : 243624 243625
37744 : 243626 243627
37745 : 243628 243629
37746 : 243630 243631
37747 : 243632 243633
37748 : 243634 243635
37749 : 243636 243637
37750 : 243638 243639
37751 : 243640 243641
37752 : 243642 243643
37753 : 243644 243645
37754 : 243646 243647
37755 : 243648 243649
37756 : 243650 243651
37757 : 243652 243653
37758 : 243654 243655
37759 : 243656 243657
37760 : 243658 243659
37761 : 243660 243661
37762 : 243662 243663
37763 : 243664 243665
37764 : 243666 243667
37765 : 243668 243669
37766 : 243670 243671
37767 : 243672 243673
37768 : 243674 243675
37769 : 243676 243677
37770 : 243678 243679
37771 : 243680 243681
37772 : 243682 243683
