11196 : 153790 153791
11197 : 153792 153793
11198 : 153794 153795
11199 : 153796 153797
11200 : 153798 153799
11201 : 153800 153801
11202 : 153802 153803
11203 : 153804 153805
11204 : 153806 153807
11205 : 153808 153809
11206 : 153810 153811
11207 : 153812 153813
11208 : 153814 153815
11209 : 153816 153817
11210 : 153818 153819
11211 : 153820 153821
11212 : 153822 153823
11213 : 153824 153825
11214 : 153826 153827
11215 : 153828 153829
11216 : 153830 153831
11217 : 153832 153833
11218 : 153834 153835
11219 : 153836 153837
11220 : 153838 153839
11221 : 153840 153841
11222 : 153842 153843
11223 : 153844 153845
11224 : 153846 153847
11225 : 153848 153849
11226 : 153850 153851
11227 : 153852 153853
11228 : 153854 153855
11229 : 153856 153857
11230 : 153858 153859
11231 : 153860 153861
11232 : 153862 153863
11233 : 153864 153865
11234 : 153866 153867
11235 : 153868 153869
11236 : 153870 153871
