35672 : 295214 295215
35673 : 295216 295217
35674 : 295218 295219
35675 : 295220 295221
35676 : 295222 295223
35677 : 295224 295225
35678 : 295226 295227
35679 : 295228 295229
35680 : 295230 295231
35681 : 295232 295233
35682 : 295234 295235
35683 : 295236 295237
35684 : 295238 295239
35685 : 295240 295241
35686 : 295242 295243
35687 : 295244 295245
35688 : 295246 295247
35689 : 295248 295249
35690 : 295250 295251
35691 : 295252 295253
35692 : 295254 295255
35693 : 295256 295257
35694 : 295258 295259
35695 : 295260 295261
35696 : 295262 295263
35697 : 295264 295265
35698 : 295266 295267
35699 : 295268 295269
35700 : 295270 295271
35701 : 295272 295273
35702 : 295274 295275
35703 : 295276 295277
35704 : 295278 295279
35705 : 295280 295281
35706 : 295282 295283
35707 : 295284 295285
35708 : 295286 295287
35709 : 295288 295289
35710 : 295290 295291
35711 : 295292 295293
35712 : 295294 295295
35713 : 295296 295297
35714 : 295298 295299
