60152 : 369215 369216
60153 : 369217 369218
60154 : 369219 369220
60155 : 369221 369222
60156 : 369223 369224
60157 : 369225 369226
60158 : 369227 369228
60159 : 369229 369230
60160 : 369231 369232
60161 : 369233 369234
60162 : 369235 369236
60163 : 369237 369238
60164 : 369239 369240
60165 : 369241 369242
60166 : 369243 369244
60167 : 369245 369246
60168 : 369247 369248
60169 : 369249 369250
60170 : 369251 369252
60171 : 369253 369254
60172 : 369255 369256
60173 : 369257 369258
60174 : 369259 369260
60175 : 369261 369262
60176 : 369263 369264
60177 : 369265 369266
60178 : 369267 369268
60179 : 369269 369270
60180 : 369271 369272
60181 : 369273 369274
60182 : 369275 369276
60183 : 369277 369278
60184 : 369279 369280
60185 : 369281 369282
60186 : 369283 369284
60187 : 369285 369286
60188 : 369287 369288
60189 : 369289 369290
60190 : 369291 369292
60191 : 369293 369294
60192 : 369295 369296
60193 : 369297 369298
60194 : 369299 369300
60195 : 369301 369302
60196 : 369303 369304
60197 : 369305 369306
60198 : 369307 369308
60199 : 369309 369310
60200 : 369311 369312
60201 : 369313 369314
60202 : 369315 369316
60203 : 369317 369318
60204 : 369319 369320
60205 : 369321 369322
60206 : 369323 369324
60207 : 369325 369326
60208 : 369327 369328
60209 : 369329 369330
60210 : 369331 369332
60211 : 369333 369334
60212 : 369335 369336
60213 : 369337 369338
60214 : 369339 369340
60215 : 369341 369342
60216 : 369343 369344
60217 : 369345 369346
60218 : 369347 369348
60219 : 369349 369350
