56382 : 348075 348076
56383 : 348077 348078
56384 : 348079 348080
56385 : 348081 348082
56386 : 348083 348084
56387 : 348085 348086
56388 : 348087 348088
56389 : 348089 348090
56390 : 348091 348092
56391 : 348093 348094
56392 : 348095 348096
56393 : 348097 348098
56394 : 348099 348100
56395 : 348101 348102
56396 : 348103 348104
56397 : 348105 348106
56398 : 348107 348108
56399 : 348109 348110
56400 : 348111 348112
56401 : 348113 348114
56402 : 348115 348116
56403 : 348117 348118
56404 : 348119 348120
56405 : 348121 348122
56406 : 348123 348124
56407 : 348125 348126
56408 : 348127 348128
56409 : 348129 348130
56410 : 348131 348132
56411 : 348133 348134
56412 : 348135 348136
56413 : 348137 348138
56414 : 348139 348140
56415 : 348141 348142
56416 : 348143 348144
56417 : 348145 348146
56418 : 348147 348148
56419 : 348149 348150
56420 : 348151 348152
56421 : 348153 348154
56422 : 348155 348156
56423 : 348157 348158
56424 : 348159 348160
56425 : 348161 348162
56426 : 348163 348164
