8602 : 69198 69199
8603 : 69200 69201
8604 : 69202 69203
8605 : 69204 69205
8606 : 69206 69207
8607 : 69208 69209
8608 : 69210 69211
8609 : 69212 69213
8610 : 69214 69215
8611 : 69216 69217
8612 : 69218 69219
8613 : 69220 69221
8614 : 69222 69223
8615 : 69224 69225
8616 : 69226 69227
8617 : 69228 69229
8618 : 69230 69231
8619 : 69232 69233
8620 : 69234 69235
8621 : 69236 69237
8622 : 69238 69239
8623 : 69240 69241
8624 : 69242 69243
8625 : 69244 69245
8626 : 69246 69247
8627 : 69248 69249
8628 : 69250 69251
8629 : 69252 69253
8630 : 69254 69255
8631 : 69256 69257
