32090 : 268699 268700
32091 : 268701 268702
32092 : 268703 268704
32093 : 268705 268706
32094 : 268707 268708
32095 : 268709 268710
32096 : 268711 268712
32097 : 268713 268714
32098 : 268715 268716
32099 : 268717 268718
32100 : 268719 268720
32101 : 268721 268722
32102 : 268723 268724
32103 : 268725 268726
32104 : 268727 268728
32105 : 268729 268730
32106 : 268731 268732
32107 : 268733 268734
32108 : 268735 268736
32109 : 268737 268738
32110 : 268739 268740
32111 : 268741 268742
32112 : 268743 268744
32113 : 268745 268746
32114 : 268747 268748
32115 : 268749 268750
32116 : 268751 268752
32117 : 268753 268754
32118 : 268755 268756
32119 : 268757 268758
32120 : 268759 268760
32121 : 268761 268762
32122 : 268763 268764
32123 : 268765 268766
32124 : 268767 268768
32125 : 268769 268770
