2172 : 15316 15317
2173 : 15318 15319
2174 : 15320 15321
2175 : 15322 15323
2176 : 15324 15325
2177 : 15326 15327
2178 : 15328 15329
2179 : 15330 15331
2180 : 15332 15333
2181 : 15334 15335
2182 : 15336 15337
2183 : 15338 15339
2184 : 15340 15341
2185 : 15342 15343
2186 : 15344 15345
2187 : 15346 15347
2188 : 15348 15349
2189 : 15350 15351
2190 : 15352 15353
2191 : 15354 15355
2192 : 15356 15357
2193 : 15358 15359
2194 : 15360 15361
2195 : 15362 15363
2196 : 15364 15365
2197 : 15366 15367
2198 : 15368 15369
2199 : 15370 15371
2200 : 15372 15373
2201 : 15374 15375
2202 : 15376 15377
2203 : 15378 15379
2204 : 15380 15381
2205 : 15382 15383
2206 : 15384 15385
2207 : 15386 15387
2208 : 15388 15389
2209 : 15390 15391
2210 : 15392 15393
2211 : 15394 15395
2212 : 15396 15397
2213 : 15398 15399
2214 : 15400 15401
2215 : 15402 15403
2216 : 15404 15405
2217 : 15406 15407
2218 : 15408 15409
2219 : 15410 15411
2220 : 15412 15413
2221 : 15414 15415
2222 : 15416 15417
2223 : 15418 15419
2224 : 15420 15421
