25439 : 184320 184321
25440 : 184322 184323
25441 : 184324 184325
25442 : 184326 184327
25443 : 184328 184329
25444 : 184330 184331
25445 : 184332 184333
25446 : 184334 184335
25447 : 184336 184337
25448 : 184338 184339
25449 : 184340 184341
25450 : 184342 184343
25451 : 184344 184345
25452 : 184346 184347
25453 : 184348 184349
25454 : 184350 184351
25455 : 184352 184353
25456 : 184354 184355
25457 : 184356 184357
25458 : 184358 184359
25459 : 184360 184361
25460 : 184362 184363
25461 : 184364 184365
25462 : 184366 184367
25463 : 184368 184369
