68456 : 418324 418325
68457 : 418326 418327
68458 : 418328 418329
68459 : 418330 418331
68460 : 418332 418333
68461 : 418334 418335
68462 : 418336 418337
68463 : 418338 418339
68464 : 418340 418341
68465 : 418342 418343
68466 : 418344 418345
68467 : 418346 418347
68468 : 418348 418349
68469 : 418350 418351
68470 : 418352 418353
68471 : 418354 418355
68472 : 418356 418357
68473 : 418358 418359
68474 : 418360 418361
68475 : 418362 418363
68476 : 418364 418365
68477 : 418366 418367
68478 : 418368 418369
68479 : 418370 418371
68480 : 418372 418373
68481 : 418374 418375
68482 : 418376 418377
68483 : 418378 418379
68484 : 418380 418381
68485 : 418382 418383
68486 : 418384 418385
68487 : 418386 418387
68488 : 418388 418389
