46850 : 291539 291540
46851 : 291541 291542
46852 : 291543 291544
46853 : 291545 291546
46854 : 291547 291548
46855 : 291549 291550
46856 : 291551 291552
46857 : 291553 291554
46858 : 291555 291556
46859 : 291557 291558
46860 : 291559 291560
46861 : 291561 291562
46862 : 291563 291564
46863 : 291565 291566
46864 : 291567 291568
46865 : 291569 291570
46866 : 291571 291572
46867 : 291573 291574
46868 : 291575 291576
46869 : 291577 291578
46870 : 291579 291580
46871 : 291581 291582
46872 : 291583 291584
46873 : 291585 291586
46874 : 291587 291588
46875 : 291589 291590
46876 : 291591 291592
46877 : 291593 291594
46878 : 291595 291596
46879 : 291597 291598
46880 : 291599 291600
46881 : 291601 291602
46882 : 291603 291604
46883 : 291605 291606
46884 : 291607 291608
46885 : 291609 291610
46886 : 291611 291612
46887 : 291613 291614
46888 : 291615 291616
46889 : 291617 291618
46890 : 291619 291620
46891 : 291621 291622
46892 : 291623 291624
46893 : 291625 291626
46894 : 291627 291628
46895 : 291629 291630
46896 : 291631 291632
46897 : 291633 291634
46898 : 291635 291636
46899 : 291637 291638
46900 : 291639 291640
46901 : 291641 291642
46902 : 291643 291644
46903 : 291645 291646
46904 : 291647 291648
46905 : 291649 291650
46906 : 291651 291652
46907 : 291653 291654
46908 : 291655 291656
46909 : 291657 291658
46910 : 291659 291660
46911 : 291661 291662
