57493 : 468191 468192
57494 : 468193 468194
57495 : 468195 468196
57496 : 468197 468198
57497 : 468199 468200
57498 : 468201 468202
57499 : 468203 468204
57500 : 468205 468206
57501 : 468207 468208
57502 : 468209 468210
57503 : 468211 468212
57504 : 468213 468214
57505 : 468215 468216
57506 : 468217 468218
57507 : 468219 468220
57508 : 468221 468222
57509 : 468223 468224
57510 : 468225 468226
57511 : 468227 468228
57512 : 468229 468230
57513 : 468231 468232
57514 : 468233 468234
57515 : 468235 468236
57516 : 468237 468238
57517 : 468239 468240
57518 : 468241 468242
57519 : 468243 468244
57520 : 468245 468246
57521 : 468247 468248
57522 : 468249 468250
57523 : 468251 468252
57524 : 468253 468254
57525 : 468255 468256
57526 : 468257 468258
57527 : 468259 468260
57528 : 468261 468262
57529 : 468263 468264
57530 : 468265 468266
57531 : 468267 468268
57532 : 468269 468270
