9639 : 72121 72122
9640 : 72123 72124
9641 : 72125 72126
9642 : 72127 72128
9643 : 72129 72130
9644 : 72131 72132
9645 : 72133 72134
9646 : 72135 72136
9647 : 72137 72138
9648 : 72139 72140
9649 : 72141 72142
9650 : 72143 72144
9651 : 72145 72146
9652 : 72147 72148
9653 : 72149 72150
9654 : 72151 72152
9655 : 72153 72154
9656 : 72155 72156
9657 : 72157 72158
9658 : 72159 72160
9659 : 72161 72162
9660 : 72163 72164
9661 : 72165 72166
9662 : 72167 72168
9663 : 72169 72170
9664 : 72171 72172
9665 : 72173 72174
9666 : 72175 72176
9667 : 72177 72178
9668 : 72179 72180
9669 : 72181 72182
9670 : 72183 72184
9671 : 72185 72186
9672 : 72187 72188
9673 : 72189 72190
9674 : 72191 72192
9675 : 72193 72194
9676 : 72195 72196
9677 : 72197 72198
9678 : 72199 72200
9679 : 72201 72202
9680 : 72203 72204
9681 : 72205 72206
9682 : 72207 72208
