24519 : 178479 178480
24520 : 178481 178482
24521 : 178483 178484
24522 : 178485 178486
24523 : 178487 178488
24524 : 178489 178490
24525 : 178491 178492
24526 : 178493 178494
24527 : 178495 178496
24528 : 178497 178498
24529 : 178499 178500
24530 : 178501 178502
24531 : 178503 178504
24532 : 178505 178506
24533 : 178507 178508
24534 : 178509 178510
24535 : 178511 178512
24536 : 178513 178514
24537 : 178515 178516
24538 : 178517 178518
24539 : 178519 178520
24540 : 178521 178522
24541 : 178523 178524
24542 : 178525 178526
24543 : 178527 178528
24544 : 178529 178530
24545 : 178531 178532
24546 : 178533 178534
24547 : 178535 178536
24548 : 178537 178538
24549 : 178539 178540
24550 : 178541 178542
24551 : 178543 178544
24552 : 178545 178546
24553 : 178547 178548
24554 : 178549 178550
24555 : 178551 178552
