88970 : 529617 529618
88971 : 529619 529620
88972 : 529621 529622
88973 : 529623 529624
88974 : 529625 529626
88975 : 529627 529628
88976 : 529629 529630
88977 : 529631 529632
88978 : 529633 529634
88979 : 529635 529636
88980 : 529637 529638
88981 : 529639 529640
88982 : 529641 529642
88983 : 529643 529644
88984 : 529645 529646
88985 : 529647 529648
88986 : 529649 529650
88987 : 529651 529652
88988 : 529653 529654
88989 : 529655 529656
88990 : 529657 529658
88991 : 529659 529660
88992 : 529661 529662
88993 : 529663 529664
88994 : 529665 529666
88995 : 529667 529668
88996 : 529669 529670
88997 : 529671 529672
88998 : 529673 529674
88999 : 529675 529676
89000 : 529677 529678
89001 : 529679 529680
89002 : 529681 529682
89003 : 529683 529684
89004 : 529685 529686
89005 : 529687 529688
89006 : 529689 529690
89007 : 529691 529692
89008 : 529693 529694
89009 : 529695 529696
89010 : 529697 529698
89011 : 529699 529700
89012 : 529701 529702
89013 : 529703 529704
89014 : 529705 529706
89015 : 529707 529708
89016 : 529709 529710
89017 : 529711 529712
89018 : 529713 529714
89019 : 529715 529716
89020 : 529717 529718
89021 : 529719 529720
89022 : 529721 529722
89023 : 529723 529724
89024 : 529725 529726
