49406 : 400968 400969
49407 : 400970 400971
49408 : 400972 400973
49409 : 400974 400975
49410 : 400976 400977
49411 : 400978 400979
49412 : 400980 400981
49413 : 400982 400983
49414 : 400984 400985
49415 : 400986 400987
49416 : 400988 400989
49417 : 400990 400991
49418 : 400992 400993
49419 : 400994 400995
49420 : 400996 400997
49421 : 400998 400999
49422 : 401000 401001
49423 : 401002 401003
49424 : 401004 401005
49425 : 401006 401007
49426 : 401008 401009
49427 : 401010 401011
49428 : 401012 401013
49429 : 401014 401015
49430 : 401016 401017
49431 : 401018 401019
49432 : 401020 401021
49433 : 401022 401023
49434 : 401024 401025
49435 : 401026 401027
49436 : 401028 401029
49437 : 401030 401031
49438 : 401032 401033
49439 : 401034 401035
49440 : 401036 401037
49441 : 401038 401039
49442 : 401040 401041
49443 : 401042 401043
49444 : 401044 401045
49445 : 401046 401047
49446 : 401048 401049
49447 : 401050 401051
