400 : 1801 1802
401 : 1803 1804
402 : 1805 1806
403 : 1807 1808
404 : 1809 1810
405 : 1811 1812
406 : 1813 1814
407 : 1815 1816
408 : 1817 1818
409 : 1819 1820
410 : 1821 1822
411 : 1823 1824
412 : 1825 1826
413 : 1827 1828
414 : 1829 1830
415 : 1831 1832
416 : 1833 1834
417 : 1835 1836
418 : 1837 1838
419 : 1839 1840
420 : 1841 1842
421 : 1843 1844
422 : 1845 1846
423 : 1847 1848
424 : 1849 1850
425 : 1851 1852
426 : 1853 1854
427 : 1855 1856
428 : 1857 1858
429 : 1859 1860
430 : 1861 1862
431 : 1863 1864
432 : 1865 1866
433 : 1867 1868
434 : 1869 1870
