8391 : 66790 66791
8392 : 66792 66793
8393 : 66794 66795
8394 : 66796 66797
8395 : 66798 66799
8396 : 66800 66801
8397 : 66802 66803
8398 : 66804 66805
8399 : 66806 66807
8400 : 66808 66809
8401 : 66810 66811
8402 : 66812 66813
8403 : 66814 66815
8404 : 66816 66817
8405 : 66818 66819
8406 : 66820 66821
8407 : 66822 66823
8408 : 66824 66825
8409 : 66826 66827
8410 : 66828 66829
8411 : 66830 66831
8412 : 66832 66833
8413 : 66834 66835
8414 : 66836 66837
8415 : 66838 66839
8416 : 66840 66841
8417 : 66842 66843
8418 : 66844 66845
8419 : 66846 66847
8420 : 66848 66849
8421 : 66850 66851
8422 : 66852 66853
8423 : 66854 66855
8424 : 66856 66857
8425 : 66858 66859
8426 : 66860 66861
8427 : 66862 66863
