26850 : 195057 195058
27119 : 195059 195060
27120 : 195061 195062
27121 : 195063 195064
27122 : 195065 195066
27123 : 195067 195068
27124 : 195069 195070
27125 : 195071 195072
27126 : 195073 195074
27127 : 195075 195076
27128 : 195077 195078
27129 : 195079 195080
27130 : 195081 195082
27131 : 195083 195084
27132 : 195085 195086
27133 : 195087 195088
27134 : 195089 195090
27135 : 195091 195092
27136 : 195093 195094
27137 : 195095 195096
27138 : 195097 195098
27139 : 195099 195100
27140 : 195101 195102
27141 : 195103 195104
27142 : 195105 195106
27143 : 195107 195108
27144 : 195109 195110
27145 : 195111 195112
27146 : 195113 195114
27147 : 195115 195116
27148 : 195117 195118
27149 : 195119 195120
27150 : 195121 195122
27151 : 195123 195124
27152 : 195125 195126
27153 : 195127 195128
27154 : 195129 195130
27155 : 195131 195132
27156 : 195133 195134
27157 : 195135 195136
27158 : 195137 195138
27159 : 195139 195140
27160 : 195141 195142
