30558 : 211279 211280
30559 : 211281 211282
30560 : 211283 211284
30561 : 211285 211286
30562 : 211287 211288
30563 : 211289 211290
30564 : 211291 211292
30565 : 211293 211294
30566 : 211295 211296
30567 : 211297 211298
30568 : 211299 211300
30569 : 211301 211302
30570 : 211303 211304
30571 : 211305 211306
30572 : 211307 211308
30573 : 211309 211310
30574 : 211311 211312
30575 : 211313 211314
30576 : 211315 211316
30577 : 211317 211318
30578 : 211319 211320
30579 : 211321 211322
30580 : 211323 211324
30581 : 211325 211326
30582 : 211327 211328
30583 : 211329 211330
30584 : 211331 211332
30585 : 211333 211334
30586 : 211335 211336
30587 : 211337 211338
30588 : 211339 211340
30589 : 211341 211342
30590 : 211343 211344
30591 : 211345 211346
30592 : 211347 211348
30593 : 211349 211350
30594 : 211351 211352
30595 : 211353 211354
30596 : 211355 211356
30597 : 211357 211358
30598 : 211359 211360
30599 : 211361 211362
30600 : 211363 211364
30601 : 211365 211366
30602 : 211367 211368
30603 : 211369 211370
30604 : 211371 211372
30605 : 211373 211374
30606 : 211375 211376
30607 : 211377 211378
30608 : 211379 211380
30609 : 211381 211382
30610 : 211383 211384
30611 : 211385 211386
30612 : 211387 211388
30613 : 211389 211390
30614 : 211391 211392
30615 : 211393 211394
30616 : 211395 211396
30617 : 211397 211398
30618 : 211399 211400
30619 : 211401 211402
30620 : 211403 211404
30621 : 211405 211406
30622 : 211407 211408
30623 : 211409 211410
30624 : 211411 211412
30625 : 211413 211414
30626 : 211415 211416
