42566 : 350892 350893
42567 : 350894 350895
42568 : 350896 350897
42569 : 350898 350899
42570 : 350900 350901
42571 : 350902 350903
42572 : 350904 350905
42573 : 350906 350907
42574 : 350908 350909
42575 : 350910 350911
42576 : 350912 350913
42577 : 350914 350915
42578 : 350916 350917
42579 : 350918 350919
42580 : 350920 350921
42581 : 350922 350923
42582 : 350924 350925
42583 : 350926 350927
42584 : 350928 350929
42585 : 350930 350931
42586 : 350932 350933
42587 : 350934 350935
42588 : 350936 350937
42589 : 350938 350939
42590 : 350940 350941
42591 : 350942 350943
42592 : 350944 350945
42593 : 350946 350947
42594 : 350948 350949
42595 : 350950 350951
42596 : 350952 350953
42597 : 350954 350955
42598 : 350956 350957
42599 : 350958 350959
42600 : 350960 350961
42601 : 350962 350963
42602 : 350964 350965
42603 : 350966 350967
42604 : 350968 350969
42605 : 350970 350971
42606 : 350972 350973
42607 : 350974 350975
42608 : 350976 350977
42609 : 350978 350979
