41980 : 267301 267302
41981 : 267303 267304
41982 : 267305 267306
41983 : 267307 267308
41984 : 267309 267310
41985 : 267311 267312
41986 : 267313 267314
41987 : 267315 267316
41988 : 267317 267318
41989 : 267319 267320
41990 : 267321 267322
41991 : 267323 267324
41992 : 267325 267326
41993 : 267327 267328
41994 : 267329 267330
41995 : 267331 267332
41996 : 267333 267334
41997 : 267335 267336
41998 : 267337 267338
41999 : 267339 267340
42000 : 267341 267342
42001 : 267343 267344
42002 : 267345 267346
42003 : 267347 267348
42004 : 267349 267350
42005 : 267351 267352
42006 : 267353 267354
42007 : 267355 267356
42008 : 267357 267358
42009 : 267359 267360
42010 : 267361 267362
42011 : 267363 267364
42012 : 267365 267366
42013 : 267367 267368
42014 : 267369 267370
42015 : 267371 267372
42016 : 267373 267374
42017 : 267375 267376
42018 : 267377 267378
42019 : 267379 267380
42020 : 267381 267382
42021 : 267383 267384
42022 : 267385 267386
42023 : 267387 267388
