68885 : 421126 421127
68886 : 421128 421129
68887 : 421130 421131
68888 : 421132 421133
68889 : 421134 421135
68890 : 421136 421137
68891 : 421138 421139
68892 : 421140 421141
68893 : 421142 421143
68894 : 421144 421145
68895 : 421146 421147
68896 : 421148 421149
68897 : 421150 421151
68898 : 421152 421153
68899 : 421154 421155
68900 : 421156 421157
68901 : 421158 421159
68902 : 421160 421161
68903 : 421162 421163
68904 : 421164 421165
68905 : 421166 421167
68906 : 421168 421169
68907 : 421170 421171
68908 : 421172 421173
68909 : 421174 421175
68910 : 421176 421177
68911 : 421178 421179
68912 : 421180 421181
68913 : 421182 421183
68914 : 421184 421185
68915 : 421186 421187
68916 : 421188 421189
68917 : 421190 421191
68918 : 421192 421193
68919 : 421194 421195
68920 : 421196 421197
