12271 : 85893 85894
12389 : 85895 85896
12390 : 85897 85898
12391 : 85899 85900
12392 : 85901 85902
12393 : 85903 85904
12394 : 85905 85906
12395 : 85907 85908
12396 : 85909 85910
12397 : 85911 85912
12398 : 85913 85914
12399 : 85915 85916
12400 : 85917 85918
12401 : 85919 85920
12402 : 85921 85922
12403 : 85923 85924
12404 : 85925 85926
12405 : 85927 85928
12406 : 85929 85930
12407 : 85931 85932
12408 : 85933 85934
12409 : 85935 85936
12410 : 85937 85938
12411 : 85939 85940
12412 : 85941 85942
12413 : 85943 85944
12414 : 85945 85946
12415 : 85947 85948
12416 : 85949 85950
12417 : 85951 85952
