14047 : 102231 102232
14048 : 102233 102234
14049 : 102235 102236
14050 : 102237 102238
14051 : 102239 102240
14052 : 102241 102242
14053 : 102243 102244
14054 : 102245 102246
14055 : 102247 102248
14056 : 102249 102250
14057 : 102251 102252
14058 : 102253 102254
14059 : 102255 102256
14060 : 102257 102258
14061 : 102259 102260
14062 : 102261 102262
14063 : 102263 102264
14064 : 102265 102266
14065 : 102267 102268
14066 : 102269 102270
14067 : 102271 102272
14068 : 102273 102274
14069 : 102275 102276
14070 : 102277 102278
14071 : 102279 102280
14072 : 102281 102282
14073 : 102283 102284
14074 : 102285 102286
14075 : 102287 102288
14076 : 102289 102290
14077 : 102291 102292
14078 : 102293 102294
14079 : 102295 102296
