38278 : 324315 324316
39165 : 324317 324318
39166 : 324319 324320
39167 : 324321 324322
39168 : 324323 324324
39169 : 324325 324326
39170 : 324327 324328
39171 : 324329 324330
39172 : 324331 324332
39173 : 324333 324334
39174 : 324335 324336
39175 : 324337 324338
39176 : 324339 324340
39177 : 324341 324342
39178 : 324343 324344
39179 : 324345 324346
39180 : 324347 324348
39181 : 324349 324350
39182 : 324351 324352
39183 : 324353 324354
39184 : 324355 324356
39185 : 324357 324358
39186 : 324359 324360
39187 : 324361 324362
39188 : 324363 324364
39189 : 324365 324366
39190 : 324367 324368
39191 : 324369 324370
39192 : 324371 324372
39193 : 324373 324374
39194 : 324375 324376
39195 : 324377 324378
39196 : 324379 324380
39197 : 324381 324382
39198 : 324383 324384
39199 : 324385 324386
