50009 : 405802 405803
50010 : 405804 405805
50011 : 405806 405807
50012 : 405808 405809
50013 : 405810 405811
50014 : 405812 405813
50015 : 405814 405815
50016 : 405816 405817
50017 : 405818 405819
50018 : 405820 405821
50019 : 405822 405823
50020 : 405824 405825
50021 : 405826 405827
50022 : 405828 405829
50023 : 405830 405831
50024 : 405832 405833
50025 : 405834 405835
50026 : 405836 405837
50027 : 405838 405839
50028 : 405840 405841
50029 : 405842 405843
50030 : 405844 405845
50031 : 405846 405847
50032 : 405848 405849
50033 : 405850 405851
50034 : 405852 405853
50035 : 405854 405855
50036 : 405856 405857
50037 : 405858 405859
