9316 : 66776 66777
9317 : 66778 66779
9318 : 66780 66781
9319 : 66782 66783
9320 : 66784 66785
9321 : 66786 66787
9322 : 66788 66789
9323 : 66790 66791
9324 : 66792 66793
9325 : 66794 66795
9326 : 66796 66797
9327 : 66798 66799
9328 : 66800 66801
9329 : 66802 66803
9330 : 66804 66805
9331 : 66806 66807
9332 : 66808 66809
9333 : 66810 66811
9334 : 66812 66813
9335 : 66814 66815
9336 : 66816 66817
9337 : 66818 66819
9338 : 66820 66821
9339 : 66822 66823
9340 : 66824 66825
9341 : 66826 66827
9342 : 66828 66829
9343 : 66830 66831
9344 : 66832 66833
9345 : 66834 66835
9346 : 66836 66837
9347 : 66838 66839
9348 : 66840 66841
9349 : 66842 66843
9350 : 66844 66845
9351 : 66846 66847
9352 : 66848 66849
