945 : 5681 5682
946 : 5683 5684
947 : 5685 5686
948 : 5687 5688
949 : 5689 5690
950 : 5691 5692
951 : 5693 5694
952 : 5695 5696
953 : 5697 5698
954 : 5699 5700
955 : 5701 5702
956 : 5703 5704
957 : 5705 5706
958 : 5707 5708
959 : 5709 5710
960 : 5711 5712
961 : 5713 5714
962 : 5715 5716
963 : 5717 5718
964 : 5719 5720
965 : 5721 5722
966 : 5723 5724
967 : 5725 5726
968 : 5727 5728
969 : 5729 5730
970 : 5731 5732
971 : 5733 5734
972 : 5735 5736
973 : 5737 5738
974 : 5739 5740
975 : 5741 5742
976 : 5743 5744
977 : 5745 5746
978 : 5747 5748
979 : 5749 5750
980 : 5751 5752
981 : 5753 5754
