32158 : 270239 270240
32159 : 270241 270242
32160 : 270243 270244
32161 : 270245 270246
32162 : 270247 270248
32163 : 270249 270250
32164 : 270251 270252
32165 : 270253 270254
32166 : 270255 270256
32167 : 270257 270258
32168 : 270259 270260
32169 : 270261 270262
32170 : 270263 270264
32171 : 270265 270266
32172 : 270267 270268
32173 : 270269 270270
32174 : 270271 270272
32175 : 270273 270274
32176 : 270275 270276
32177 : 270277 270278
32178 : 270279 270280
32179 : 270281 270282
32180 : 270283 270284
32181 : 270285 270286
32182 : 270287 270288
32183 : 270289 270290
