47382 : 275319 275320
47383 : 275321 275322
47384 : 275323 275324
47385 : 275325 275326
47386 : 275327 275328
47387 : 275329 275330
47388 : 275331 275332
47389 : 275333 275334
47390 : 275335 275336
47391 : 275337 275338
47392 : 275339 275340
47393 : 275341 275342
47394 : 275343 275344
47395 : 275345 275346
47396 : 275347 275348
47397 : 275349 275350
47398 : 275351 275352
47399 : 275353 275354
47400 : 275355 275356
47401 : 275357 275358
47402 : 275359 275360
47403 : 275361 275362
47404 : 275363 275364
47405 : 275365 275366
47406 : 275367 275368
47407 : 275369 275370
47408 : 275371 275372
47409 : 275373 275374
47410 : 275375 275376
47411 : 275377 275378
47412 : 275379 275380
47413 : 275381 275382
47414 : 275383 275384
47415 : 275385 275386
47416 : 275387 275388
47417 : 275389 275390
47418 : 275391 275392
47419 : 275393 275394
47420 : 275395 275396
47421 : 275397 275398
47422 : 275399 275400
47423 : 275401 275402
47424 : 275403 275404
47425 : 275405 275406
47426 : 275407 275408
47427 : 275409 275410
47428 : 275411 275412
47429 : 275413 275414
47430 : 275415 275416
47431 : 275417 275418
47432 : 275419 275420
47433 : 275421 275422
47434 : 275423 275424
47435 : 275425 275426
47436 : 275427 275428
47437 : 275429 275430
47438 : 275431 275432
47439 : 275433 275434
47440 : 275435 275436
47441 : 275437 275438
47442 : 275439 275440
47443 : 275441 275442
47444 : 275443 275444
47445 : 275445 275446
47446 : 275447 275448
47447 : 275449 275450
47448 : 275451 275452
47449 : 275453 275454
47450 : 275455 275456
47451 : 275457 275458
47452 : 275459 275460
47453 : 275461 275462
47454 : 275463 275464
47455 : 275465 275466
47456 : 275467 275468
47457 : 275469 275470
