53958 : 308442 308443
54163 : 308444 308445
54164 : 308446 308447
54165 : 308448 308449
54166 : 308450 308451
54167 : 308452 308453
54168 : 308454 308455
54169 : 308456 308457
54170 : 308458 308459
54171 : 308460 308461
54172 : 308462 308463
54173 : 308464 308465
54174 : 308466 308467
54175 : 308468 308469
54176 : 308470 308471
54177 : 308472 308473
54178 : 308474 308475
54179 : 308476 308477
54180 : 308478 308479
54181 : 308480 308481
54182 : 308482 308483
54183 : 308484 308485
54184 : 308486 308487
54185 : 308488 308489
54186 : 308490 308491
54187 : 308492 308493
54188 : 308494 308495
54189 : 308496 308497
54190 : 308498 308499
54191 : 308500 308501
54192 : 308502 308503
54193 : 308504 308505
54194 : 308506 308507
54195 : 308508 308509
54196 : 308510 308511
54197 : 308512 308513
54198 : 308514 308515
54199 : 308516 308517
54200 : 308518 308519
54201 : 308520 308521
54202 : 308522 308523
54203 : 308524 308525
54204 : 308526 308527
54205 : 308528 308529
54206 : 308530 308531
54207 : 308532 308533
54208 : 308534 308535
54209 : 308536 308537
54210 : 308538 308539
54211 : 308540 308541
54212 : 308542 308543
54213 : 308544 308545
54214 : 308546 308547
54215 : 308548 308549
54216 : 308550 308551
54217 : 308552 308553
54218 : 308554 308555
54219 : 308556 308557
54220 : 308558 308559
54221 : 308560 308561
54222 : 308562 308563
54223 : 308564 308565
54224 : 308566 308567
54225 : 308568 308569
54226 : 308570 308571
54227 : 308572 308573
54228 : 308574 308575
54229 : 308576 308577
54230 : 308578 308579
54231 : 308580 308581
54232 : 308582 308583
54233 : 308584 308585
54234 : 308586 308587
54235 : 308588 308589
54236 : 308590 308591
54237 : 308592 308593
54238 : 308594 308595
54239 : 308596 308597
54240 : 308598 308599
54241 : 308600 308601
54242 : 308602 308603
54243 : 308604 308605
54244 : 308606 308607
54245 : 308608 308609
54246 : 308610 308611
54247 : 308612 308613
54248 : 308614 308615
54249 : 308616 308617
54250 : 308618 308619
54251 : 308620 308621
54252 : 308622 308623
54253 : 308624 308625
54254 : 308626 308627
54255 : 308628 308629
54256 : 308630 308631
54257 : 308632 308633
54258 : 308634 308635
54259 : 308636 308637
54260 : 308638 308639
54261 : 308640 308641
54262 : 308642 308643
54263 : 308644 308645
54264 : 308646 308647
54265 : 308648 308649
54266 : 308650 308651
54267 : 308652 308653
54268 : 308654 308655
54269 : 308656 308657
54270 : 308658 308659
54271 : 308660 308661
54272 : 308662 308663
54273 : 308664 308665
54274 : 308666 308667
54275 : 308668 308669
