1287 : 8525 8526
1288 : 8527 8528
1289 : 8529 8530
1290 : 8531 8532
1291 : 8533 8534
1292 : 8535 8536
1293 : 8537 8538
1294 : 8539 8540
1295 : 8541 8542
1296 : 8543 8544
1297 : 8545 8546
1298 : 8547 8548
1299 : 8549 8550
1300 : 8551 8552
1301 : 8553 8554
1302 : 8555 8556
1303 : 8557 8558
1304 : 8559 8560
1305 : 8561 8562
1306 : 8563 8564
1307 : 8565 8566
1308 : 8567 8568
1309 : 8569 8570
1310 : 8571 8572
1311 : 8573 8574
1312 : 8575 8576
1313 : 8577 8578
1314 : 8579 8580
1315 : 8581 8582
1316 : 8583 8584
1317 : 8585 8586
1318 : 8587 8588
1319 : 8589 8590
1320 : 8591 8592
1321 : 8593 8594
1322 : 8595 8596
1323 : 8597 8598
1324 : 8599 8600
1325 : 8601 8602
1326 : 8603 8604
1327 : 8605 8606
1328 : 8607 8608
1329 : 8609 8610
1330 : 8611 8612
1331 : 8613 8614
1332 : 8615 8616
1333 : 8617 8618
1334 : 8619 8620
