6352 : 45308 45309
6353 : 45310 45311
6354 : 45312 45313
6355 : 45314 45315
6356 : 45316 45317
6357 : 45318 45319
6358 : 45320 45321
6359 : 45322 45323
6360 : 45324 45325
6361 : 45326 45327
6362 : 45328 45329
6363 : 45330 45331
6364 : 45332 45333
6365 : 45334 45335
6366 : 45336 45337
6367 : 45338 45339
6368 : 45340 45341
6369 : 45342 45343
6370 : 45344 45345
6371 : 45346 45347
6372 : 45348 45349
6373 : 45350 45351
6374 : 45352 45353
6375 : 45354 45355
6376 : 45356 45357
6377 : 45358 45359
6378 : 45360 45361
6379 : 45362 45363
6380 : 45364 45365
6381 : 45366 45367
