48321 : 299604 299605
48422 : 299606 299607
48423 : 299608 299609
48424 : 299610 299611
48425 : 299612 299613
48426 : 299614 299615
48427 : 299616 299617
48428 : 299618 299619
48429 : 299620 299621
48430 : 299622 299623
48431 : 299624 299625
48432 : 299626 299627
48433 : 299628 299629
48434 : 299630 299631
48435 : 299632 299633
48436 : 299634 299635
48437 : 299636 299637
48438 : 299638 299639
48439 : 299640 299641
48440 : 299642 299643
48441 : 299644 299645
48442 : 299646 299647
48443 : 299648 299649
48444 : 299650 299651
48445 : 299652 299653
48446 : 299654 299655
48447 : 299656 299657
48448 : 299658 299659
48449 : 299660 299661
48450 : 299662 299663
48451 : 299664 299665
48452 : 299666 299667
48453 : 299668 299669
48454 : 299670 299671
48455 : 299672 299673
48456 : 299674 299675
48457 : 299676 299677
48458 : 299678 299679
48459 : 299680 299681
48460 : 299682 299683
48461 : 299684 299685
48462 : 299686 299687
48463 : 299688 299689
48464 : 299690 299691
48465 : 299692 299693
48466 : 299694 299695
48467 : 299696 299697
48468 : 299698 299699
48469 : 299700 299701
48470 : 299702 299703
48471 : 299704 299705
48472 : 299706 299707
48473 : 299708 299709
48474 : 299710 299711
48475 : 299712 299713
48476 : 299714 299715
48477 : 299716 299717
48478 : 299718 299719
48479 : 299720 299721
48480 : 299722 299723
48481 : 299724 299725
48482 : 299726 299727
48483 : 299728 299729
48484 : 299730 299731
