24703 : 213030 213031
24704 : 213032 213033
24705 : 213034 213035
24706 : 213036 213037
24707 : 213038 213039
24708 : 213040 213041
24709 : 213042 213043
24710 : 213044 213045
24711 : 213046 213047
24712 : 213048 213049
24713 : 213050 213051
24714 : 213052 213053
24715 : 213054 213055
24716 : 213056 213057
24717 : 213058 213059
24718 : 213060 213061
24719 : 213062 213063
24720 : 213064 213065
24721 : 213066 213067
24722 : 213068 213069
24723 : 213070 213071
24724 : 213072 213073
24725 : 213074 213075
24726 : 213076 213077
24727 : 213078 213079
24728 : 213080 213081
24729 : 213082 213083
24730 : 213084 213085
24731 : 213086 213087
24732 : 213088 213089
24733 : 213090 213091
24734 : 213092 213093
24735 : 213094 213095
24736 : 213096 213097
24737 : 213098 213099
24738 : 213100 213101
24739 : 213102 213103
24740 : 213104 213105
24741 : 213106 213107
