24935 : 180789 180790
24936 : 180791 180792
24937 : 180793 180794
24938 : 180795 180796
24939 : 180797 180798
24940 : 180799 180800
24941 : 180801 180802
24942 : 180803 180804
24943 : 180805 180806
24944 : 180807 180808
24945 : 180809 180810
24946 : 180811 180812
24947 : 180813 180814
24948 : 180815 180816
24949 : 180817 180818
24950 : 180819 180820
24951 : 180821 180822
24952 : 180823 180824
24953 : 180825 180826
24954 : 180827 180828
24955 : 180829 180830
24956 : 180831 180832
24957 : 180833 180834
24958 : 180835 180836
24959 : 180837 180838
24960 : 180839 180840
24961 : 180841 180842
24962 : 180843 180844
24963 : 180845 180846
24964 : 180847 180848
24965 : 180849 180850
24966 : 180851 180852
24967 : 180853 180854
24968 : 180855 180856
24969 : 180857 180858
24970 : 180859 180860
24971 : 180861 180862
24972 : 180863 180864
