71380 : 395405 395406
71381 : 395407 395408
71382 : 395409 395410
71383 : 395411 395412
71384 : 395413 395414
71385 : 395415 395416
71386 : 395417 395418
71387 : 395419 395420
71388 : 395421 395422
71389 : 395423 395424
71390 : 395425 395426
71391 : 395427 395428
71392 : 395429 395430
71393 : 395431 395432
71394 : 395433 395434
71395 : 395435 395436
71396 : 395437 395438
71397 : 395439 395440
71398 : 395441 395442
71399 : 395443 395444
71400 : 395445 395446
71401 : 395447 395448
71402 : 395449 395450
71403 : 395451 395452
71404 : 395453 395454
71405 : 395455 395456
71406 : 395457 395458
71407 : 395459 395460
71408 : 395461 395462
71409 : 395463 395464
71410 : 395465 395466
71411 : 395467 395468
71412 : 395469 395470
71413 : 395471 395472
71414 : 395473 395474
71415 : 395475 395476
71416 : 395477 395478
71417 : 395479 395480
71418 : 395481 395482
71419 : 395483 395484
71420 : 395485 395486
71421 : 395487 395488
71422 : 395489 395490
71423 : 395491 395492
71424 : 395493 395494
71425 : 395495 395496
71426 : 395497 395498
71427 : 395499 395500
71428 : 395501 395502
71429 : 395503 395504
71430 : 395505 395506
71431 : 395507 395508
71432 : 395509 395510
71433 : 395511 395512
71434 : 395513 395514
71435 : 395515 395516
71436 : 395517 395518
71437 : 395519 395520
71438 : 395521 395522
71439 : 395523 395524
71440 : 395525 395526
71441 : 395527 395528
71442 : 395529 395530
71443 : 395531 395532
71444 : 395533 395534
71445 : 395535 395536
71446 : 395537 395538
71447 : 395539 395540
71448 : 395541 395542
71449 : 395543 395544
71450 : 395545 395546
71451 : 395547 395548
71452 : 395549 395550
71453 : 395551 395552
71454 : 395553 395554
71455 : 395555 395556
71456 : 395557 395558
71457 : 395559 395560
71458 : 395561 395562
71459 : 395563 395564
71460 : 395565 395566
71461 : 395567 395568
71462 : 395569 395570
71463 : 395571 395572
71464 : 395573 395574
71465 : 395575 395576
71466 : 395577 395578
71467 : 395579 395580
71468 : 395581 395582
71469 : 395583 395584
