47969 : 296747 296748
47970 : 296749 296750
47971 : 296751 296752
47972 : 296753 296754
47973 : 296755 296756
47974 : 296757 296758
47975 : 296759 296760
47976 : 296761 296762
47977 : 296763 296764
47978 : 296765 296766
47979 : 296767 296768
47980 : 296769 296770
47981 : 296771 296772
47982 : 296773 296774
47983 : 296775 296776
47984 : 296777 296778
47985 : 296779 296780
47986 : 296781 296782
47987 : 296783 296784
47988 : 296785 296786
47989 : 296787 296788
47990 : 296789 296790
47991 : 296791 296792
47992 : 296793 296794
47993 : 296795 296796
47994 : 296797 296798
47995 : 296799 296800
47996 : 296801 296802
47997 : 296803 296804
47998 : 296805 296806
47999 : 296807 296808
48000 : 296809 296810
48001 : 296811 296812
48002 : 296813 296814
48003 : 296815 296816
48004 : 296817 296818
48005 : 296819 296820
48006 : 296821 296822
48007 : 296823 296824
48008 : 296825 296826
48009 : 296827 296828
48010 : 296829 296830
48011 : 296831 296832
48012 : 296833 296834
48013 : 296835 296836
48014 : 296837 296838
48015 : 296839 296840
48016 : 296841 296842
48017 : 296843 296844
48018 : 296845 296846
48019 : 296847 296848
48020 : 296849 296850
