71919 : 442224 442225
71920 : 442226 442227
71921 : 442228 442229
71922 : 442230 442231
71923 : 442232 442233
71924 : 442234 442235
71925 : 442236 442237
71926 : 442238 442239
71927 : 442240 442241
71928 : 442242 442243
71929 : 442244 442245
71930 : 442246 442247
71931 : 442248 442249
71932 : 442250 442251
71933 : 442252 442253
71934 : 442254 442255
71935 : 442256 442257
71936 : 442258 442259
71937 : 442260 442261
71938 : 442262 442263
71939 : 442264 442265
71940 : 442266 442267
71941 : 442268 442269
71942 : 442270 442271
71943 : 442272 442273
71944 : 442274 442275
71945 : 442276 442277
71946 : 442278 442279
71947 : 442280 442281
71948 : 442282 442283
71949 : 442284 442285
71950 : 442286 442287
71951 : 442288 442289
71952 : 442290 442291
71953 : 442292 442293
71954 : 442294 442295
71955 : 442296 442297
71956 : 442298 442299
71957 : 442300 442301
