48856 : 301327 301328
48857 : 301329 301330
48858 : 301331 301332
48859 : 301333 301334
48860 : 301335 301336
48861 : 301337 301338
48862 : 301339 301340
48863 : 301341 301342
48864 : 301343 301344
48865 : 301345 301346
48866 : 301347 301348
48867 : 301349 301350
48868 : 301351 301352
48869 : 301353 301354
48870 : 301355 301356
48871 : 301357 301358
48872 : 301359 301360
48873 : 301361 301362
48874 : 301363 301364
48875 : 301365 301366
48876 : 301367 301368
48877 : 301369 301370
48878 : 301371 301372
48879 : 301373 301374
48880 : 301375 301376
48881 : 301377 301378
48882 : 301379 301380
48883 : 301381 301382
48884 : 301383 301384
48885 : 301385 301386
48886 : 301387 301388
48887 : 301389 301390
48888 : 301391 301392
48889 : 301393 301394
48890 : 301395 301396
