62701 : 351142 351143
62702 : 351144 351145
62703 : 351146 351147
62704 : 351148 351149
62705 : 351150 351151
62706 : 351152 351153
62707 : 351154 351155
62708 : 351156 351157
62709 : 351158 351159
62710 : 351160 351161
62711 : 351162 351163
62712 : 351164 351165
62713 : 351166 351167
62714 : 351168 351169
62715 : 351170 351171
62716 : 351172 351173
62717 : 351174 351175
62718 : 351176 351177
62719 : 351178 351179
62720 : 351180 351181
62721 : 351182 351183
62722 : 351184 351185
62723 : 351186 351187
62724 : 351188 351189
62725 : 351190 351191
62726 : 351192 351193
62727 : 351194 351195
62728 : 351196 351197
62729 : 351198 351199
62730 : 351200 351201
62731 : 351202 351203
62732 : 351204 351205
62733 : 351206 351207
62734 : 351208 351209
62735 : 351210 351211
62736 : 351212 351213
62737 : 351214 351215
62738 : 351216 351217
62739 : 351218 351219
62740 : 351220 351221
62741 : 351222 351223
62742 : 351224 351225
62743 : 351226 351227
62744 : 351228 351229
62745 : 351230 351231
62746 : 351232 351233
62747 : 351234 351235
62748 : 351236 351237
62749 : 351238 351239
62750 : 351240 351241
62751 : 351242 351243
62752 : 351244 351245
62753 : 351246 351247
62754 : 351248 351249
62755 : 351250 351251
62756 : 351252 351253
62757 : 351254 351255
62758 : 351256 351257
62759 : 351258 351259
62760 : 351260 351261
62761 : 351262 351263
62762 : 351264 351265
62763 : 351266 351267
62764 : 351268 351269
62765 : 351270 351271
62766 : 351272 351273
62767 : 351274 351275
62768 : 351276 351277
62769 : 351278 351279
62770 : 351280 351281
62771 : 351282 351283
62772 : 351284 351285
62773 : 351286 351287
62774 : 351288 351289
62775 : 351290 351291
