11126 : 90605 90606
11127 : 90607 90608
11128 : 90609 90610
11129 : 90611 90612
11130 : 90613 90614
11131 : 90615 90616
11132 : 90617 90618
11133 : 90619 90620
11134 : 90621 90622
11135 : 90623 90624
11136 : 90625 90626
11137 : 90627 90628
11138 : 90629 90630
11139 : 90631 90632
11140 : 90633 90634
11141 : 90635 90636
11142 : 90637 90638
11143 : 90639 90640
11144 : 90641 90642
11145 : 90643 90644
11146 : 90645 90646
11147 : 90647 90648
11148 : 90649 90650
11149 : 90651 90652
11150 : 90653 90654
11151 : 90655 90656
11152 : 90657 90658
11153 : 90659 90660
11154 : 90661 90662
11155 : 90663 90664
11156 : 90665 90666
11157 : 90667 90668
11158 : 90669 90670
11159 : 90671 90672
11160 : 90673 90674
11161 : 90675 90676
11162 : 90677 90678
11163 : 90679 90680
11164 : 90681 90682
11165 : 90683 90684
11166 : 90685 90686
11167 : 90687 90688
11168 : 90689 90690
11169 : 90691 90692
11170 : 90693 90694
11171 : 90695 90696
11172 : 90697 90698
11173 : 90699 90700
11174 : 90701 90702
