7352 : 60853 60854
7709 : 60855 60856
7710 : 60857 60858
7711 : 60859 60860
7712 : 60861 60862
7713 : 60863 60864
7714 : 60865 60866
7715 : 60867 60868
7716 : 60869 60870
7717 : 60871 60872
7718 : 60873 60874
7719 : 60875 60876
7720 : 60877 60878
7721 : 60879 60880
7722 : 60881 60882
7723 : 60883 60884
7724 : 60885 60886
7725 : 60887 60888
7726 : 60889 60890
7727 : 60891 60892
7728 : 60893 60894
7729 : 60895 60896
7730 : 60897 60898
7731 : 60899 60900
7732 : 60901 60902
7733 : 60903 60904
7734 : 60905 60906
7735 : 60907 60908
7736 : 60909 60910
7737 : 60911 60912
7738 : 60913 60914
7739 : 60915 60916
7740 : 60917 60918
7741 : 60919 60920
7742 : 60921 60922
7743 : 60923 60924
7744 : 60925 60926
7745 : 60927 60928
7746 : 60929 60930
7747 : 60931 60932
7748 : 60933 60934
7749 : 60935 60936
7750 : 60937 60938
7751 : 60939 60940
