3241 : 22342 22343
3242 : 22344 22345
3243 : 22346 22347
3244 : 22348 22349
3245 : 22350 22351
3246 : 22352 22353
3247 : 22354 22355
3248 : 22356 22357
3249 : 22358 22359
3250 : 22360 22361
3251 : 22362 22363
3252 : 22364 22365
3253 : 22366 22367
3254 : 22368 22369
3255 : 22370 22371
3256 : 22372 22373
3257 : 22374 22375
3258 : 22376 22377
3259 : 22378 22379
3260 : 22380 22381
3261 : 22382 22383
3262 : 22384 22385
3263 : 22386 22387
3264 : 22388 22389
3265 : 22390 22391
3266 : 22392 22393
3267 : 22394 22395
3268 : 22396 22397
3269 : 22398 22399
3270 : 22400 22401
3271 : 22402 22403
3272 : 22404 22405
3273 : 22406 22407
3274 : 22408 22409
3275 : 22410 22411
3276 : 22412 22413
3277 : 22414 22415
3278 : 22416 22417
3279 : 22418 22419
3280 : 22420 22421
3281 : 22422 22423
