9384 : 89655 89656
9385 : 89657 89658
9386 : 89659 89660
9387 : 89661 89662
9388 : 89663 89664
9389 : 89665 89666
9390 : 89667 89668
9391 : 89669 89670
9392 : 89671 89672
9393 : 89673 89674
9394 : 89675 89676
9395 : 89677 89678
9396 : 89679 89680
9397 : 89681 89682
9398 : 89683 89684
9399 : 89685 89686
9400 : 89687 89688
9401 : 89689 89690
9402 : 89691 89692
9403 : 89693 89694
9404 : 89695 89696
9405 : 89697 89698
9406 : 89699 89700
9407 : 89701 89702
9408 : 89703 89704
9409 : 89705 89706
9410 : 89707 89708
9411 : 89709 89710
9412 : 89711 89712
9413 : 89713 89714
9414 : 89715 89716
9415 : 89717 89718
9416 : 89719 89720
9417 : 89721 89722
9418 : 89723 89724
9419 : 89725 89726
