41974 : 346331 346332
41975 : 346333 346334
41976 : 346335 346336
41977 : 346337 346338
41978 : 346339 346340
41979 : 346341 346342
41980 : 346343 346344
41981 : 346345 346346
41982 : 346347 346348
41983 : 346349 346350
41984 : 346351 346352
41985 : 346353 346354
41986 : 346355 346356
41987 : 346357 346358
41988 : 346359 346360
41989 : 346361 346362
41990 : 346363 346364
41991 : 346365 346366
41992 : 346367 346368
41993 : 346369 346370
41994 : 346371 346372
41995 : 346373 346374
41996 : 346375 346376
41997 : 346377 346378
41998 : 346379 346380
41999 : 346381 346382
42000 : 346383 346384
42001 : 346385 346386
42002 : 346387 346388
42003 : 346389 346390
42004 : 346391 346392
42005 : 346393 346394
42006 : 346395 346396
42007 : 346397 346398
