18113 : 161662 161663
18114 : 161664 161665
18115 : 161666 161667
18116 : 161668 161669
18117 : 161670 161671
18118 : 161672 161673
18119 : 161674 161675
18120 : 161676 161677
18121 : 161678 161679
18122 : 161680 161681
18123 : 161682 161683
18124 : 161684 161685
18125 : 161686 161687
18126 : 161688 161689
18127 : 161690 161691
18128 : 161692 161693
18129 : 161694 161695
18130 : 161696 161697
18131 : 161698 161699
18132 : 161700 161701
18133 : 161702 161703
18134 : 161704 161705
18135 : 161706 161707
18136 : 161708 161709
18137 : 161710 161711
18138 : 161712 161713
18139 : 161714 161715
18140 : 161716 161717
18141 : 161718 161719
18142 : 161720 161721
18143 : 161722 161723
