78912 : 445585 445586
78913 : 445587 445588
78914 : 445589 445590
78915 : 445591 445592
78916 : 445593 445594
78917 : 445595 445596
78918 : 445597 445598
78919 : 445599 445600
78920 : 445601 445602
78921 : 445603 445604
78922 : 445605 445606
78923 : 445607 445608
78924 : 445609 445610
78925 : 445611 445612
78926 : 445613 445614
78927 : 445615 445616
78928 : 445617 445618
78929 : 445619 445620
78930 : 445621 445622
78931 : 445623 445624
78932 : 445625 445626
78933 : 445627 445628
78934 : 445629 445630
78935 : 445631 445632
78936 : 445633 445634
78937 : 445635 445636
78938 : 445637 445638
78939 : 445639 445640
78940 : 445641 445642
78941 : 445643 445644
78942 : 445645 445646
78943 : 445647 445648
78944 : 445649 445650
78945 : 445651 445652
78946 : 445653 445654
78947 : 445655 445656
78948 : 445657 445658
78949 : 445659 445660
78950 : 445661 445662
78951 : 445663 445664
78952 : 445665 445666
78953 : 445667 445668
78954 : 445669 445670
78955 : 445671 445672
78956 : 445673 445674
78957 : 445675 445676
78958 : 445677 445678
78959 : 445679 445680
78960 : 445681 445682
78961 : 445683 445684
78962 : 445685 445686
78963 : 445687 445688
78964 : 445689 445690
78965 : 445691 445692
78966 : 445693 445694
78967 : 445695 445696
78968 : 445697 445698
78969 : 445699 445700
78970 : 445701 445702
78971 : 445703 445704
78972 : 445705 445706
78973 : 445707 445708
78974 : 445709 445710
78975 : 445711 445712
78976 : 445713 445714
78977 : 445715 445716
78978 : 445717 445718
78979 : 445719 445720
