19985 : 145899 145900
19986 : 145901 145902
19987 : 145903 145904
19988 : 145905 145906
19989 : 145907 145908
19990 : 145909 145910
19991 : 145911 145912
19992 : 145913 145914
19993 : 145915 145916
19994 : 145917 145918
19995 : 145919 145920
19996 : 145921 145922
19997 : 145923 145924
19998 : 145925 145926
19999 : 145927 145928
20000 : 145929 145930
20001 : 145931 145932
20002 : 145933 145934
20003 : 145935 145936
20004 : 145937 145938
20005 : 145939 145940
20006 : 145941 145942
20007 : 145943 145944
20008 : 145945 145946
