10561 : 76469 76470
10562 : 76471 76472
10563 : 76473 76474
10564 : 76475 76476
10565 : 76477 76478
10566 : 76479 76480
10567 : 76481 76482
10568 : 76483 76484
10569 : 76485 76486
10570 : 76487 76488
10571 : 76489 76490
10572 : 76491 76492
10573 : 76493 76494
10574 : 76495 76496
10575 : 76497 76498
10576 : 76499 76500
10577 : 76501 76502
10578 : 76503 76504
10579 : 76505 76506
10580 : 76507 76508
10581 : 76509 76510
10582 : 76511 76512
10583 : 76513 76514
10584 : 76515 76516
10585 : 76517 76518
10586 : 76519 76520
10587 : 76521 76522
10588 : 76523 76524
10589 : 76525 76526
10590 : 76527 76528
10591 : 76529 76530
10592 : 76531 76532
10593 : 76533 76534
