2474 : 16751 16752
2475 : 16753 16754
2476 : 16755 16756
2477 : 16757 16758
2478 : 16759 16760
2479 : 16761 16762
2480 : 16763 16764
2481 : 16765 16766
2482 : 16767 16768
2483 : 16769 16770
2484 : 16771 16772
2485 : 16773 16774
2486 : 16775 16776
2487 : 16777 16778
2488 : 16779 16780
2489 : 16781 16782
2490 : 16783 16784
2491 : 16785 16786
2492 : 16787 16788
2493 : 16789 16790
2494 : 16791 16792
2495 : 16793 16794
2496 : 16795 16796
2497 : 16797 16798
2498 : 16799 16800
2499 : 16801 16802
2500 : 16803 16804
2501 : 16805 16806
2502 : 16807 16808
2503 : 16809 16810
2504 : 16811 16812
2505 : 16813 16814
2506 : 16815 16816
