10321 : 143881 143882
10322 : 143883 143884
10323 : 143885 143886
10324 : 143887 143888
10325 : 143889 143890
10326 : 143891 143892
10327 : 143893 143894
10328 : 143895 143896
10329 : 143897 143898
10330 : 143899 143900
10331 : 143901 143902
10332 : 143903 143904
10333 : 143905 143906
10334 : 143907 143908
10335 : 143909 143910
10336 : 143911 143912
10337 : 143913 143914
10338 : 143915 143916
10339 : 143917 143918
10340 : 143919 143920
10341 : 143921 143922
10342 : 143923 143924
10343 : 143925 143926
10344 : 143927 143928
10345 : 143929 143930
10346 : 143931 143932
10347 : 143933 143934
10348 : 143935 143936
10349 : 143937 143938
10350 : 143939 143940
10351 : 143941 143942
10352 : 143943 143944
10353 : 143945 143946
10354 : 143947 143948
10355 : 143949 143950
10356 : 143951 143952
10357 : 143953 143954
10358 : 143955 143956
10359 : 143957 143958
10360 : 143959 143960
