4108 : 28379 28380
4109 : 28381 28382
4110 : 28383 28384
4111 : 28385 28386
4112 : 28387 28388
4113 : 28389 28390
4114 : 28391 28392
4115 : 28393 28394
4116 : 28395 28396
4117 : 28397 28398
4118 : 28399 28400
4119 : 28401 28402
4120 : 28403 28404
4121 : 28405 28406
4122 : 28407 28408
4123 : 28409 28410
4124 : 28411 28412
4125 : 28413 28414
4126 : 28415 28416
4127 : 28417 28418
4128 : 28419 28420
4129 : 28421 28422
4130 : 28423 28424
4131 : 28425 28426
4132 : 28427 28428
4133 : 28429 28430
4134 : 28431 28432
4135 : 28433 28434
4136 : 28435 28436
4137 : 28437 28438
4138 : 28439 28440
4139 : 28441 28442
4140 : 28443 28444
4141 : 28445 28446
