5779 : 52910 52911
5780 : 52912 52913
5781 : 52914 52915
5782 : 52916 52917
5783 : 52918 52919
5784 : 52920 52921
5785 : 52922 52923
5786 : 52924 52925
5787 : 52926 52927
5788 : 52928 52929
5789 : 52930 52931
5790 : 52932 52933
5791 : 52934 52935
5792 : 52936 52937
5793 : 52938 52939
5794 : 52940 52941
5795 : 52942 52943
5796 : 52944 52945
5797 : 52946 52947
5798 : 52948 52949
5799 : 52950 52951
5800 : 52952 52953
5801 : 52954 52955
5802 : 52956 52957
5803 : 52958 52959
5804 : 52960 52961
5805 : 52962 52963
5806 : 52964 52965
5807 : 52966 52967
5808 : 52968 52969
5809 : 52970 52971
5810 : 52972 52973
5811 : 52974 52975
