59693 : 340246 340247
60148 : 340248 340249
60319 : 340250 340251
60505 : 340252 340253
60506 : 340254 340255
60507 : 340256 340257
60508 : 340258 340259
60509 : 340260 340261
60510 : 340262 340263
60511 : 340264 340265
60512 : 340266 340267
60513 : 340268 340269
60514 : 340270 340271
60515 : 340272 340273
60516 : 340274 340275
60517 : 340276 340277
60518 : 340278 340279
60519 : 340280 340281
60520 : 340282 340283
60521 : 340284 340285
60522 : 340286 340287
60523 : 340288 340289
60524 : 340290 340291
60525 : 340292 340293
60526 : 340294 340295
60527 : 340296 340297
60528 : 340298 340299
60529 : 340300 340301
60530 : 340302 340303
60531 : 340304 340305
60532 : 340306 340307
60533 : 340308 340309
60534 : 340310 340311
60535 : 340312 340313
60536 : 340314 340315
60537 : 340316 340317
60538 : 340318 340319
60539 : 340320 340321
60540 : 340322 340323
60541 : 340324 340325
60542 : 340326 340327
60543 : 340328 340329
60544 : 340330 340331
60545 : 340332 340333
60546 : 340334 340335
60547 : 340336 340337
60548 : 340338 340339
60549 : 340340 340341
60550 : 340342 340343
60551 : 340344 340345
60552 : 340346 340347
60553 : 340348 340349
60554 : 340350 340351
60555 : 340352 340353
60556 : 340354 340355
60557 : 340356 340357
60558 : 340358 340359
60559 : 340360 340361
60560 : 340362 340363
60561 : 340364 340365
60562 : 340366 340367
60563 : 340368 340369
60564 : 340370 340371
60565 : 340372 340373
60566 : 340374 340375
60567 : 340376 340377
60568 : 340378 340379
60569 : 340380 340381
60570 : 340382 340383
60571 : 340384 340385
60572 : 340386 340387
60573 : 340388 340389
60574 : 340390 340391
60575 : 340392 340393
60576 : 340394 340395
60577 : 340396 340397
60578 : 340398 340399
60579 : 340400 340401
60580 : 340402 340403
60581 : 340404 340405
60582 : 340406 340407
60583 : 340408 340409
60584 : 340410 340411
60585 : 340412 340413
60586 : 340414 340415
60587 : 340416 340417
60588 : 340418 340419
60589 : 340420 340421
60590 : 340422 340423
60591 : 340424 340425
60592 : 340426 340427
60593 : 340428 340429
60594 : 340430 340431
60595 : 340432 340433
60596 : 340434 340435
60597 : 340436 340437
60598 : 340438 340439
60599 : 340440 340441
60600 : 340442 340443
60601 : 340444 340445
60602 : 340446 340447
60603 : 340448 340449
60604 : 340450 340451
60605 : 340452 340453
60606 : 340454 340455
60607 : 340456 340457
60608 : 340458 340459
60609 : 340460 340461
60610 : 340462 340463
60611 : 340464 340465
60612 : 340466 340467
60613 : 340468 340469
