58312 : 475100 475101
58313 : 475102 475103
58314 : 475104 475105
58315 : 475106 475107
58316 : 475108 475109
58317 : 475110 475111
58318 : 475112 475113
58319 : 475114 475115
58320 : 475116 475117
58321 : 475118 475119
58322 : 475120 475121
58323 : 475122 475123
58324 : 475124 475125
58325 : 475126 475127
58326 : 475128 475129
58327 : 475130 475131
58328 : 475132 475133
58329 : 475134 475135
58330 : 475136 475137
58331 : 475138 475139
58332 : 475140 475141
58333 : 475142 475143
58334 : 475144 475145
58335 : 475146 475147
58336 : 475148 475149
58337 : 475150 475151
58338 : 475152 475153
58339 : 475154 475155
58340 : 475156 475157
58341 : 475158 475159
58342 : 475160 475161
58343 : 475162 475163
58344 : 475164 475165
58345 : 475166 475167
