13682 : 126201 126202
13683 : 126203 126204
13684 : 126205 126206
13685 : 126207 126208
13686 : 126209 126210
13687 : 126211 126212
13688 : 126213 126214
13689 : 126215 126216
13690 : 126217 126218
13691 : 126219 126220
13692 : 126221 126222
13693 : 126223 126224
13694 : 126225 126226
13695 : 126227 126228
13696 : 126229 126230
13697 : 126231 126232
13698 : 126233 126234
13699 : 126235 126236
13700 : 126237 126238
13701 : 126239 126240
13702 : 126241 126242
13703 : 126243 126244
13704 : 126245 126246
13705 : 126247 126248
13706 : 126249 126250
13707 : 126251 126252
