14845 : 108072 108073
14846 : 108074 108075
14847 : 108076 108077
14848 : 108078 108079
14849 : 108080 108081
14850 : 108082 108083
14851 : 108084 108085
14852 : 108086 108087
14853 : 108088 108089
14854 : 108090 108091
14855 : 108092 108093
14856 : 108094 108095
14857 : 108096 108097
14858 : 108098 108099
14859 : 108100 108101
14860 : 108102 108103
14861 : 108104 108105
14862 : 108106 108107
14863 : 108108 108109
14864 : 108110 108111
14865 : 108112 108113
14866 : 108114 108115
14867 : 108116 108117
14868 : 108118 108119
14869 : 108120 108121
14870 : 108122 108123
14871 : 108124 108125
14872 : 108126 108127
14873 : 108128 108129
14874 : 108130 108131
14875 : 108132 108133
14876 : 108134 108135
14877 : 108136 108137
14878 : 108138 108139
14879 : 108140 108141
14880 : 108142 108143
