47785 : 296405 296406
47786 : 296407 296408
47787 : 296409 296410
47788 : 296411 296412
47789 : 296413 296414
47790 : 296415 296416
47791 : 296417 296418
47792 : 296419 296420
47793 : 296421 296422
47794 : 296423 296424
47795 : 296425 296426
47796 : 296427 296428
47797 : 296429 296430
47798 : 296431 296432
47799 : 296433 296434
47800 : 296435 296436
47801 : 296437 296438
47802 : 296439 296440
47803 : 296441 296442
47804 : 296443 296444
47805 : 296445 296446
47806 : 296447 296448
47807 : 296449 296450
47808 : 296451 296452
47809 : 296453 296454
47810 : 296455 296456
47811 : 296457 296458
47812 : 296459 296460
47813 : 296461 296462
47814 : 296463 296464
47815 : 296465 296466
47816 : 296467 296468
47817 : 296469 296470
47818 : 296471 296472
47819 : 296473 296474
47820 : 296475 296476
47821 : 296477 296478
47822 : 296479 296480
47823 : 296481 296482
47824 : 296483 296484
47825 : 296485 296486
47826 : 296487 296488
47827 : 296489 296490
47828 : 296491 296492
47829 : 296493 296494
47830 : 296495 296496
47831 : 296497 296498
47832 : 296499 296500
47833 : 296501 296502
47834 : 296503 296504
47835 : 296505 296506
47836 : 296507 296508
47837 : 296509 296510
47838 : 296511 296512
47839 : 296513 296514
47840 : 296515 296516
47841 : 296517 296518
47842 : 296519 296520
47843 : 296521 296522
47844 : 296523 296524
47845 : 296525 296526
47846 : 296527 296528
47847 : 296529 296530
47848 : 296531 296532
47849 : 296533 296534
