12585 : 171689 171690
12586 : 171691 171692
12587 : 171693 171694
12588 : 171695 171696
12589 : 171697 171698
12590 : 171699 171700
12591 : 171701 171702
12592 : 171703 171704
12593 : 171705 171706
12594 : 171707 171708
12595 : 171709 171710
12596 : 171711 171712
12597 : 171713 171714
12598 : 171715 171716
12599 : 171717 171718
12600 : 171719 171720
12601 : 171721 171722
12602 : 171723 171724
12603 : 171725 171726
12604 : 171727 171728
12605 : 171729 171730
12606 : 171731 171732
12607 : 171733 171734
12608 : 171735 171736
12609 : 171737 171738
12610 : 171739 171740
