55881 : 452669 452670
55882 : 452671 452672
55883 : 452673 452674
55884 : 452675 452676
55885 : 452677 452678
55886 : 452679 452680
55887 : 452681 452682
55888 : 452683 452684
55889 : 452685 452686
55890 : 452687 452688
55891 : 452689 452690
55892 : 452691 452692
55893 : 452693 452694
55894 : 452695 452696
55895 : 452697 452698
55896 : 452699 452700
55897 : 452701 452702
55898 : 452703 452704
55899 : 452705 452706
55900 : 452707 452708
55901 : 452709 452710
55902 : 452711 452712
55903 : 452713 452714
55904 : 452715 452716
55905 : 452717 452718
55906 : 452719 452720
55907 : 452721 452722
55908 : 452723 452724
55909 : 452725 452726
55910 : 452727 452728
55911 : 452729 452730
55912 : 452731 452732
55913 : 452733 452734
55914 : 452735 452736
55915 : 452737 452738
55916 : 452739 452740
55917 : 452741 452742
55918 : 452743 452744
55919 : 452745 452746
55920 : 452747 452748
55921 : 452749 452750
55922 : 452751 452752
55923 : 452753 452754
55924 : 452755 452756
55925 : 452757 452758
55926 : 452759 452760
55927 : 452761 452762
55928 : 452763 452764
