55325 : 316125 316126
55706 : 316127 316128
55707 : 316129 316130
55708 : 316131 316132
55709 : 316133 316134
55710 : 316135 316136
55711 : 316137 316138
55712 : 316139 316140
55713 : 316141 316142
55714 : 316143 316144
55715 : 316145 316146
55716 : 316147 316148
55717 : 316149 316150
55718 : 316151 316152
55719 : 316153 316154
55720 : 316155 316156
55721 : 316157 316158
55722 : 316159 316160
55723 : 316161 316162
55724 : 316163 316164
55725 : 316165 316166
55726 : 316167 316168
55727 : 316169 316170
55728 : 316171 316172
55729 : 316173 316174
55730 : 316175 316176
55731 : 316177 316178
55732 : 316179 316180
55733 : 316181 316182
55734 : 316183 316184
55735 : 316185 316186
55736 : 316187 316188
55737 : 316189 316190
55738 : 316191 316192
55739 : 316193 316194
55740 : 316195 316196
55741 : 316197 316198
55742 : 316199 316200
55743 : 316201 316202
55744 : 316203 316204
55745 : 316205 316206
55746 : 316207 316208
55747 : 316209 316210
55748 : 316211 316212
55749 : 316213 316214
55750 : 316215 316216
55751 : 316217 316218
55752 : 316219 316220
55753 : 316221 316222
55754 : 316223 316224
55755 : 316225 316226
55756 : 316227 316228
55757 : 316229 316230
55758 : 316231 316232
55759 : 316233 316234
55760 : 316235 316236
55761 : 316237 316238
55762 : 316239 316240
55763 : 316241 316242
55764 : 316243 316244
55765 : 316245 316246
55766 : 316247 316248
55767 : 316249 316250
55768 : 316251 316252
55769 : 316253 316254
55770 : 316255 316256
55771 : 316257 316258
55772 : 316259 316260
55773 : 316261 316262
55774 : 316263 316264
55775 : 316265 316266
55776 : 316267 316268
55777 : 316269 316270
55778 : 316271 316272
55779 : 316273 316274
55780 : 316275 316276
55781 : 316277 316278
55782 : 316279 316280
55783 : 316281 316282
55784 : 316283 316284
55785 : 316285 316286
55786 : 316287 316288
55787 : 316289 316290
55788 : 316291 316292
55789 : 316293 316294
55790 : 316295 316296
55791 : 316297 316298
55792 : 316299 316300
55793 : 316301 316302
55794 : 316303 316304
55795 : 316305 316306
55796 : 316307 316308
