34206 : 284437 284438
34207 : 284439 284440
34208 : 284441 284442
34209 : 284443 284444
34210 : 284445 284446
34211 : 284447 284448
34212 : 284449 284450
34213 : 284451 284452
34214 : 284453 284454
34215 : 284455 284456
34216 : 284457 284458
34217 : 284459 284460
34218 : 284461 284462
34219 : 284463 284464
34220 : 284465 284466
34221 : 284467 284468
34222 : 284469 284470
34223 : 284471 284472
34224 : 284473 284474
34225 : 284475 284476
34226 : 284477 284478
34227 : 284479 284480
34228 : 284481 284482
34229 : 284483 284484
34230 : 284485 284486
34231 : 284487 284488
34232 : 284489 284490
34233 : 284491 284492
34234 : 284493 284494
34235 : 284495 284496
34236 : 284497 284498
34237 : 284499 284500
34238 : 284501 284502
34239 : 284503 284504
