25244 : 182748 182749
25245 : 182750 182751
25246 : 182752 182753
25247 : 182754 182755
25248 : 182756 182757
25249 : 182758 182759
25250 : 182760 182761
25251 : 182762 182763
25252 : 182764 182765
25253 : 182766 182767
25254 : 182768 182769
25255 : 182770 182771
25256 : 182772 182773
25257 : 182774 182775
25258 : 182776 182777
25259 : 182778 182779
25260 : 182780 182781
25261 : 182782 182783
25262 : 182784 182785
25263 : 182786 182787
25264 : 182788 182789
25265 : 182790 182791
25266 : 182792 182793
25267 : 182794 182795
25268 : 182796 182797
25269 : 182798 182799
25270 : 182800 182801
25271 : 182802 182803
25272 : 182804 182805
25273 : 182806 182807
25274 : 182808 182809
25275 : 182810 182811
25276 : 182812 182813
25277 : 182814 182815
