99003 : 649850 649851
99004 : 649852 649853
99005 : 649854 649855
99006 : 649856 649857
99007 : 649858 649859
99008 : 649860 649861
99009 : 649862 649863
99010 : 649864 649865
99011 : 649866 649867
99012 : 649868 649869
99013 : 649870 649871
99014 : 649872 649873
99015 : 649874 649875
99016 : 649876 649877
99017 : 649878 649879
99018 : 649880 649881
99019 : 649882 649883
99020 : 649884 649885
99021 : 649886 649887
99022 : 649888 649889
99023 : 649890 649891
99024 : 649892 649893
99025 : 649894 649895
99026 : 649896 649897
99027 : 649898 649899
99028 : 649900 649901
99029 : 649902 649903
99030 : 649904 649905
99031 : 649906 649907
99032 : 649908 649909
99033 : 649910 649911
99034 : 649912 649913
99035 : 649914 649915
99036 : 649916 649917
