10081 : 142073 142074
10082 : 142075 142076
10083 : 142077 142078
10084 : 142079 142080
10085 : 142081 142082
10086 : 142083 142084
10087 : 142085 142086
10088 : 142087 142088
10089 : 142089 142090
10090 : 142091 142092
10091 : 142093 142094
10092 : 142095 142096
10093 : 142097 142098
10094 : 142099 142100
10095 : 142101 142102
10096 : 142103 142104
10097 : 142105 142106
10098 : 142107 142108
10099 : 142109 142110
10100 : 142111 142112
10101 : 142113 142114
10102 : 142115 142116
10103 : 142117 142118
10104 : 142119 142120
10105 : 142121 142122
10106 : 142123 142124
10107 : 142125 142126
10108 : 142127 142128
10109 : 142129 142130
10110 : 142131 142132
10111 : 142133 142134
10112 : 142135 142136
10113 : 142137 142138
10114 : 142139 142140
10115 : 142141 142142
10116 : 142143 142144
10117 : 142145 142146
10118 : 142147 142148
10119 : 142149 142150
