57576 : 465060 465061
57577 : 465062 465063
57578 : 465064 465065
57579 : 465066 465067
57580 : 465068 465069
57581 : 465070 465071
57582 : 465072 465073
57583 : 465074 465075
57584 : 465076 465077
57585 : 465078 465079
57586 : 465080 465081
57587 : 465082 465083
57588 : 465084 465085
57589 : 465086 465087
57590 : 465088 465089
57591 : 465090 465091
57592 : 465092 465093
57593 : 465094 465095
57594 : 465096 465097
57595 : 465098 465099
57596 : 465100 465101
57597 : 465102 465103
57598 : 465104 465105
57599 : 465106 465107
57600 : 465108 465109
57601 : 465110 465111
57602 : 465112 465113
57603 : 465114 465115
57604 : 465116 465117
57605 : 465118 465119
57606 : 465120 465121
57607 : 465122 465123
