24092 : 175479 175480
24093 : 175481 175482
24094 : 175483 175484
24095 : 175485 175486
24096 : 175487 175488
24097 : 175489 175490
24098 : 175491 175492
24099 : 175493 175494
24100 : 175495 175496
24101 : 175497 175498
24102 : 175499 175500
24103 : 175501 175502
24104 : 175503 175504
24105 : 175505 175506
24106 : 175507 175508
24107 : 175509 175510
24108 : 175511 175512
24109 : 175513 175514
24110 : 175515 175516
24111 : 175517 175518
24112 : 175519 175520
24113 : 175521 175522
24114 : 175523 175524
24115 : 175525 175526
24116 : 175527 175528
24117 : 175529 175530
24118 : 175531 175532
24119 : 175533 175534
24120 : 175535 175536
24121 : 175537 175538
24122 : 175539 175540
24123 : 175541 175542
24124 : 175543 175544
24125 : 175545 175546
