274 : 2526 2527
484 : 2528 2529
485 : 2530 2531
486 : 2532 2533
487 : 2534 2535
488 : 2536 2537
489 : 2538 2539
490 : 2540 2541
491 : 2542 2543
492 : 2544 2545
493 : 2546 2547
494 : 2548 2549
495 : 2550 2551
496 : 2552 2553
497 : 2554 2555
498 : 2556 2557
499 : 2558 2559
500 : 2560 2561
501 : 2562 2563
502 : 2564 2565
503 : 2566 2567
504 : 2568 2569
505 : 2570 2571
506 : 2572 2573
507 : 2574 2575
508 : 2576 2577
509 : 2578 2579
510 : 2580 2581
511 : 2582 2583
512 : 2584 2585
513 : 2586 2587
514 : 2588 2589
515 : 2590 2591
516 : 2592 2593
517 : 2594 2595
