9385 : 115102 115103
9386 : 115104 115105
9387 : 115106 115107
9388 : 115108 115109
9389 : 115110 115111
9390 : 115112 115113
9391 : 115114 115115
9392 : 115116 115117
9393 : 115118 115119
9394 : 115120 115121
9395 : 115122 115123
9396 : 115124 115125
9397 : 115126 115127
9398 : 115128 115129
9399 : 115130 115131
9400 : 115132 115133
9401 : 115134 115135
9402 : 115136 115137
9403 : 115138 115139
9404 : 115140 115141
9405 : 115142 115143
9406 : 115144 115145
9407 : 115146 115147
9408 : 115148 115149
9409 : 115150 115151
9410 : 115152 115153
9411 : 115154 115155
9412 : 115156 115157
