31445 : 217625 217626
31840 : 217627 217628
31932 : 217629 217630
31933 : 217631 217632
31934 : 217633 217634
31935 : 217635 217636
31936 : 217637 217638
31937 : 217639 217640
31938 : 217641 217642
31939 : 217643 217644
31940 : 217645 217646
31941 : 217647 217648
31942 : 217649 217650
31943 : 217651 217652
31944 : 217653 217654
31945 : 217655 217656
31946 : 217657 217658
31947 : 217659 217660
31948 : 217661 217662
31949 : 217663 217664
31950 : 217665 217666
31951 : 217667 217668
31952 : 217669 217670
31953 : 217671 217672
31954 : 217673 217674
31955 : 217675 217676
31956 : 217677 217678
31957 : 217679 217680
31958 : 217681 217682
31959 : 217683 217684
31960 : 217685 217686
31961 : 217687 217688
31962 : 217689 217690
31963 : 217691 217692
31964 : 217693 217694
31965 : 217695 217696
31966 : 217697 217698
31967 : 217699 217700
31968 : 217701 217702
31969 : 217703 217704
31970 : 217705 217706
31971 : 217707 217708
31972 : 217709 217710
31973 : 217711 217712
31974 : 217713 217714
31975 : 217715 217716
31976 : 217717 217718
31977 : 217719 217720
31978 : 217721 217722
31979 : 217723 217724
31980 : 217725 217726
31981 : 217727 217728
31982 : 217729 217730
31983 : 217731 217732
31984 : 217733 217734
31985 : 217735 217736
31986 : 217737 217738
31987 : 217739 217740
31988 : 217741 217742
31989 : 217743 217744
