69482 : 425625 425626
69483 : 425627 425628
69484 : 425629 425630
69485 : 425631 425632
69486 : 425633 425634
69487 : 425635 425636
69488 : 425637 425638
69489 : 425639 425640
69490 : 425641 425642
69491 : 425643 425644
69492 : 425645 425646
69493 : 425647 425648
69494 : 425649 425650
69495 : 425651 425652
69496 : 425653 425654
69497 : 425655 425656
69498 : 425657 425658
69499 : 425659 425660
69500 : 425661 425662
69501 : 425663 425664
69502 : 425665 425666
69503 : 425667 425668
69504 : 425669 425670
69505 : 425671 425672
69506 : 425673 425674
69507 : 425675 425676
69508 : 425677 425678
69509 : 425679 425680
69510 : 425681 425682
69511 : 425683 425684
69512 : 425685 425686
69513 : 425687 425688
69514 : 425689 425690
69515 : 425691 425692
69516 : 425693 425694
69517 : 425695 425696
69518 : 425697 425698
