8040 : 57187 57188
8041 : 57189 57190
8042 : 57191 57192
8043 : 57193 57194
8044 : 57195 57196
8045 : 57197 57198
8046 : 57199 57200
8047 : 57201 57202
8048 : 57203 57204
8049 : 57205 57206
8050 : 57207 57208
8051 : 57209 57210
8052 : 57211 57212
8053 : 57213 57214
8054 : 57215 57216
8055 : 57217 57218
8056 : 57219 57220
8057 : 57221 57222
8058 : 57223 57224
8059 : 57225 57226
8060 : 57227 57228
8061 : 57229 57230
8062 : 57231 57232
8063 : 57233 57234
8064 : 57235 57236
8065 : 57237 57238
8066 : 57239 57240
8067 : 57241 57242
8068 : 57243 57244
8069 : 57245 57246
8070 : 57247 57248
8071 : 57249 57250
8072 : 57251 57252
8073 : 57253 57254
