6704 : 47864 47865
6705 : 47866 47867
6706 : 47868 47869
6707 : 47870 47871
6708 : 47872 47873
6709 : 47874 47875
6710 : 47876 47877
6711 : 47878 47879
6712 : 47880 47881
6713 : 47882 47883
6714 : 47884 47885
6715 : 47886 47887
6716 : 47888 47889
6717 : 47890 47891
6718 : 47892 47893
6719 : 47894 47895
6720 : 47896 47897
6721 : 47898 47899
6722 : 47900 47901
6723 : 47902 47903
6724 : 47904 47905
6725 : 47906 47907
6726 : 47908 47909
6727 : 47910 47911
6728 : 47912 47913
6729 : 47914 47915
6730 : 47916 47917
6731 : 47918 47919
6732 : 47920 47921
6733 : 47922 47923
6734 : 47924 47925
6735 : 47926 47927
6736 : 47928 47929
6737 : 47930 47931
6738 : 47932 47933
