2989 : 29596 29597
2990 : 29598 29599
2991 : 29600 29601
2992 : 29602 29603
2993 : 29604 29605
2994 : 29606 29607
2995 : 29608 29609
2996 : 29610 29611
2997 : 29612 29613
2998 : 29614 29615
2999 : 29616 29617
3000 : 29618 29619
3001 : 29620 29621
3002 : 29622 29623
3003 : 29624 29625
3004 : 29626 29627
3005 : 29628 29629
3006 : 29630 29631
3007 : 29632 29633
3008 : 29634 29635
3009 : 29636 29637
3010 : 29638 29639
3011 : 29640 29641
3012 : 29642 29643
3013 : 29644 29645
3014 : 29646 29647
3015 : 29648 29649
3016 : 29650 29651
3017 : 29652 29653
3018 : 29654 29655
3019 : 29656 29657
3020 : 29658 29659
3021 : 29660 29661
3022 : 29662 29663
3023 : 29664 29665
3024 : 29666 29667
3025 : 29668 29669
