57685 : 469647 469648
57686 : 469649 469650
57687 : 469651 469652
57688 : 469653 469654
57689 : 469655 469656
57690 : 469657 469658
57691 : 469659 469660
57692 : 469661 469662
57693 : 469663 469664
57694 : 469665 469666
57695 : 469667 469668
57696 : 469669 469670
57697 : 469671 469672
57698 : 469673 469674
57699 : 469675 469676
57700 : 469677 469678
57701 : 469679 469680
57702 : 469681 469682
57703 : 469683 469684
57704 : 469685 469686
57705 : 469687 469688
57706 : 469689 469690
57707 : 469691 469692
57708 : 469693 469694
57709 : 469695 469696
57710 : 469697 469698
57711 : 469699 469700
57712 : 469701 469702
57713 : 469703 469704
57714 : 469705 469706
57715 : 469707 469708
57716 : 469709 469710
57717 : 469711 469712
57718 : 469713 469714
