30589 : 258118 258119
30590 : 258120 258121
30591 : 258122 258123
30592 : 258124 258125
30593 : 258126 258127
30594 : 258128 258129
30595 : 258130 258131
30596 : 258132 258133
30597 : 258134 258135
30598 : 258136 258137
30599 : 258138 258139
30600 : 258140 258141
30601 : 258142 258143
30602 : 258144 258145
30603 : 258146 258147
30604 : 258148 258149
30605 : 258150 258151
30606 : 258152 258153
30607 : 258154 258155
30608 : 258156 258157
30609 : 258158 258159
30610 : 258160 258161
30611 : 258162 258163
30612 : 258164 258165
30613 : 258166 258167
30614 : 258168 258169
30615 : 258170 258171
30616 : 258172 258173
30617 : 258174 258175
30618 : 258176 258177
30619 : 258178 258179
30620 : 258180 258181
30621 : 258182 258183
30622 : 258184 258185
30623 : 258186 258187
30624 : 258188 258189
30625 : 258190 258191
30626 : 258192 258193
