66428 : 405734 405735
66429 : 405736 405737
66430 : 405738 405739
66431 : 405740 405741
66432 : 405742 405743
66433 : 405744 405745
66434 : 405746 405747
66435 : 405748 405749
66436 : 405750 405751
66437 : 405752 405753
66438 : 405754 405755
66439 : 405756 405757
66440 : 405758 405759
66441 : 405760 405761
66442 : 405762 405763
66443 : 405764 405765
66444 : 405766 405767
66445 : 405768 405769
66446 : 405770 405771
66447 : 405772 405773
66448 : 405774 405775
66449 : 405776 405777
66450 : 405778 405779
66451 : 405780 405781
66452 : 405782 405783
66453 : 405784 405785
66454 : 405786 405787
66455 : 405788 405789
66456 : 405790 405791
66457 : 405792 405793
66458 : 405794 405795
66459 : 405796 405797
66460 : 405798 405799
66461 : 405800 405801
66462 : 405802 405803
66463 : 405804 405805
66464 : 405806 405807
66465 : 405808 405809
66466 : 405810 405811
66467 : 405812 405813
66468 : 405814 405815
66469 : 405816 405817
66470 : 405818 405819
66471 : 405820 405821
66472 : 405822 405823
66473 : 405824 405825
