71192 : 437512 437513
71193 : 437514 437515
71194 : 437516 437517
71195 : 437518 437519
71196 : 437520 437521
71197 : 437522 437523
71198 : 437524 437525
71199 : 437526 437527
71200 : 437528 437529
71201 : 437530 437531
71202 : 437532 437533
71203 : 437534 437535
71204 : 437536 437537
71205 : 437538 437539
71206 : 437540 437541
71207 : 437542 437543
71208 : 437544 437545
71209 : 437546 437547
71210 : 437548 437549
71211 : 437550 437551
71212 : 437552 437553
71213 : 437554 437555
71214 : 437556 437557
71215 : 437558 437559
71216 : 437560 437561
71217 : 437562 437563
71218 : 437564 437565
71219 : 437566 437567
71220 : 437568 437569
71221 : 437570 437571
71222 : 437572 437573
71223 : 437574 437575
71224 : 437576 437577
71225 : 437578 437579
71226 : 437580 437581
71227 : 437582 437583
71228 : 437584 437585
