24811 : 168426 168427
25123 : 168428 168429
25124 : 168430 168431
25125 : 168432 168433
25126 : 168434 168435
25127 : 168436 168437
25128 : 168438 168439
25129 : 168440 168441
25130 : 168442 168443
25131 : 168444 168445
25132 : 168446 168447
25133 : 168448 168449
25134 : 168450 168451
25135 : 168452 168453
25136 : 168454 168455
25137 : 168456 168457
25138 : 168458 168459
25139 : 168460 168461
25140 : 168462 168463
25141 : 168464 168465
25142 : 168466 168467
25143 : 168468 168469
25144 : 168470 168471
25145 : 168472 168473
25146 : 168474 168475
25147 : 168476 168477
25148 : 168478 168479
25149 : 168480 168481
25150 : 168482 168483
25151 : 168484 168485
25152 : 168486 168487
25153 : 168488 168489
25154 : 168490 168491
25155 : 168492 168493
25156 : 168494 168495
25157 : 168496 168497
25158 : 168498 168499
25159 : 168500 168501
25160 : 168502 168503
25161 : 168504 168505
25162 : 168506 168507
25163 : 168508 168509
25164 : 168510 168511
25165 : 168512 168513
25166 : 168514 168515
25167 : 168516 168517
25168 : 168518 168519
25169 : 168520 168521
25170 : 168522 168523
25171 : 168524 168525
25172 : 168526 168527
25173 : 168528 168529
25174 : 168530 168531
25175 : 168532 168533
25176 : 168534 168535
25177 : 168536 168537
25178 : 168538 168539
25179 : 168540 168541
25180 : 168542 168543
25181 : 168544 168545
25182 : 168546 168547
25183 : 168548 168549
25184 : 168550 168551
25185 : 168552 168553
25186 : 168554 168555
25187 : 168556 168557
25188 : 168558 168559
25189 : 168560 168561
25190 : 168562 168563
25191 : 168564 168565
25192 : 168566 168567
25193 : 168568 168569
25194 : 168570 168571
25195 : 168572 168573
25196 : 168574 168575
25197 : 168576 168577
25198 : 168578 168579
25199 : 168580 168581
25200 : 168582 168583
25201 : 168584 168585
25202 : 168586 168587
25203 : 168588 168589
25204 : 168590 168591
25205 : 168592 168593
25206 : 168594 168595
25207 : 168596 168597
25208 : 168598 168599
25209 : 168600 168601
25210 : 168602 168603
25211 : 168604 168605
25212 : 168606 168607
25213 : 168608 168609
25214 : 168610 168611
25215 : 168612 168613
25216 : 168614 168615
25217 : 168616 168617
25218 : 168618 168619
25219 : 168620 168621
