23413 : 163508 163509
23997 : 163510 163511
23998 : 163512 163513
23999 : 163514 163515
24000 : 163516 163517
24001 : 163518 163519
24002 : 163520 163521
24003 : 163522 163523
24004 : 163524 163525
24005 : 163526 163527
24006 : 163528 163529
24007 : 163530 163531
24008 : 163532 163533
24009 : 163534 163535
24010 : 163536 163537
24011 : 163538 163539
24012 : 163540 163541
24013 : 163542 163543
24014 : 163544 163545
24015 : 163546 163547
24016 : 163548 163549
24017 : 163550 163551
24018 : 163552 163553
24019 : 163554 163555
24020 : 163556 163557
24021 : 163558 163559
24022 : 163560 163561
24023 : 163562 163563
24024 : 163564 163565
24025 : 163566 163567
24026 : 163568 163569
24027 : 163570 163571
24028 : 163572 163573
24029 : 163574 163575
24030 : 163576 163577
24031 : 163578 163579
24032 : 163580 163581
24033 : 163582 163583
24034 : 163584 163585
24035 : 163586 163587
24036 : 163588 163589
24037 : 163590 163591
24038 : 163592 163593
24039 : 163594 163595
24040 : 163596 163597
24041 : 163598 163599
24042 : 163600 163601
24043 : 163602 163603
24044 : 163604 163605
24045 : 163606 163607
24046 : 163608 163609
24047 : 163610 163611
24048 : 163612 163613
24049 : 163614 163615
24050 : 163616 163617
24051 : 163618 163619
24052 : 163620 163621
24053 : 163622 163623
24054 : 163624 163625
24055 : 163626 163627
24056 : 163628 163629
24057 : 163630 163631
24058 : 163632 163633
24059 : 163634 163635
24060 : 163636 163637
24061 : 163638 163639
24062 : 163640 163641
24063 : 163642 163643
24064 : 163644 163645
24065 : 163646 163647
24066 : 163648 163649
24067 : 163650 163651
24068 : 163652 163653
24069 : 163654 163655
24070 : 163656 163657
24071 : 163658 163659
24072 : 163660 163661
24073 : 163662 163663
24074 : 163664 163665
24075 : 163666 163667
24076 : 163668 163669
24077 : 163670 163671
24078 : 163672 163673
24079 : 163674 163675
24080 : 163676 163677
24081 : 163678 163679
24082 : 163680 163681
24083 : 163682 163683
24084 : 163684 163685
24085 : 163686 163687
24086 : 163688 163689
24087 : 163690 163691
24088 : 163692 163693
24089 : 163694 163695
24090 : 163696 163697
24091 : 163698 163699
24092 : 163700 163701
24093 : 163702 163703
24094 : 163704 163705
24095 : 163706 163707
24096 : 163708 163709
24097 : 163710 163711
24098 : 163712 163713
24099 : 163714 163715
24100 : 163716 163717
24101 : 163718 163719
24102 : 163720 163721
24103 : 163722 163723
24104 : 163724 163725
