48882 : 288137 288138
49342 : 288139 288140
49841 : 288141 288142
49930 : 288143 288144
49931 : 288145 288146
49932 : 288147 288148
49933 : 288149 288150
49934 : 288151 288152
49935 : 288153 288154
49936 : 288155 288156
49937 : 288157 288158
49938 : 288159 288160
49939 : 288161 288162
49940 : 288163 288164
49941 : 288165 288166
49942 : 288167 288168
49943 : 288169 288170
49944 : 288171 288172
49945 : 288173 288174
49946 : 288175 288176
49947 : 288177 288178
49948 : 288179 288180
49949 : 288181 288182
49950 : 288183 288184
49951 : 288185 288186
49952 : 288187 288188
49953 : 288189 288190
49954 : 288191 288192
49955 : 288193 288194
49956 : 288195 288196
49957 : 288197 288198
49958 : 288199 288200
49959 : 288201 288202
49960 : 288203 288204
49961 : 288205 288206
49962 : 288207 288208
49963 : 288209 288210
49964 : 288211 288212
49965 : 288213 288214
49966 : 288215 288216
49967 : 288217 288218
49968 : 288219 288220
49969 : 288221 288222
49970 : 288223 288224
49971 : 288225 288226
49972 : 288227 288228
49973 : 288229 288230
49974 : 288231 288232
49975 : 288233 288234
49976 : 288235 288236
49977 : 288237 288238
49978 : 288239 288240
49979 : 288241 288242
49980 : 288243 288244
49981 : 288245 288246
49982 : 288247 288248
49983 : 288249 288250
49984 : 288251 288252
49985 : 288253 288254
49986 : 288255 288256
49987 : 288257 288258
49988 : 288259 288260
49989 : 288261 288262
49990 : 288263 288264
49991 : 288265 288266
49992 : 288267 288268
49993 : 288269 288270
49994 : 288271 288272
49995 : 288273 288274
49996 : 288275 288276
49997 : 288277 288278
49998 : 288279 288280
49999 : 288281 288282
50000 : 288283 288284
50001 : 288285 288286
50002 : 288287 288288
50003 : 288289 288290
50004 : 288291 288292
50005 : 288293 288294
50006 : 288295 288296
50007 : 288297 288298
50008 : 288299 288300
50009 : 288301 288302
50010 : 288303 288304
50011 : 288305 288306
50012 : 288307 288308
50013 : 288309 288310
50014 : 288311 288312
50015 : 288313 288314
50016 : 288315 288316
50017 : 288317 288318
