76667 : 428805 428806
76668 : 428807 428808
76669 : 428809 428810
76670 : 428811 428812
76671 : 428813 428814
76672 : 428815 428816
76673 : 428817 428818
76674 : 428819 428820
76675 : 428821 428822
76676 : 428823 428824
76677 : 428825 428826
76678 : 428827 428828
76679 : 428829 428830
76680 : 428831 428832
76681 : 428833 428834
76682 : 428835 428836
76683 : 428837 428838
76684 : 428839 428840
76685 : 428841 428842
76686 : 428843 428844
76687 : 428845 428846
76688 : 428847 428848
76689 : 428849 428850
76690 : 428851 428852
76691 : 428853 428854
76692 : 428855 428856
76693 : 428857 428858
76694 : 428859 428860
76695 : 428861 428862
76696 : 428863 428864
76697 : 428865 428866
76698 : 428867 428868
76699 : 428869 428870
76700 : 428871 428872
76701 : 428873 428874
76702 : 428875 428876
76703 : 428877 428878
76704 : 428879 428880
76705 : 428881 428882
76706 : 428883 428884
76707 : 428885 428886
76708 : 428887 428888
76709 : 428889 428890
76710 : 428891 428892
76711 : 428893 428894
76712 : 428895 428896
76713 : 428897 428898
76714 : 428899 428900
76715 : 428901 428902
76716 : 428903 428904
76717 : 428905 428906
76718 : 428907 428908
76719 : 428909 428910
76720 : 428911 428912
76721 : 428913 428914
76722 : 428915 428916
76723 : 428917 428918
76724 : 428919 428920
76725 : 428921 428922
76726 : 428923 428924
