54840 : 338186 338187
54841 : 338188 338189
54842 : 338190 338191
54843 : 338192 338193
54844 : 338194 338195
54845 : 338196 338197
54846 : 338198 338199
54847 : 338200 338201
54848 : 338202 338203
54849 : 338204 338205
54850 : 338206 338207
54851 : 338208 338209
54852 : 338210 338211
54853 : 338212 338213
54854 : 338214 338215
54855 : 338216 338217
54856 : 338218 338219
54857 : 338220 338221
54858 : 338222 338223
54859 : 338224 338225
54860 : 338226 338227
54861 : 338228 338229
54862 : 338230 338231
54863 : 338232 338233
54864 : 338234 338235
54865 : 338236 338237
54866 : 338238 338239
54867 : 338240 338241
54868 : 338242 338243
54869 : 338244 338245
54870 : 338246 338247
54871 : 338248 338249
54872 : 338250 338251
