9482 : 90466 90467
9483 : 90468 90469
9484 : 90470 90471
9485 : 90472 90473
9486 : 90474 90475
9487 : 90476 90477
9488 : 90478 90479
9489 : 90480 90481
9490 : 90482 90483
9491 : 90484 90485
9492 : 90486 90487
9493 : 90488 90489
9494 : 90490 90491
9495 : 90492 90493
9496 : 90494 90495
9497 : 90496 90497
9498 : 90498 90499
9499 : 90500 90501
9500 : 90502 90503
9501 : 90504 90505
9502 : 90506 90507
9503 : 90508 90509
9504 : 90510 90511
9505 : 90512 90513
9506 : 90514 90515
9507 : 90516 90517
9508 : 90518 90519
9509 : 90520 90521
9510 : 90522 90523
9511 : 90524 90525
9512 : 90526 90527
9513 : 90528 90529
9514 : 90530 90531
