16424 : 128262 128263
16425 : 128264 128265
16426 : 128266 128267
16427 : 128268 128269
16428 : 128270 128271
16429 : 128272 128273
16430 : 128274 128275
16431 : 128276 128277
16432 : 128278 128279
16433 : 128280 128281
16434 : 128282 128283
16435 : 128284 128285
16436 : 128286 128287
16437 : 128288 128289
16438 : 128290 128291
16439 : 128292 128293
16440 : 128294 128295
16441 : 128296 128297
16442 : 128298 128299
16443 : 128300 128301
16444 : 128302 128303
16445 : 128304 128305
16446 : 128306 128307
16447 : 128308 128309
16448 : 128310 128311
16449 : 128312 128313
16450 : 128314 128315
16451 : 128316 128317
16452 : 128318 128319
16453 : 128320 128321
16454 : 128322 128323
16455 : 128324 128325
16456 : 128326 128327
16457 : 128328 128329
16458 : 128330 128331
16459 : 128332 128333
16460 : 128334 128335
16461 : 128336 128337
16462 : 128338 128339
16463 : 128340 128341
16464 : 128342 128343
16465 : 128344 128345
16466 : 128346 128347
16467 : 128348 128349
16468 : 128350 128351
16469 : 128352 128353
16470 : 128354 128355
16471 : 128356 128357
16472 : 128358 128359
16473 : 128360 128361
16474 : 128362 128363
16475 : 128364 128365
16476 : 128366 128367
16477 : 128368 128369
16478 : 128370 128371
16479 : 128372 128373
16480 : 128374 128375
16481 : 128376 128377
16482 : 128378 128379
16483 : 128380 128381
16484 : 128382 128383
16485 : 128384 128385
16486 : 128386 128387
16487 : 128388 128389
16488 : 128390 128391
16489 : 128392 128393
16490 : 128394 128395
16491 : 128396 128397
16492 : 128398 128399
