41206 : 262950 262951
41207 : 262952 262953
41208 : 262954 262955
41209 : 262956 262957
41210 : 262958 262959
41211 : 262960 262961
41212 : 262962 262963
41213 : 262964 262965
41214 : 262966 262967
41215 : 262968 262969
41216 : 262970 262971
41217 : 262972 262973
41218 : 262974 262975
41219 : 262976 262977
41220 : 262978 262979
41221 : 262980 262981
41222 : 262982 262983
41223 : 262984 262985
41224 : 262986 262987
41225 : 262988 262989
41226 : 262990 262991
41227 : 262992 262993
41228 : 262994 262995
41229 : 262996 262997
41230 : 262998 262999
41231 : 263000 263001
41232 : 263002 263003
41233 : 263004 263005
41234 : 263006 263007
41235 : 263008 263009
41236 : 263010 263011
41237 : 263012 263013
41238 : 263014 263015
41239 : 263016 263017
41240 : 263018 263019
41241 : 263020 263021
41242 : 263022 263023
41243 : 263024 263025
41244 : 263026 263027
41245 : 263028 263029
41246 : 263030 263031
41247 : 263032 263033
41248 : 263034 263035
41249 : 263036 263037
41250 : 263038 263039
41251 : 263040 263041
41252 : 263042 263043
41253 : 263044 263045
41254 : 263046 263047
41255 : 263048 263049
41256 : 263050 263051
41257 : 263052 263053
41258 : 263054 263055
