47610 : 294574 294575
47611 : 294576 294577
47612 : 294578 294579
47613 : 294580 294581
47614 : 294582 294583
47615 : 294584 294585
47616 : 294586 294587
47617 : 294588 294589
47618 : 294590 294591
47619 : 294592 294593
47620 : 294594 294595
47621 : 294596 294597
47622 : 294598 294599
47623 : 294600 294601
47624 : 294602 294603
47625 : 294604 294605
47626 : 294606 294607
47627 : 294608 294609
47628 : 294610 294611
47629 : 294612 294613
47630 : 294614 294615
47631 : 294616 294617
47632 : 294618 294619
47633 : 294620 294621
47634 : 294622 294623
47635 : 294624 294625
47636 : 294626 294627
47637 : 294628 294629
47638 : 294630 294631
47639 : 294632 294633
47640 : 294634 294635
47641 : 294636 294637
47642 : 294638 294639
47643 : 294640 294641
47644 : 294642 294643
47645 : 294644 294645
47646 : 294646 294647
47647 : 294648 294649
47648 : 294650 294651
47649 : 294652 294653
47650 : 294654 294655
47651 : 294656 294657
47652 : 294658 294659
47653 : 294660 294661
47654 : 294662 294663
47655 : 294664 294665
47656 : 294666 294667
