13283 : 178227 178228
13284 : 178229 178230
13285 : 178231 178232
13286 : 178233 178234
13287 : 178235 178236
13288 : 178237 178238
13289 : 178239 178240
13290 : 178241 178242
13291 : 178243 178244
13292 : 178245 178246
13293 : 178247 178248
13294 : 178249 178250
13295 : 178251 178252
13296 : 178253 178254
13297 : 178255 178256
13298 : 178257 178258
13299 : 178259 178260
13300 : 178261 178262
13301 : 178263 178264
13302 : 178265 178266
13303 : 178267 178268
13304 : 178269 178270
13305 : 178271 178272
13306 : 178273 178274
13307 : 178275 178276
13308 : 178277 178278
13309 : 178279 178280
13310 : 178281 178282
13311 : 178283 178284
13312 : 178285 178286
13313 : 178287 178288
13314 : 178289 178290
13315 : 178291 178292
13316 : 178293 178294
13317 : 178295 178296
13318 : 178297 178298
