15223 : 138286 138287
15224 : 138288 138289
15225 : 138290 138291
15226 : 138292 138293
15227 : 138294 138295
15228 : 138296 138297
15229 : 138298 138299
15230 : 138300 138301
15231 : 138302 138303
15232 : 138304 138305
15233 : 138306 138307
15234 : 138308 138309
15235 : 138310 138311
15236 : 138312 138313
15237 : 138314 138315
15238 : 138316 138317
15239 : 138318 138319
15240 : 138320 138321
15241 : 138322 138323
15242 : 138324 138325
15243 : 138326 138327
15244 : 138328 138329
15245 : 138330 138331
15246 : 138332 138333
15247 : 138334 138335
15248 : 138336 138337
15249 : 138338 138339
15250 : 138340 138341
15251 : 138342 138343
15252 : 138344 138345
15253 : 138346 138347
15254 : 138348 138349
15255 : 138350 138351
15256 : 138352 138353
15257 : 138354 138355
15258 : 138356 138357
15259 : 138358 138359
15260 : 138360 138361
15261 : 138362 138363
15262 : 138364 138365
15263 : 138366 138367
15264 : 138368 138369
15265 : 138370 138371
15266 : 138372 138373
15267 : 138374 138375
15268 : 138376 138377
15269 : 138378 138379
