57848 : 467043 467044
57849 : 467045 467046
57850 : 467047 467048
57851 : 467049 467050
57852 : 467051 467052
57853 : 467053 467054
57854 : 467055 467056
57855 : 467057 467058
57856 : 467059 467060
57857 : 467061 467062
57858 : 467063 467064
57859 : 467065 467066
57860 : 467067 467068
57861 : 467069 467070
57862 : 467071 467072
57863 : 467073 467074
57864 : 467075 467076
57865 : 467077 467078
57866 : 467079 467080
57867 : 467081 467082
57868 : 467083 467084
57869 : 467085 467086
57870 : 467087 467088
57871 : 467089 467090
57872 : 467091 467092
