52198 : 427995 427996
52199 : 427997 427998
52200 : 427999 428000
52201 : 428001 428002
52202 : 428003 428004
52203 : 428005 428006
52204 : 428007 428008
52205 : 428009 428010
52206 : 428011 428012
52207 : 428013 428014
52208 : 428015 428016
52209 : 428017 428018
52210 : 428019 428020
52211 : 428021 428022
52212 : 428023 428024
52213 : 428025 428026
52214 : 428027 428028
52215 : 428029 428030
52216 : 428031 428032
52217 : 428033 428034
52218 : 428035 428036
52219 : 428037 428038
52220 : 428039 428040
52221 : 428041 428042
52222 : 428043 428044
