18692 : 166388 166389
18693 : 166390 166391
18694 : 166392 166393
18695 : 166394 166395
18696 : 166396 166397
18697 : 166398 166399
18698 : 166400 166401
18699 : 166402 166403
18700 : 166404 166405
18701 : 166406 166407
18702 : 166408 166409
18703 : 166410 166411
18704 : 166412 166413
18705 : 166414 166415
18706 : 166416 166417
18707 : 166418 166419
18708 : 166420 166421
18709 : 166422 166423
18710 : 166424 166425
18711 : 166426 166427
18712 : 166428 166429
18713 : 166430 166431
18714 : 166432 166433
18715 : 166434 166435
18716 : 166436 166437
18717 : 166438 166439
18718 : 166440 166441
18719 : 166442 166443
18720 : 166444 166445
18721 : 166446 166447
18722 : 166448 166449
18723 : 166450 166451
18724 : 166452 166453
18725 : 166454 166455
