6783 : 65629 65630
6784 : 65631 65632
6785 : 65633 65634
6786 : 65635 65636
6787 : 65637 65638
6788 : 65639 65640
6789 : 65641 65642
6790 : 65643 65644
6791 : 65645 65646
6792 : 65647 65648
6793 : 65649 65650
6794 : 65651 65652
6795 : 65653 65654
6796 : 65655 65656
6797 : 65657 65658
6798 : 65659 65660
6799 : 65661 65662
6800 : 65663 65664
6801 : 65665 65666
6802 : 65667 65668
6803 : 65669 65670
6804 : 65671 65672
6805 : 65673 65674
6806 : 65675 65676
6807 : 65677 65678
6808 : 65679 65680
6809 : 65681 65682
6810 : 65683 65684
6811 : 65685 65686
6812 : 65687 65688
6813 : 65689 65690
6814 : 65691 65692
6815 : 65693 65694
6816 : 65695 65696
