29034 : 247468 247469
29035 : 247470 247471
29036 : 247472 247473
29037 : 247474 247475
29038 : 247476 247477
29039 : 247478 247479
29040 : 247480 247481
29041 : 247482 247483
29042 : 247484 247485
29043 : 247486 247487
29044 : 247488 247489
29045 : 247490 247491
29046 : 247492 247493
29047 : 247494 247495
29048 : 247496 247497
29049 : 247498 247499
29050 : 247500 247501
29051 : 247502 247503
29052 : 247504 247505
29053 : 247506 247507
29054 : 247508 247509
29055 : 247510 247511
29056 : 247512 247513
29057 : 247514 247515
29058 : 247516 247517
29059 : 247518 247519
29060 : 247520 247521
29061 : 247522 247523
29062 : 247524 247525
29063 : 247526 247527
29064 : 247528 247529
29065 : 247530 247531
