6702 : 64829 64830
6703 : 64831 64832
6704 : 64833 64834
6705 : 64835 64836
6706 : 64837 64838
6707 : 64839 64840
6708 : 64841 64842
6709 : 64843 64844
6710 : 64845 64846
6711 : 64847 64848
6712 : 64849 64850
6713 : 64851 64852
6714 : 64853 64854
6715 : 64855 64856
6716 : 64857 64858
6717 : 64859 64860
6718 : 64861 64862
6719 : 64863 64864
6720 : 64865 64866
6721 : 64867 64868
6722 : 64869 64870
6723 : 64871 64872
6724 : 64873 64874
6725 : 64875 64876
6726 : 64877 64878
6727 : 64879 64880
6728 : 64881 64882
