70031 : 429557 429558
70032 : 429559 429560
70033 : 429561 429562
70034 : 429563 429564
70035 : 429565 429566
70036 : 429567 429568
70037 : 429569 429570
70038 : 429571 429572
70039 : 429573 429574
70040 : 429575 429576
70041 : 429577 429578
70042 : 429579 429580
70043 : 429581 429582
70044 : 429583 429584
70045 : 429585 429586
70046 : 429587 429588
70047 : 429589 429590
70048 : 429591 429592
70049 : 429593 429594
70050 : 429595 429596
70051 : 429597 429598
70052 : 429599 429600
70053 : 429601 429602
70054 : 429603 429604
70055 : 429605 429606
70056 : 429607 429608
70057 : 429609 429610
70058 : 429611 429612
70059 : 429613 429614
70060 : 429615 429616
70061 : 429617 429618
70062 : 429619 429620
70063 : 429621 429622
70064 : 429623 429624
70065 : 429625 429626
70066 : 429627 429628
70067 : 429629 429630
70068 : 429631 429632
70069 : 429633 429634
70070 : 429635 429636
70071 : 429637 429638
70072 : 429639 429640
70073 : 429641 429642
70074 : 429643 429644
70075 : 429645 429646
