7424 : 52623 52624
7425 : 52625 52626
7426 : 52627 52628
7427 : 52629 52630
7428 : 52631 52632
7429 : 52633 52634
7430 : 52635 52636
7431 : 52637 52638
7432 : 52639 52640
7433 : 52641 52642
7434 : 52643 52644
7435 : 52645 52646
7436 : 52647 52648
7437 : 52649 52650
7438 : 52651 52652
7439 : 52653 52654
7440 : 52655 52656
7441 : 52657 52658
7442 : 52659 52660
7443 : 52661 52662
7444 : 52663 52664
7445 : 52665 52666
7446 : 52667 52668
7447 : 52669 52670
7448 : 52671 52672
7449 : 52673 52674
7450 : 52675 52676
7451 : 52677 52678
7452 : 52679 52680
7453 : 52681 52682
7454 : 52683 52684
7455 : 52685 52686
7456 : 52687 52688
7457 : 52689 52690
7458 : 52691 52692
7459 : 52693 52694
7460 : 52695 52696
7461 : 52697 52698
7462 : 52699 52700
7463 : 52701 52702
