28363 : 241701 241702
28364 : 241703 241704
28365 : 241705 241706
28366 : 241707 241708
28367 : 241709 241710
28368 : 241711 241712
28369 : 241713 241714
28370 : 241715 241716
28371 : 241717 241718
28372 : 241719 241720
28373 : 241721 241722
28374 : 241723 241724
28375 : 241725 241726
28376 : 241727 241728
28377 : 241729 241730
28378 : 241731 241732
28379 : 241733 241734
28380 : 241735 241736
28381 : 241737 241738
28382 : 241739 241740
28383 : 241741 241742
28384 : 241743 241744
28385 : 241745 241746
28386 : 241747 241748
28387 : 241749 241750
28388 : 241751 241752
