41384 : 339091 339092
41385 : 339093 339094
41386 : 339095 339096
41387 : 339097 339098
41388 : 339099 339100
41389 : 339101 339102
41390 : 339103 339104
41391 : 339105 339106
41392 : 339107 339108
41393 : 339109 339110
41394 : 339111 339112
41395 : 339113 339114
41396 : 339115 339116
41397 : 339117 339118
41398 : 339119 339120
41399 : 339121 339122
41400 : 339123 339124
41401 : 339125 339126
41402 : 339127 339128
41403 : 339129 339130
41404 : 339131 339132
41405 : 339133 339134
41406 : 339135 339136
41407 : 339137 339138
41408 : 339139 339140
41409 : 339141 339142
41410 : 339143 339144
41411 : 339145 339146
41412 : 339147 339148
41413 : 339149 339150
41414 : 339151 339152
41415 : 339153 339154
41416 : 339155 339156
41417 : 339157 339158
41418 : 339159 339160
41419 : 339161 339162
41420 : 339163 339164
41421 : 339165 339166
41422 : 339167 339168
41423 : 339169 339170
41424 : 339171 339172
41425 : 339173 339174
41426 : 339175 339176
41427 : 339177 339178
41428 : 339179 339180
41429 : 339181 339182
41430 : 339183 339184
41431 : 339185 339186
