64310 : 358860 358861
64311 : 358862 358863
64312 : 358864 358865
64313 : 358866 358867
64314 : 358868 358869
64315 : 358870 358871
64316 : 358872 358873
64317 : 358874 358875
64318 : 358876 358877
64319 : 358878 358879
64320 : 358880 358881
64321 : 358882 358883
64322 : 358884 358885
64323 : 358886 358887
64324 : 358888 358889
64325 : 358890 358891
64326 : 358892 358893
64327 : 358894 358895
64328 : 358896 358897
64329 : 358898 358899
64330 : 358900 358901
64331 : 358902 358903
64332 : 358904 358905
64333 : 358906 358907
64334 : 358908 358909
64335 : 358910 358911
64336 : 358912 358913
64337 : 358914 358915
64338 : 358916 358917
64339 : 358918 358919
64340 : 358920 358921
64341 : 358922 358923
64342 : 358924 358925
64343 : 358926 358927
64344 : 358928 358929
64345 : 358930 358931
64346 : 358932 358933
64347 : 358934 358935
64348 : 358936 358937
64349 : 358938 358939
64350 : 358940 358941
64351 : 358942 358943
64352 : 358944 358945
64353 : 358946 358947
64354 : 358948 358949
64355 : 358950 358951
64356 : 358952 358953
64357 : 358954 358955
64358 : 358956 358957
64359 : 358958 358959
64360 : 358960 358961
64361 : 358962 358963
64362 : 358964 358965
64363 : 358966 358967
64364 : 358968 358969
64365 : 358970 358971
64366 : 358972 358973
64367 : 358974 358975
64368 : 358976 358977
64369 : 358978 358979
64370 : 358980 358981
64371 : 358982 358983
64372 : 358984 358985
64373 : 358986 358987
64374 : 358988 358989
64375 : 358990 358991
64376 : 358992 358993
64377 : 358994 358995
64378 : 358996 358997
64379 : 358998 358999
64380 : 359000 359001
64381 : 359002 359003
64382 : 359004 359005
64383 : 359006 359007
64384 : 359008 359009
64385 : 359010 359011
64386 : 359012 359013
64387 : 359014 359015
64388 : 359016 359017
64389 : 359018 359019
64390 : 359020 359021
64391 : 359022 359023
64392 : 359024 359025
64393 : 359026 359027
64394 : 359028 359029
64395 : 359030 359031
64396 : 359032 359033
64397 : 359034 359035
64398 : 359036 359037
64399 : 359038 359039
64400 : 359040 359041
64401 : 359042 359043
64402 : 359044 359045
64403 : 359046 359047
64404 : 359048 359049
64405 : 359050 359051
64406 : 359052 359053
64407 : 359054 359055
64408 : 359056 359057
64409 : 359058 359059
64410 : 359060 359061
64411 : 359062 359063
64412 : 359064 359065
64413 : 359066 359067
64414 : 359068 359069
64415 : 359070 359071
