7490 : 53109 53110
7491 : 53111 53112
7492 : 53113 53114
7493 : 53115 53116
7494 : 53117 53118
7495 : 53119 53120
7496 : 53121 53122
7497 : 53123 53124
7498 : 53125 53126
7499 : 53127 53128
7500 : 53129 53130
7501 : 53131 53132
7502 : 53133 53134
7503 : 53135 53136
7504 : 53137 53138
7505 : 53139 53140
7506 : 53141 53142
7507 : 53143 53144
7508 : 53145 53146
7509 : 53147 53148
7510 : 53149 53150
7511 : 53151 53152
7512 : 53153 53154
7513 : 53155 53156
7514 : 53157 53158
7515 : 53159 53160
7516 : 53161 53162
7517 : 53163 53164
7518 : 53165 53166
7519 : 53167 53168
