25399 : 218368 218369
25400 : 218370 218371
25401 : 218372 218373
25402 : 218374 218375
25403 : 218376 218377
25404 : 218378 218379
25405 : 218380 218381
25406 : 218382 218383
25407 : 218384 218385
25408 : 218386 218387
25409 : 218388 218389
25410 : 218390 218391
25411 : 218392 218393
25412 : 218394 218395
25413 : 218396 218397
25414 : 218398 218399
25415 : 218400 218401
25416 : 218402 218403
25417 : 218404 218405
25418 : 218406 218407
25419 : 218408 218409
25420 : 218410 218411
25421 : 218412 218413
25422 : 218414 218415
25423 : 218416 218417
25424 : 218418 218419
25425 : 218420 218421
25426 : 218422 218423
25427 : 218424 218425
25428 : 218426 218427
25429 : 218428 218429
25430 : 218430 218431
25431 : 218432 218433
25432 : 218434 218435
25433 : 218436 218437
25434 : 218438 218439
25435 : 218440 218441
25436 : 218442 218443
25437 : 218444 218445
25438 : 218446 218447
