45600 : 372451 372452
45601 : 372453 372454
45602 : 372455 372456
45603 : 372457 372458
45604 : 372459 372460
45605 : 372461 372462
45606 : 372463 372464
45607 : 372465 372466
45608 : 372467 372468
45609 : 372469 372470
45610 : 372471 372472
45611 : 372473 372474
45612 : 372475 372476
45613 : 372477 372478
45614 : 372479 372480
45615 : 372481 372482
45616 : 372483 372484
45617 : 372485 372486
45618 : 372487 372488
45619 : 372489 372490
45620 : 372491 372492
45621 : 372493 372494
45622 : 372495 372496
45623 : 372497 372498
45624 : 372499 372500
45625 : 372501 372502
45626 : 372503 372504
45627 : 372505 372506
45628 : 372507 372508
45629 : 372509 372510
45630 : 372511 372512
45631 : 372513 372514
45632 : 372515 372516
45633 : 372517 372518
45634 : 372519 372520
45635 : 372521 372522
45636 : 372523 372524
45637 : 372525 372526
45638 : 372527 372528
