55717 : 344105 344106
55718 : 344107 344108
55719 : 344109 344110
55720 : 344111 344112
55721 : 344113 344114
55722 : 344115 344116
55723 : 344117 344118
55724 : 344119 344120
55725 : 344121 344122
55726 : 344123 344124
55727 : 344125 344126
55728 : 344127 344128
55729 : 344129 344130
55730 : 344131 344132
55731 : 344133 344134
55732 : 344135 344136
55733 : 344137 344138
55734 : 344139 344140
55735 : 344141 344142
55736 : 344143 344144
55737 : 344145 344146
55738 : 344147 344148
55739 : 344149 344150
55740 : 344151 344152
55741 : 344153 344154
55742 : 344155 344156
55743 : 344157 344158
55744 : 344159 344160
55745 : 344161 344162
55746 : 344163 344164
55747 : 344165 344166
55748 : 344167 344168
55749 : 344169 344170
55750 : 344171 344172
55751 : 344173 344174
55752 : 344175 344176
55753 : 344177 344178
55754 : 344179 344180
55755 : 344181 344182
55756 : 344183 344184
55757 : 344185 344186
55758 : 344187 344188
