102088 : 689777 689778
102089 : 689779 689780
102090 : 689781 689782
102091 : 689783 689784
102092 : 689785 689786
102093 : 689787 689788
102094 : 689789 689790
102095 : 689791 689792
102096 : 689793 689794
102097 : 689795 689796
102098 : 689797 689798
102099 : 689799 689800
102100 : 689801 689802
102101 : 689803 689804
102102 : 689805 689806
102103 : 689807 689808
102104 : 689809 689810
102105 : 689811 689812
102106 : 689813 689814
102107 : 689815 689816
102108 : 689817 689818
102109 : 689819 689820
102110 : 689821 689822
102111 : 689823 689824
