5328 : 50867 50868
5329 : 50869 50870
5330 : 50871 50872
5331 : 50873 50874
5332 : 50875 50876
5333 : 50877 50878
5334 : 50879 50880
5335 : 50881 50882
5336 : 50883 50884
5337 : 50885 50886
5338 : 50887 50888
5339 : 50889 50890
5340 : 50891 50892
5341 : 50893 50894
5342 : 50895 50896
5343 : 50897 50898
5344 : 50899 50900
5345 : 50901 50902
5346 : 50903 50904
5347 : 50905 50906
5348 : 50907 50908
5349 : 50909 50910
5350 : 50911 50912
5351 : 50913 50914
5352 : 50915 50916
5353 : 50917 50918
5354 : 50919 50920
5355 : 50921 50922
5356 : 50923 50924
5357 : 50925 50926
