28952 : 203902 203903
28953 : 203904 203905
28954 : 203906 203907
28955 : 203908 203909
28956 : 203910 203911
28957 : 203912 203913
28958 : 203914 203915
28959 : 203916 203917
28960 : 203918 203919
28961 : 203920 203921
28962 : 203922 203923
28963 : 203924 203925
28964 : 203926 203927
28965 : 203928 203929
28966 : 203930 203931
28967 : 203932 203933
28968 : 203934 203935
28969 : 203936 203937
28970 : 203938 203939
28971 : 203940 203941
28972 : 203942 203943
28973 : 203944 203945
28974 : 203946 203947
28975 : 203948 203949
28976 : 203950 203951
28977 : 203952 203953
28978 : 203954 203955
28979 : 203956 203957
28980 : 203958 203959
28981 : 203960 203961
28982 : 203962 203963
28983 : 203964 203965
28984 : 203966 203967
28985 : 203968 203969
28986 : 203970 203971
28987 : 203972 203973
28988 : 203974 203975
28989 : 203976 203977
28990 : 203978 203979
28991 : 203980 203981
28992 : 203982 203983
28993 : 203984 203985
28994 : 203986 203987
28995 : 203988 203989
