37934 : 244649 244650
37935 : 244651 244652
37936 : 244653 244654
37937 : 244655 244656
37938 : 244657 244658
37939 : 244659 244660
37940 : 244661 244662
37941 : 244663 244664
37942 : 244665 244666
37943 : 244667 244668
37944 : 244669 244670
37945 : 244671 244672
37946 : 244673 244674
37947 : 244675 244676
37948 : 244677 244678
37949 : 244679 244680
37950 : 244681 244682
37951 : 244683 244684
37952 : 244685 244686
37953 : 244687 244688
37954 : 244689 244690
37955 : 244691 244692
37956 : 244693 244694
37957 : 244695 244696
37958 : 244697 244698
37959 : 244699 244700
37960 : 244701 244702
37961 : 244703 244704
37962 : 244705 244706
37963 : 244707 244708
37964 : 244709 244710
37965 : 244711 244712
37966 : 244713 244714
37967 : 244715 244716
37968 : 244717 244718
37969 : 244719 244720
37970 : 244721 244722
37971 : 244723 244724
37972 : 244725 244726
37973 : 244727 244728
37974 : 244729 244730
37975 : 244731 244732
37976 : 244733 244734
37977 : 244735 244736
37978 : 244737 244738
37979 : 244739 244740
37980 : 244741 244742
37981 : 244743 244744
37982 : 244745 244746
37983 : 244747 244748
37984 : 244749 244750
37985 : 244751 244752
37986 : 244753 244754
37987 : 244755 244756
37988 : 244757 244758
37989 : 244759 244760
37990 : 244761 244762
37991 : 244763 244764
37992 : 244765 244766
