82226 : 468474 468475
82227 : 468476 468477
82228 : 468478 468479
82229 : 468480 468481
82230 : 468482 468483
82231 : 468484 468485
82232 : 468486 468487
82233 : 468488 468489
82234 : 468490 468491
82235 : 468492 468493
82236 : 468494 468495
82237 : 468496 468497
82238 : 468498 468499
82239 : 468500 468501
82240 : 468502 468503
82241 : 468504 468505
82242 : 468506 468507
82243 : 468508 468509
82244 : 468510 468511
82245 : 468512 468513
82246 : 468514 468515
82247 : 468516 468517
82248 : 468518 468519
82249 : 468520 468521
82250 : 468522 468523
82251 : 468524 468525
82252 : 468526 468527
82253 : 468528 468529
82254 : 468530 468531
82255 : 468532 468533
82256 : 468534 468535
82257 : 468536 468537
82258 : 468538 468539
82259 : 468540 468541
82260 : 468542 468543
82261 : 468544 468545
82262 : 468546 468547
82263 : 468548 468549
82264 : 468550 468551
82265 : 468552 468553
82266 : 468554 468555
82267 : 468556 468557
82268 : 468558 468559
82269 : 468560 468561
