42405 : 268993 268994
42406 : 268995 268996
42407 : 268997 268998
42408 : 268999 269000
42409 : 269001 269002
42410 : 269003 269004
42411 : 269005 269006
42412 : 269007 269008
42413 : 269009 269010
42414 : 269011 269012
42415 : 269013 269014
42416 : 269015 269016
42417 : 269017 269018
42418 : 269019 269020
42419 : 269021 269022
42420 : 269023 269024
42421 : 269025 269026
42422 : 269027 269028
42423 : 269029 269030
42424 : 269031 269032
42425 : 269033 269034
42426 : 269035 269036
42427 : 269037 269038
42428 : 269039 269040
42429 : 269041 269042
42430 : 269043 269044
42431 : 269045 269046
42432 : 269047 269048
42433 : 269049 269050
42434 : 269051 269052
42435 : 269053 269054
42436 : 269055 269056
42437 : 269057 269058
42438 : 269059 269060
42439 : 269061 269062
42440 : 269063 269064
42441 : 269065 269066
42442 : 269067 269068
42443 : 269069 269070
42444 : 269071 269072
42445 : 269073 269074
42446 : 269075 269076
42447 : 269077 269078
42448 : 269079 269080
42449 : 269081 269082
42450 : 269083 269084
42451 : 269085 269086
42452 : 269087 269088
42453 : 269089 269090
42454 : 269091 269092
42455 : 269093 269094
42456 : 269095 269096
