88316 : 523681 523682
88317 : 523683 523684
88318 : 523685 523686
88319 : 523687 523688
88320 : 523689 523690
88321 : 523691 523692
88322 : 523693 523694
88323 : 523695 523696
88324 : 523697 523698
88325 : 523699 523700
88326 : 523701 523702
88327 : 523703 523704
88328 : 523705 523706
88329 : 523707 523708
88330 : 523709 523710
88331 : 523711 523712
88332 : 523713 523714
88333 : 523715 523716
88334 : 523717 523718
88335 : 523719 523720
88336 : 523721 523722
88337 : 523723 523724
88338 : 523725 523726
88339 : 523727 523728
88340 : 523729 523730
88341 : 523731 523732
88342 : 523733 523734
88343 : 523735 523736
88344 : 523737 523738
88345 : 523739 523740
88346 : 523741 523742
88347 : 523743 523744
88348 : 523745 523746
88349 : 523747 523748
88350 : 523749 523750
88351 : 523751 523752
88352 : 523753 523754
88353 : 523755 523756
88354 : 523757 523758
