52006 : 423161 423162
52007 : 423163 423164
52008 : 423165 423166
52009 : 423167 423168
52010 : 423169 423170
52011 : 423171 423172
52012 : 423173 423174
52013 : 423175 423176
52014 : 423177 423178
52015 : 423179 423180
52016 : 423181 423182
52017 : 423183 423184
52018 : 423185 423186
52019 : 423187 423188
52020 : 423189 423190
52021 : 423191 423192
52022 : 423193 423194
52023 : 423195 423196
52024 : 423197 423198
52025 : 423199 423200
52026 : 423201 423202
52027 : 423203 423204
52028 : 423205 423206
52029 : 423207 423208
52030 : 423209 423210
52031 : 423211 423212
52032 : 423213 423214
52033 : 423215 423216
52034 : 423217 423218
52035 : 423219 423220
