40802 : 337286 337287
40803 : 337288 337289
40804 : 337290 337291
40805 : 337292 337293
40806 : 337294 337295
40807 : 337296 337297
40808 : 337298 337299
40809 : 337300 337301
40810 : 337302 337303
40811 : 337304 337305
40812 : 337306 337307
40813 : 337308 337309
40814 : 337310 337311
40815 : 337312 337313
40816 : 337314 337315
40817 : 337316 337317
40818 : 337318 337319
40819 : 337320 337321
40820 : 337322 337323
40821 : 337324 337325
40822 : 337326 337327
40823 : 337328 337329
40824 : 337330 337331
40825 : 337332 337333
40826 : 337334 337335
40827 : 337336 337337
40828 : 337338 337339
40829 : 337340 337341
40830 : 337342 337343
40831 : 337344 337345
40832 : 337346 337347
40833 : 337348 337349
40834 : 337350 337351
40835 : 337352 337353
40836 : 337354 337355
40837 : 337356 337357
40838 : 337358 337359
40839 : 337360 337361
40840 : 337362 337363
40841 : 337364 337365
40842 : 337366 337367
40843 : 337368 337369
40844 : 337370 337371
40845 : 337372 337373
