1048 : 6634 6635
1049 : 6636 6637
1050 : 6638 6639
1051 : 6640 6641
1052 : 6642 6643
1053 : 6644 6645
1054 : 6646 6647
1055 : 6648 6649
1056 : 6650 6651
1057 : 6652 6653
1058 : 6654 6655
1059 : 6656 6657
1060 : 6658 6659
1061 : 6660 6661
1062 : 6662 6663
1063 : 6664 6665
1064 : 6666 6667
1065 : 6668 6669
1066 : 6670 6671
1067 : 6672 6673
1068 : 6674 6675
1069 : 6676 6677
1070 : 6678 6679
1071 : 6680 6681
1072 : 6682 6683
1073 : 6684 6685
1074 : 6686 6687
1075 : 6688 6689
1076 : 6690 6691
1077 : 6692 6693
1078 : 6694 6695
