92036 : 559510 559511
92037 : 559512 559513
92038 : 559514 559515
92039 : 559516 559517
92040 : 559518 559519
92041 : 559520 559521
92042 : 559522 559523
92043 : 559524 559525
92044 : 559526 559527
92045 : 559528 559529
92046 : 559530 559531
92047 : 559532 559533
92048 : 559534 559535
92049 : 559536 559537
92050 : 559538 559539
92051 : 559540 559541
92052 : 559542 559543
92053 : 559544 559545
92054 : 559546 559547
92055 : 559548 559549
92056 : 559550 559551
92057 : 559552 559553
92058 : 559554 559555
92059 : 559556 559557
92060 : 559558 559559
92061 : 559560 559561
92062 : 559562 559563
92063 : 559564 559565
92064 : 559566 559567
92065 : 559568 559569
92066 : 559570 559571
92067 : 559572 559573
