99066 : 650660 650661
99067 : 650662 650663
99068 : 650664 650665
99069 : 650666 650667
99070 : 650668 650669
99071 : 650670 650671
99072 : 650672 650673
99073 : 650674 650675
99074 : 650676 650677
99075 : 650678 650679
99076 : 650680 650681
99077 : 650682 650683
99078 : 650684 650685
99079 : 650686 650687
99080 : 650688 650689
99081 : 650690 650691
99082 : 650692 650693
99083 : 650694 650695
99084 : 650696 650697
99085 : 650698 650699
99086 : 650700 650701
99087 : 650702 650703
99088 : 650704 650705
99089 : 650706 650707
99090 : 650708 650709
99091 : 650710 650711
99092 : 650712 650713
99093 : 650714 650715
99094 : 650716 650717
99095 : 650718 650719
99096 : 650720 650721
99097 : 650722 650723
99098 : 650724 650725
