52903 : 433152 433153
52904 : 433154 433155
52905 : 433156 433157
52906 : 433158 433159
52907 : 433160 433161
52908 : 433162 433163
52909 : 433164 433165
52910 : 433166 433167
52911 : 433168 433169
52912 : 433170 433171
52913 : 433172 433173
52914 : 433174 433175
52915 : 433176 433177
52916 : 433178 433179
52917 : 433180 433181
52918 : 433182 433183
52919 : 433184 433185
52920 : 433186 433187
52921 : 433188 433189
52922 : 433190 433191
52923 : 433192 433193
52924 : 433194 433195
52925 : 433196 433197
52926 : 433198 433199
52927 : 433200 433201
52928 : 433202 433203
52929 : 433204 433205
52930 : 433206 433207
52931 : 433208 433209
52932 : 433210 433211
52933 : 433212 433213
52934 : 433214 433215
52935 : 433216 433217
52936 : 433218 433219
52937 : 433220 433221
52938 : 433222 433223
52939 : 433224 433225
52940 : 433226 433227
52941 : 433228 433229
