39714 : 326392 326393
39715 : 326394 326395
39716 : 326396 326397
39717 : 326398 326399
39718 : 326400 326401
39719 : 326402 326403
39720 : 326404 326405
39721 : 326406 326407
39722 : 326408 326409
39723 : 326410 326411
39724 : 326412 326413
39725 : 326414 326415
39726 : 326416 326417
39727 : 326418 326419
39728 : 326420 326421
39729 : 326422 326423
39730 : 326424 326425
39731 : 326426 326427
39732 : 326428 326429
39733 : 326430 326431
39734 : 326432 326433
39735 : 326434 326435
39736 : 326436 326437
39737 : 326438 326439
39738 : 326440 326441
39739 : 326442 326443
39740 : 326444 326445
39741 : 326446 326447
39742 : 326448 326449
39743 : 326450 326451
39744 : 326452 326453
39745 : 326454 326455
39746 : 326456 326457
