23282 : 202496 202497
23283 : 202498 202499
23284 : 202500 202501
23285 : 202502 202503
23286 : 202504 202505
23287 : 202506 202507
23288 : 202508 202509
23289 : 202510 202511
23290 : 202512 202513
23291 : 202514 202515
23292 : 202516 202517
23293 : 202518 202519
23294 : 202520 202521
23295 : 202522 202523
23296 : 202524 202525
23297 : 202526 202527
23298 : 202528 202529
23299 : 202530 202531
23300 : 202532 202533
23301 : 202534 202535
23302 : 202536 202537
23303 : 202538 202539
23304 : 202540 202541
23305 : 202542 202543
23306 : 202544 202545
23307 : 202546 202547
23308 : 202548 202549
23309 : 202550 202551
23310 : 202552 202553
