45915 : 372094 372095
45916 : 372096 372097
45917 : 372098 372099
45918 : 372100 372101
45919 : 372102 372103
45920 : 372104 372105
45921 : 372106 372107
45922 : 372108 372109
45923 : 372110 372111
45924 : 372112 372113
45925 : 372114 372115
45926 : 372116 372117
45927 : 372118 372119
45928 : 372120 372121
45929 : 372122 372123
45930 : 372124 372125
45931 : 372126 372127
45932 : 372128 372129
45933 : 372130 372131
45934 : 372132 372133
45935 : 372134 372135
45936 : 372136 372137
45937 : 372138 372139
45938 : 372140 372141
45939 : 372142 372143
45940 : 372144 372145
45941 : 372146 372147
45942 : 372148 372149
45943 : 372150 372151
45944 : 372152 372153
45945 : 372154 372155
45946 : 372156 372157
45947 : 372158 372159
45948 : 372160 372161
45949 : 372162 372163
45950 : 372164 372165
45951 : 372166 372167
