94308 : 588039 588040
94309 : 588041 588042
94310 : 588043 588044
94311 : 588045 588046
94312 : 588047 588048
94313 : 588049 588050
94314 : 588051 588052
94315 : 588053 588054
94316 : 588055 588056
94317 : 588057 588058
94318 : 588059 588060
94319 : 588061 588062
94320 : 588063 588064
94321 : 588065 588066
94322 : 588067 588068
94323 : 588069 588070
94324 : 588071 588072
94325 : 588073 588074
94326 : 588075 588076
94327 : 588077 588078
94328 : 588079 588080
94329 : 588081 588082
94330 : 588083 588084
94331 : 588085 588086
94332 : 588087 588088
94333 : 588089 588090
94334 : 588091 588092
94335 : 588093 588094
94336 : 588095 588096
94337 : 588097 588098
94338 : 588099 588100
94339 : 588101 588102
94340 : 588103 588104
94341 : 588105 588106
94342 : 588107 588108
94343 : 588109 588110
94344 : 588111 588112
94345 : 588113 588114
94346 : 588115 588116
94347 : 588117 588118
94348 : 588119 588120
94349 : 588121 588122
94350 : 588123 588124
