41936 : 346021 346022
41937 : 346023 346024
41938 : 346025 346026
41939 : 346027 346028
41940 : 346029 346030
41941 : 346031 346032
41942 : 346033 346034
41943 : 346035 346036
41944 : 346037 346038
41945 : 346039 346040
41946 : 346041 346042
41947 : 346043 346044
41948 : 346045 346046
41949 : 346047 346048
41950 : 346049 346050
41951 : 346051 346052
41952 : 346053 346054
41953 : 346055 346056
41954 : 346057 346058
41955 : 346059 346060
41956 : 346061 346062
41957 : 346063 346064
41958 : 346065 346066
41959 : 346067 346068
41960 : 346069 346070
41961 : 346071 346072
41962 : 346073 346074
41963 : 346075 346076
41964 : 346077 346078
41965 : 346079 346080
41966 : 346081 346082
41967 : 346083 346084
41968 : 346085 346086
41969 : 346087 346088
41970 : 346089 346090
41971 : 346091 346092
41972 : 346093 346094
41973 : 346095 346096
