4285 : 41445 41446
4286 : 41447 41448
4287 : 41449 41450
4288 : 41451 41452
4289 : 41453 41454
4290 : 41455 41456
4291 : 41457 41458
4292 : 41459 41460
4293 : 41461 41462
4294 : 41463 41464
4295 : 41465 41466
4296 : 41467 41468
4297 : 41469 41470
4298 : 41471 41472
4299 : 41473 41474
4300 : 41475 41476
4301 : 41477 41478
4302 : 41479 41480
4303 : 41481 41482
4304 : 41483 41484
4305 : 41485 41486
4306 : 41487 41488
4307 : 41489 41490
4308 : 41491 41492
4309 : 41493 41494
4310 : 41495 41496
4311 : 41497 41498
4312 : 41499 41500
4313 : 41501 41502
4314 : 41503 41504
