54218 : 332691 332692
54219 : 332693 332694
54220 : 332695 332696
54221 : 332697 332698
54222 : 332699 332700
54223 : 332701 332702
54224 : 332703 332704
54225 : 332705 332706
54226 : 332707 332708
54227 : 332709 332710
54228 : 332711 332712
54229 : 332713 332714
54230 : 332715 332716
54231 : 332717 332718
54232 : 332719 332720
54233 : 332721 332722
54234 : 332723 332724
54235 : 332725 332726
54236 : 332727 332728
54237 : 332729 332730
54238 : 332731 332732
54239 : 332733 332734
54240 : 332735 332736
54241 : 332737 332738
54242 : 332739 332740
54243 : 332741 332742
54244 : 332743 332744
54245 : 332745 332746
54246 : 332747 332748
54247 : 332749 332750
54248 : 332751 332752
54249 : 332753 332754
54250 : 332755 332756
54251 : 332757 332758
54252 : 332759 332760
54253 : 332761 332762
