12115 : 112282 112283
12116 : 112284 112285
12117 : 112286 112287
12118 : 112288 112289
12119 : 112290 112291
12120 : 112292 112293
12121 : 112294 112295
12122 : 112296 112297
12123 : 112298 112299
12124 : 112300 112301
12125 : 112302 112303
12126 : 112304 112305
12127 : 112306 112307
12128 : 112308 112309
12129 : 112310 112311
12130 : 112312 112313
12131 : 112314 112315
12132 : 112316 112317
12133 : 112318 112319
12134 : 112320 112321
12135 : 112322 112323
12136 : 112324 112325
12137 : 112326 112327
12138 : 112328 112329
12139 : 112330 112331
12140 : 112332 112333
12141 : 112334 112335
12142 : 112336 112337
12143 : 112338 112339
12144 : 112340 112341
12145 : 112342 112343
12146 : 112344 112345
12147 : 112346 112347
12148 : 112348 112349
12149 : 112350 112351
12150 : 112352 112353
12151 : 112354 112355
