62737 : 385571 385572
63209 : 385573 385574
63210 : 385575 385576
63211 : 385577 385578
63212 : 385579 385580
63213 : 385581 385582
63214 : 385583 385584
63215 : 385585 385586
63216 : 385587 385588
63217 : 385589 385590
63218 : 385591 385592
63219 : 385593 385594
63220 : 385595 385596
63221 : 385597 385598
63222 : 385599 385600
63223 : 385601 385602
63224 : 385603 385604
63225 : 385605 385606
63226 : 385607 385608
63227 : 385609 385610
63228 : 385611 385612
63229 : 385613 385614
63230 : 385615 385616
63231 : 385617 385618
63232 : 385619 385620
63233 : 385621 385622
63234 : 385623 385624
63235 : 385625 385626
63236 : 385627 385628
63237 : 385629 385630
63238 : 385631 385632
63239 : 385633 385634
63240 : 385635 385636
63241 : 385637 385638
63242 : 385639 385640
63243 : 385641 385642
63244 : 385643 385644
63245 : 385645 385646
63246 : 385647 385648
63247 : 385649 385650
63248 : 385651 385652
63249 : 385653 385654
63250 : 385655 385656
63251 : 385657 385658
63252 : 385659 385660
