1134 : 7359 7360
1135 : 7361 7362
1136 : 7363 7364
1137 : 7365 7366
1138 : 7367 7368
1139 : 7369 7370
1140 : 7371 7372
1141 : 7373 7374
1142 : 7375 7376
1143 : 7377 7378
1144 : 7379 7380
1145 : 7381 7382
1146 : 7383 7384
1147 : 7385 7386
1148 : 7387 7388
1149 : 7389 7390
1150 : 7391 7392
1151 : 7393 7394
1152 : 7395 7396
1153 : 7397 7398
1154 : 7399 7400
1155 : 7401 7402
1156 : 7403 7404
1157 : 7405 7406
1158 : 7407 7408
1159 : 7409 7410
1160 : 7411 7412
1161 : 7413 7414
1162 : 7415 7416
1163 : 7417 7418
1164 : 7419 7420
1165 : 7421 7422
1166 : 7423 7424
1167 : 7425 7426
1168 : 7427 7428
1169 : 7429 7430
1170 : 7431 7432
1171 : 7433 7434
1172 : 7435 7436
1173 : 7437 7438
1174 : 7439 7440
1175 : 7441 7442
1176 : 7443 7444
1177 : 7445 7446
1178 : 7447 7448
1179 : 7449 7450
1180 : 7451 7452
1181 : 7453 7454
1182 : 7455 7456
1183 : 7457 7458
1184 : 7459 7460
1185 : 7461 7462
1186 : 7463 7464
1187 : 7465 7466
