91295 : 551034 551035
91296 : 551036 551037
91297 : 551038 551039
91298 : 551040 551041
91299 : 551042 551043
91300 : 551044 551045
91301 : 551046 551047
91302 : 551048 551049
91303 : 551050 551051
91304 : 551052 551053
91305 : 551054 551055
91306 : 551056 551057
91307 : 551058 551059
91308 : 551060 551061
91309 : 551062 551063
91310 : 551064 551065
91311 : 551066 551067
91312 : 551068 551069
91313 : 551070 551071
91314 : 551072 551073
91315 : 551074 551075
91316 : 551076 551077
91317 : 551078 551079
91318 : 551080 551081
91319 : 551082 551083
91320 : 551084 551085
91321 : 551086 551087
91322 : 551088 551089
91323 : 551090 551091
91324 : 551092 551093
91325 : 551094 551095
91326 : 551096 551097
91327 : 551098 551099
91328 : 551100 551101
91329 : 551102 551103
91330 : 551104 551105
91331 : 551106 551107
91332 : 551108 551109
91333 : 551110 551111
91334 : 551112 551113
91335 : 551114 551115
91336 : 551116 551117
91337 : 551118 551119
91338 : 551120 551121
91339 : 551122 551123
91340 : 551124 551125
91341 : 551126 551127
91342 : 551128 551129
91343 : 551130 551131
91344 : 551132 551133
91345 : 551134 551135
91346 : 551136 551137
