41886 : 266750 266751
41887 : 266752 266753
41888 : 266754 266755
41889 : 266756 266757
41890 : 266758 266759
41891 : 266760 266761
41892 : 266762 266763
41893 : 266764 266765
41894 : 266766 266767
41895 : 266768 266769
41896 : 266770 266771
41897 : 266772 266773
41898 : 266774 266775
41899 : 266776 266777
41900 : 266778 266779
41901 : 266780 266781
41902 : 266782 266783
41903 : 266784 266785
41904 : 266786 266787
41905 : 266788 266789
41906 : 266790 266791
41907 : 266792 266793
41908 : 266794 266795
41909 : 266796 266797
41910 : 266798 266799
41911 : 266800 266801
41912 : 266802 266803
41913 : 266804 266805
41914 : 266806 266807
41915 : 266808 266809
41916 : 266810 266811
41917 : 266812 266813
41918 : 266814 266815
41919 : 266816 266817
41920 : 266818 266819
41921 : 266820 266821
41922 : 266822 266823
41923 : 266824 266825
41924 : 266826 266827
41925 : 266828 266829
41926 : 266830 266831
41927 : 266832 266833
41928 : 266834 266835
41929 : 266836 266837
41930 : 266838 266839
41931 : 266840 266841
41932 : 266842 266843
41933 : 266844 266845
41934 : 266846 266847
41935 : 266848 266849
41936 : 266850 266851
41937 : 266852 266853
41938 : 266854 266855
41939 : 266856 266857
41940 : 266858 266859
