41312 : 263540 263541
41313 : 263542 263543
41314 : 263544 263545
41315 : 263546 263547
41316 : 263548 263549
41317 : 263550 263551
41318 : 263552 263553
41319 : 263554 263555
41320 : 263556 263557
41321 : 263558 263559
41322 : 263560 263561
41323 : 263562 263563
41324 : 263564 263565
41325 : 263566 263567
41326 : 263568 263569
41327 : 263570 263571
41328 : 263572 263573
41329 : 263574 263575
41330 : 263576 263577
41331 : 263578 263579
41332 : 263580 263581
41333 : 263582 263583
41334 : 263584 263585
41335 : 263586 263587
41336 : 263588 263589
41337 : 263590 263591
41338 : 263592 263593
41339 : 263594 263595
41340 : 263596 263597
41341 : 263598 263599
41342 : 263600 263601
41343 : 263602 263603
41344 : 263604 263605
41345 : 263606 263607
41346 : 263608 263609
41347 : 263610 263611
41348 : 263612 263613
41349 : 263614 263615
41350 : 263616 263617
41351 : 263618 263619
41352 : 263620 263621
41353 : 263622 263623
41354 : 263624 263625
41355 : 263626 263627
41356 : 263628 263629
41357 : 263630 263631
41358 : 263632 263633
