2922 : 28348 28349
2923 : 28350 28351
2924 : 28352 28353
2925 : 28354 28355
2926 : 28356 28357
2927 : 28358 28359
2928 : 28360 28361
2929 : 28362 28363
2930 : 28364 28365
2931 : 28366 28367
2932 : 28368 28369
2933 : 28370 28371
2934 : 28372 28373
2935 : 28374 28375
2936 : 28376 28377
2937 : 28378 28379
2938 : 28380 28381
2939 : 28382 28383
2940 : 28384 28385
2941 : 28386 28387
2942 : 28388 28389
2943 : 28390 28391
2944 : 28392 28393
2945 : 28394 28395
2946 : 28396 28397
2947 : 28398 28399
2948 : 28400 28401
