58281 : 470750 470751
58282 : 470752 470753
58283 : 470754 470755
58284 : 470756 470757
58285 : 470758 470759
58286 : 470760 470761
58287 : 470762 470763
58288 : 470764 470765
58289 : 470766 470767
58290 : 470768 470769
58291 : 470770 470771
58292 : 470772 470773
58293 : 470774 470775
58294 : 470776 470777
58295 : 470778 470779
58296 : 470780 470781
58297 : 470782 470783
58298 : 470784 470785
58299 : 470786 470787
58300 : 470788 470789
58301 : 470790 470791
58302 : 470792 470793
58303 : 470794 470795
58304 : 470796 470797
58305 : 470798 470799
