63043 : 352923 352924
63044 : 352925 352926
63045 : 352927 352928
63046 : 352929 352930
63047 : 352931 352932
63048 : 352933 352934
63049 : 352935 352936
63050 : 352937 352938
63051 : 352939 352940
63052 : 352941 352942
63053 : 352943 352944
63054 : 352945 352946
63055 : 352947 352948
63056 : 352949 352950
63057 : 352951 352952
63058 : 352953 352954
63059 : 352955 352956
63060 : 352957 352958
63061 : 352959 352960
63062 : 352961 352962
63063 : 352963 352964
63064 : 352965 352966
63065 : 352967 352968
63066 : 352969 352970
63067 : 352971 352972
63068 : 352973 352974
63069 : 352975 352976
63070 : 352977 352978
63071 : 352979 352980
63072 : 352981 352982
63073 : 352983 352984
63074 : 352985 352986
63075 : 352987 352988
63076 : 352989 352990
63077 : 352991 352992
63078 : 352993 352994
63079 : 352995 352996
63080 : 352997 352998
63081 : 352999 353000
63082 : 353001 353002
63083 : 353003 353004
63084 : 353005 353006
63085 : 353007 353008
63086 : 353009 353010
63087 : 353011 353012
63088 : 353013 353014
63089 : 353015 353016
63090 : 353017 353018
63091 : 353019 353020
63092 : 353021 353022
63093 : 353023 353024
63094 : 353025 353026
63095 : 353027 353028
63096 : 353029 353030
63097 : 353031 353032
63098 : 353033 353034
63099 : 353035 353036
63100 : 353037 353038
63101 : 353039 353040
63102 : 353041 353042
63103 : 353043 353044
63104 : 353045 353046
63105 : 353047 353048
63106 : 353049 353050
63107 : 353051 353052
63108 : 353053 353054
63109 : 353055 353056
63110 : 353057 353058
63111 : 353059 353060
63112 : 353061 353062
63113 : 353063 353064
63114 : 353065 353066
63115 : 353067 353068
63116 : 353069 353070
63117 : 353071 353072
63118 : 353073 353074
63119 : 353075 353076
63120 : 353077 353078
63121 : 353079 353080
63122 : 353081 353082
63123 : 353083 353084
63124 : 353085 353086
63125 : 353087 353088
63126 : 353089 353090
63127 : 353091 353092
63128 : 353093 353094
63129 : 353095 353096
63130 : 353097 353098
63131 : 353099 353100
63132 : 353101 353102
63133 : 353103 353104
63134 : 353105 353106
