18074 : 130395 130396
18075 : 130397 130398
18076 : 130399 130400
18077 : 130401 130402
18078 : 130403 130404
18079 : 130405 130406
18080 : 130407 130408
18081 : 130409 130410
18082 : 130411 130412
18083 : 130413 130414
18084 : 130415 130416
18085 : 130417 130418
18086 : 130419 130420
18087 : 130421 130422
18088 : 130423 130424
18089 : 130425 130426
18090 : 130427 130428
18091 : 130429 130430
18092 : 130431 130432
18093 : 130433 130434
18094 : 130435 130436
18095 : 130437 130438
18096 : 130439 130440
18097 : 130441 130442
18098 : 130443 130444
18099 : 130445 130446
18100 : 130447 130448
18101 : 130449 130450
18102 : 130451 130452
18103 : 130453 130454
18104 : 130455 130456
18105 : 130457 130458
18106 : 130459 130460
18107 : 130461 130462
18108 : 130463 130464
18109 : 130465 130466
18110 : 130467 130468
18111 : 130469 130470
18112 : 130471 130472
18113 : 130473 130474
