58621 : 330898 330899
58622 : 330900 330901
58623 : 330902 330903
58624 : 330904 330905
58625 : 330906 330907
58626 : 330908 330909
58627 : 330910 330911
58628 : 330912 330913
58629 : 330914 330915
58630 : 330916 330917
58631 : 330918 330919
58632 : 330920 330921
58633 : 330922 330923
58634 : 330924 330925
58635 : 330926 330927
58636 : 330928 330929
58637 : 330930 330931
58638 : 330932 330933
58639 : 330934 330935
58640 : 330936 330937
58641 : 330938 330939
58642 : 330940 330941
58643 : 330942 330943
58644 : 330944 330945
58645 : 330946 330947
58646 : 330948 330949
58647 : 330950 330951
58648 : 330952 330953
58649 : 330954 330955
58650 : 330956 330957
58651 : 330958 330959
58652 : 330960 330961
58653 : 330962 330963
58654 : 330964 330965
58655 : 330966 330967
58656 : 330968 330969
58657 : 330970 330971
58658 : 330972 330973
58659 : 330974 330975
58660 : 330976 330977
58661 : 330978 330979
58662 : 330980 330981
58663 : 330982 330983
58664 : 330984 330985
58665 : 330986 330987
58666 : 330988 330989
58667 : 330990 330991
58668 : 330992 330993
58669 : 330994 330995
58670 : 330996 330997
58671 : 330998 330999
58672 : 331000 331001
58673 : 331002 331003
58674 : 331004 331005
58675 : 331006 331007
58676 : 331008 331009
58677 : 331010 331011
58678 : 331012 331013
58679 : 331014 331015
58680 : 331016 331017
58681 : 331018 331019
58682 : 331020 331021
58683 : 331022 331023
58684 : 331024 331025
58685 : 331026 331027
58686 : 331028 331029
58687 : 331030 331031
58688 : 331032 331033
58689 : 331034 331035
58690 : 331036 331037
58691 : 331038 331039
58692 : 331040 331041
58693 : 331042 331043
58694 : 331044 331045
58695 : 331046 331047
58696 : 331048 331049
58697 : 331050 331051
58698 : 331052 331053
58699 : 331054 331055
58700 : 331056 331057
58701 : 331058 331059
58702 : 331060 331061
58703 : 331062 331063
58704 : 331064 331065
58705 : 331066 331067
58706 : 331068 331069
58707 : 331070 331071
58708 : 331072 331073
58709 : 331074 331075
58710 : 331076 331077
58711 : 331078 331079
58712 : 331080 331081
58713 : 331082 331083
58714 : 331084 331085
58715 : 331086 331087
58716 : 331088 331089
58717 : 331090 331091
