5925 : 41422 41423
5926 : 41424 41425
5927 : 41426 41427
5928 : 41428 41429
5929 : 41430 41431
5930 : 41432 41433
5931 : 41434 41435
5932 : 41436 41437
5933 : 41438 41439
5934 : 41440 41441
5935 : 41442 41443
5936 : 41444 41445
5937 : 41446 41447
5938 : 41448 41449
5939 : 41450 41451
5940 : 41452 41453
5941 : 41454 41455
5942 : 41456 41457
5943 : 41458 41459
5944 : 41460 41461
5945 : 41462 41463
5946 : 41464 41465
5947 : 41466 41467
5948 : 41468 41469
5949 : 41470 41471
5950 : 41472 41473
5951 : 41474 41475
5952 : 41476 41477
5953 : 41478 41479
5954 : 41480 41481
5955 : 41482 41483
