61140 : 374798 374799
61141 : 374800 374801
61142 : 374802 374803
61143 : 374804 374805
61144 : 374806 374807
61145 : 374808 374809
61146 : 374810 374811
61147 : 374812 374813
61148 : 374814 374815
61149 : 374816 374817
61150 : 374818 374819
61151 : 374820 374821
61152 : 374822 374823
61153 : 374824 374825
61154 : 374826 374827
61155 : 374828 374829
61156 : 374830 374831
61157 : 374832 374833
61158 : 374834 374835
61159 : 374836 374837
61160 : 374838 374839
61161 : 374840 374841
61162 : 374842 374843
61163 : 374844 374845
61164 : 374846 374847
61165 : 374848 374849
61166 : 374850 374851
61167 : 374852 374853
61168 : 374854 374855
61169 : 374856 374857
61170 : 374858 374859
61171 : 374860 374861
61172 : 374862 374863
61173 : 374864 374865
61174 : 374866 374867
61175 : 374868 374869
61176 : 374870 374871
61177 : 374872 374873
61178 : 374874 374875
61179 : 374876 374877
61180 : 374878 374879
61181 : 374880 374881
61182 : 374882 374883
61183 : 374884 374885
61184 : 374886 374887
61185 : 374888 374889
61186 : 374890 374891
61187 : 374892 374893
61188 : 374894 374895
61189 : 374896 374897
