10660 : 86744 86745
10661 : 86746 86747
10662 : 86748 86749
10663 : 86750 86751
10664 : 86752 86753
10665 : 86754 86755
10666 : 86756 86757
10667 : 86758 86759
10668 : 86760 86761
10669 : 86762 86763
10670 : 86764 86765
10671 : 86766 86767
10672 : 86768 86769
10673 : 86770 86771
10674 : 86772 86773
10675 : 86774 86775
10676 : 86776 86777
10677 : 86778 86779
10678 : 86780 86781
10679 : 86782 86783
10680 : 86784 86785
10681 : 86786 86787
10682 : 86788 86789
10683 : 86790 86791
10684 : 86792 86793
10685 : 86794 86795
