33828 : 226582 226583
33829 : 226584 226585
33830 : 226586 226587
33831 : 226588 226589
33832 : 226590 226591
33833 : 226592 226593
33834 : 226594 226595
33835 : 226596 226597
33836 : 226598 226599
33837 : 226600 226601
33838 : 226602 226603
33839 : 226604 226605
33840 : 226606 226607
33841 : 226608 226609
33842 : 226610 226611
33843 : 226612 226613
33844 : 226614 226615
33845 : 226616 226617
33846 : 226618 226619
33847 : 226620 226621
33848 : 226622 226623
33849 : 226624 226625
33850 : 226626 226627
33851 : 226628 226629
33852 : 226630 226631
33853 : 226632 226633
33854 : 226634 226635
33855 : 226636 226637
33856 : 226638 226639
33857 : 226640 226641
33858 : 226642 226643
33859 : 226644 226645
33860 : 226646 226647
33861 : 226648 226649
33862 : 226650 226651
33863 : 226652 226653
33864 : 226654 226655
33865 : 226656 226657
33866 : 226658 226659
33867 : 226660 226661
33868 : 226662 226663
33869 : 226664 226665
33870 : 226666 226667
33871 : 226668 226669
33872 : 226670 226671
33873 : 226672 226673
33874 : 226674 226675
33875 : 226676 226677
33876 : 226678 226679
33877 : 226680 226681
33878 : 226682 226683
33879 : 226684 226685
33880 : 226686 226687
33881 : 226688 226689
33882 : 226690 226691
33883 : 226692 226693
33884 : 226694 226695
33885 : 226696 226697
33886 : 226698 226699
