56847 : 463100 463101
56848 : 463102 463103
56849 : 463104 463105
56850 : 463106 463107
56851 : 463108 463109
56852 : 463110 463111
56853 : 463112 463113
56854 : 463114 463115
56855 : 463116 463117
56856 : 463118 463119
56857 : 463120 463121
56858 : 463122 463123
56859 : 463124 463125
56860 : 463126 463127
56861 : 463128 463129
56862 : 463130 463131
56863 : 463132 463133
56864 : 463134 463135
56865 : 463136 463137
56866 : 463138 463139
56867 : 463140 463141
56868 : 463142 463143
56869 : 463144 463145
56870 : 463146 463147
56871 : 463148 463149
56872 : 463150 463151
56873 : 463152 463153
56874 : 463154 463155
56875 : 463156 463157
56876 : 463158 463159
56877 : 463160 463161
56878 : 463162 463163
56879 : 463164 463165
56880 : 463166 463167
56881 : 463168 463169
56882 : 463170 463171
56883 : 463172 463173
56884 : 463174 463175
56885 : 463176 463177
56886 : 463178 463179
56887 : 463180 463181
56888 : 463182 463183
56889 : 463184 463185
