26598 : 227355 227356
26599 : 227357 227358
26600 : 227359 227360
26601 : 227361 227362
26602 : 227363 227364
26603 : 227365 227366
26604 : 227367 227368
26605 : 227369 227370
26606 : 227371 227372
26607 : 227373 227374
26608 : 227375 227376
26609 : 227377 227378
26610 : 227379 227380
26611 : 227381 227382
26612 : 227383 227384
26613 : 227385 227386
26614 : 227387 227388
26615 : 227389 227390
26616 : 227391 227392
26617 : 227393 227394
26618 : 227395 227396
26619 : 227397 227398
26620 : 227399 227400
26621 : 227401 227402
26622 : 227403 227404
26623 : 227405 227406
26624 : 227407 227408
26625 : 227409 227410
26626 : 227411 227412
26627 : 227413 227414
26628 : 227415 227416
26629 : 227417 227418
