23246 : 169814 169815
23247 : 169816 169817
23248 : 169818 169819
23249 : 169820 169821
23250 : 169822 169823
23251 : 169824 169825
23252 : 169826 169827
23253 : 169828 169829
23254 : 169830 169831
23255 : 169832 169833
23256 : 169834 169835
23257 : 169836 169837
23258 : 169838 169839
23259 : 169840 169841
23260 : 169842 169843
23261 : 169844 169845
23262 : 169846 169847
23263 : 169848 169849
23264 : 169850 169851
23265 : 169852 169853
23266 : 169854 169855
23267 : 169856 169857
23268 : 169858 169859
23269 : 169860 169861
23270 : 169862 169863
23271 : 169864 169865
23272 : 169866 169867
23273 : 169868 169869
23274 : 169870 169871
23275 : 169872 169873
23276 : 169874 169875
23277 : 169876 169877
23278 : 169878 169879
23279 : 169880 169881
23280 : 169882 169883
23281 : 169884 169885
23282 : 169886 169887
23283 : 169888 169889
23284 : 169890 169891
23285 : 169892 169893
23286 : 169894 169895
23287 : 169896 169897
23288 : 169898 169899
23289 : 169900 169901
