40591 : 258948 258949
40592 : 258950 258951
40593 : 258952 258953
40594 : 258954 258955
40595 : 258956 258957
40596 : 258958 258959
40597 : 258960 258961
40598 : 258962 258963
40599 : 258964 258965
40600 : 258966 258967
40601 : 258968 258969
40602 : 258970 258971
40603 : 258972 258973
40604 : 258974 258975
40605 : 258976 258977
40606 : 258978 258979
40607 : 258980 258981
40608 : 258982 258983
40609 : 258984 258985
40610 : 258986 258987
40611 : 258988 258989
40612 : 258990 258991
40613 : 258992 258993
40614 : 258994 258995
40615 : 258996 258997
40616 : 258998 258999
40617 : 259000 259001
40618 : 259002 259003
40619 : 259004 259005
40620 : 259006 259007
40621 : 259008 259009
40622 : 259010 259011
40623 : 259012 259013
40624 : 259014 259015
40625 : 259016 259017
40626 : 259018 259019
40627 : 259020 259021
40628 : 259022 259023
40629 : 259024 259025
40630 : 259026 259027
40631 : 259028 259029
40632 : 259030 259031
40633 : 259032 259033
40634 : 259034 259035
40635 : 259036 259037
40636 : 259038 259039
40637 : 259040 259041
40638 : 259042 259043
