7279 : 51704 51705
7280 : 51706 51707
7281 : 51708 51709
7282 : 51710 51711
7283 : 51712 51713
7284 : 51714 51715
7285 : 51716 51717
7286 : 51718 51719
7287 : 51720 51721
7288 : 51722 51723
7289 : 51724 51725
7290 : 51726 51727
7291 : 51728 51729
7292 : 51730 51731
7293 : 51732 51733
7294 : 51734 51735
7295 : 51736 51737
7296 : 51738 51739
7297 : 51740 51741
7298 : 51742 51743
7299 : 51744 51745
7300 : 51746 51747
7301 : 51748 51749
7302 : 51750 51751
7303 : 51752 51753
7304 : 51754 51755
7305 : 51756 51757
7306 : 51758 51759
7307 : 51760 51761
7308 : 51762 51763
7309 : 51764 51765
7310 : 51766 51767
7311 : 51768 51769
7312 : 51770 51771
7313 : 51772 51773
