40667 : 333880 333881
40668 : 333882 333883
40669 : 333884 333885
40670 : 333886 333887
40671 : 333888 333889
40672 : 333890 333891
40673 : 333892 333893
40674 : 333894 333895
40675 : 333896 333897
40676 : 333898 333899
40677 : 333900 333901
40678 : 333902 333903
40679 : 333904 333905
40680 : 333906 333907
40681 : 333908 333909
40682 : 333910 333911
40683 : 333912 333913
40684 : 333914 333915
40685 : 333916 333917
40686 : 333918 333919
40687 : 333920 333921
40688 : 333922 333923
40689 : 333924 333925
40690 : 333926 333927
40691 : 333928 333929
40692 : 333930 333931
40693 : 333932 333933
40694 : 333934 333935
40695 : 333936 333937
40696 : 333938 333939
40697 : 333940 333941
40698 : 333942 333943
40699 : 333944 333945
40700 : 333946 333947
