99403 : 654772 654773
99404 : 654774 654775
99405 : 654776 654777
99406 : 654778 654779
99407 : 654780 654781
99408 : 654782 654783
99409 : 654784 654785
99410 : 654786 654787
99411 : 654788 654789
99412 : 654790 654791
99413 : 654792 654793
99414 : 654794 654795
99415 : 654796 654797
99416 : 654798 654799
99417 : 654800 654801
99418 : 654802 654803
99419 : 654804 654805
99420 : 654806 654807
99421 : 654808 654809
99422 : 654810 654811
99423 : 654812 654813
99424 : 654814 654815
99425 : 654816 654817
99426 : 654818 654819
99427 : 654820 654821
99428 : 654822 654823
99429 : 654824 654825
99430 : 654826 654827
99431 : 654828 654829
99432 : 654830 654831
99433 : 654832 654833
99434 : 654834 654835
