39007 : 323470 323471
39339 : 323472 323473
39340 : 323474 323475
39341 : 323476 323477
39342 : 323478 323479
39343 : 323480 323481
39344 : 323482 323483
39345 : 323484 323485
39346 : 323486 323487
39347 : 323488 323489
39348 : 323490 323491
39349 : 323492 323493
39350 : 323494 323495
39351 : 323496 323497
39352 : 323498 323499
39353 : 323500 323501
39354 : 323502 323503
39355 : 323504 323505
39356 : 323506 323507
39357 : 323508 323509
39358 : 323510 323511
39359 : 323512 323513
39360 : 323514 323515
39361 : 323516 323517
39362 : 323518 323519
39363 : 323520 323521
39364 : 323522 323523
39365 : 323524 323525
39366 : 323526 323527
39367 : 323528 323529
39368 : 323530 323531
39369 : 323532 323533
39370 : 323534 323535
39371 : 323536 323537
39372 : 323538 323539
39373 : 323540 323541
39374 : 323542 323543
39375 : 323544 323545
39376 : 323546 323547
39377 : 323548 323549
39378 : 323550 323551
39379 : 323552 323553
39380 : 323554 323555
39381 : 323556 323557
39382 : 323558 323559
39383 : 323560 323561
39384 : 323562 323563
39385 : 323564 323565
