62951 : 386057 386058
63300 : 386059 386060
63301 : 386061 386062
63302 : 386063 386064
63303 : 386065 386066
63304 : 386067 386068
63305 : 386069 386070
63306 : 386071 386072
63307 : 386073 386074
63308 : 386075 386076
63309 : 386077 386078
63310 : 386079 386080
63311 : 386081 386082
63312 : 386083 386084
63313 : 386085 386086
63314 : 386087 386088
63315 : 386089 386090
63316 : 386091 386092
63317 : 386093 386094
63318 : 386095 386096
63319 : 386097 386098
63320 : 386099 386100
63321 : 386101 386102
63322 : 386103 386104
63323 : 386105 386106
63324 : 386107 386108
63325 : 386109 386110
63326 : 386111 386112
63327 : 386113 386114
63328 : 386115 386116
63329 : 386117 386118
63330 : 386119 386120
63331 : 386121 386122
63332 : 386123 386124
63333 : 386125 386126
63334 : 386127 386128
63335 : 386129 386130
63336 : 386131 386132
63337 : 386133 386134
63338 : 386135 386136
63339 : 386137 386138
63340 : 386139 386140
63341 : 386141 386142
63342 : 386143 386144
63343 : 386145 386146
63344 : 386147 386148
63345 : 386149 386150
63346 : 386151 386152
63347 : 386153 386154
63348 : 386155 386156
63349 : 386157 386158
63350 : 386159 386160
63351 : 386161 386162
63352 : 386163 386164
63353 : 386165 386166
63354 : 386167 386168
63355 : 386169 386170
63356 : 386171 386172
63357 : 386173 386174
63358 : 386175 386176
63359 : 386177 386178
63360 : 386179 386180
63361 : 386181 386182
