15073 : 99009 99010
15074 : 99011 99012
15075 : 99013 99014
15076 : 99015 99016
15077 : 99017 99018
15078 : 99019 99020
15079 : 99021 99022
15080 : 99023 99024
15081 : 99025 99026
15082 : 99027 99028
15083 : 99029 99030
15084 : 99031 99032
15085 : 99033 99034
15086 : 99035 99036
15087 : 99037 99038
15088 : 99039 99040
15089 : 99041 99042
15090 : 99043 99044
15091 : 99045 99046
15092 : 99047 99048
15093 : 99049 99050
15094 : 99051 99052
15095 : 99053 99054
15096 : 99055 99056
15097 : 99057 99058
15098 : 99059 99060
15099 : 99061 99062
15100 : 99063 99064
15101 : 99065 99066
15102 : 99067 99068
15103 : 99069 99070
15104 : 99071 99072
15105 : 99073 99074
15106 : 99075 99076
15107 : 99077 99078
15108 : 99079 99080
15109 : 99081 99082
15110 : 99083 99084
15111 : 99085 99086
15112 : 99087 99088
15113 : 99089 99090
15114 : 99091 99092
15115 : 99093 99094
15116 : 99095 99096
15117 : 99097 99098
15118 : 99099 99100
