38579 : 317832 317833
38580 : 317834 317835
38581 : 317836 317837
38582 : 317838 317839
38583 : 317840 317841
38584 : 317842 317843
38585 : 317844 317845
38586 : 317846 317847
38587 : 317848 317849
38588 : 317850 317851
38589 : 317852 317853
38590 : 317854 317855
38591 : 317856 317857
38592 : 317858 317859
38593 : 317860 317861
38594 : 317862 317863
38595 : 317864 317865
38596 : 317866 317867
38597 : 317868 317869
38598 : 317870 317871
38599 : 317872 317873
38600 : 317874 317875
38601 : 317876 317877
38602 : 317878 317879
38603 : 317880 317881
38604 : 317882 317883
38605 : 317884 317885
38606 : 317886 317887
38607 : 317888 317889
38608 : 317890 317891
38609 : 317892 317893
38610 : 317894 317895
38611 : 317896 317897
38612 : 317898 317899
38613 : 317900 317901
38614 : 317902 317903
38615 : 317904 317905
38616 : 317906 317907
38617 : 317908 317909
38618 : 317910 317911
38619 : 317912 317913
