48515 : 281055 281056
48516 : 281057 281058
48517 : 281059 281060
48518 : 281061 281062
48519 : 281063 281064
48520 : 281065 281066
48521 : 281067 281068
48522 : 281069 281070
48523 : 281071 281072
48524 : 281073 281074
48525 : 281075 281076
48526 : 281077 281078
48527 : 281079 281080
48528 : 281081 281082
48529 : 281083 281084
48530 : 281085 281086
48531 : 281087 281088
48532 : 281089 281090
48533 : 281091 281092
48534 : 281093 281094
48535 : 281095 281096
48536 : 281097 281098
48537 : 281099 281100
48538 : 281101 281102
48539 : 281103 281104
48540 : 281105 281106
48541 : 281107 281108
48542 : 281109 281110
48543 : 281111 281112
48544 : 281113 281114
48545 : 281115 281116
48546 : 281117 281118
48547 : 281119 281120
48548 : 281121 281122
48549 : 281123 281124
48550 : 281125 281126
48551 : 281127 281128
48552 : 281129 281130
48553 : 281131 281132
48554 : 281133 281134
48555 : 281135 281136
48556 : 281137 281138
48557 : 281139 281140
48558 : 281141 281142
48559 : 281143 281144
48560 : 281145 281146
48561 : 281147 281148
48562 : 281149 281150
48563 : 281151 281152
48564 : 281153 281154
48565 : 281155 281156
48566 : 281157 281158
48567 : 281159 281160
48568 : 281161 281162
48569 : 281163 281164
48570 : 281165 281166
48571 : 281167 281168
48572 : 281169 281170
48573 : 281171 281172
48574 : 281173 281174
48575 : 281175 281176
48576 : 281177 281178
48577 : 281179 281180
48578 : 281181 281182
48579 : 281183 281184
48580 : 281185 281186
48581 : 281187 281188
48582 : 281189 281190
48583 : 281191 281192
48584 : 281193 281194
48585 : 281195 281196
48586 : 281197 281198
48587 : 281199 281200
48588 : 281201 281202
48589 : 281203 281204
48590 : 281205 281206
48591 : 281207 281208
48592 : 281209 281210
48593 : 281211 281212
48594 : 281213 281214
