42455 : 271189 271190
42773 : 271191 271192
42774 : 271193 271194
42775 : 271195 271196
42776 : 271197 271198
42777 : 271199 271200
42778 : 271201 271202
42779 : 271203 271204
42780 : 271205 271206
42781 : 271207 271208
42782 : 271209 271210
42783 : 271211 271212
42784 : 271213 271214
42785 : 271215 271216
42786 : 271217 271218
42787 : 271219 271220
42788 : 271221 271222
42789 : 271223 271224
42790 : 271225 271226
42791 : 271227 271228
42792 : 271229 271230
42793 : 271231 271232
42794 : 271233 271234
42795 : 271235 271236
42796 : 271237 271238
42797 : 271239 271240
42798 : 271241 271242
42799 : 271243 271244
42800 : 271245 271246
42801 : 271247 271248
42802 : 271249 271250
42803 : 271251 271252
42804 : 271253 271254
42805 : 271255 271256
42806 : 271257 271258
42807 : 271259 271260
42808 : 271261 271262
42809 : 271263 271264
42810 : 271265 271266
42811 : 271267 271268
42812 : 271269 271270
42813 : 271271 271272
42814 : 271273 271274
42815 : 271275 271276
42816 : 271277 271278
42817 : 271279 271280
42818 : 271281 271282
42819 : 271283 271284
