49030 : 283683 283684
49031 : 283685 283686
49032 : 283687 283688
49033 : 283689 283690
49034 : 283691 283692
49035 : 283693 283694
49036 : 283695 283696
49037 : 283697 283698
49038 : 283699 283700
49039 : 283701 283702
49040 : 283703 283704
49041 : 283705 283706
49042 : 283707 283708
49043 : 283709 283710
49044 : 283711 283712
49045 : 283713 283714
49046 : 283715 283716
49047 : 283717 283718
49048 : 283719 283720
49049 : 283721 283722
49050 : 283723 283724
49051 : 283725 283726
49052 : 283727 283728
49053 : 283729 283730
49054 : 283731 283732
49055 : 283733 283734
49056 : 283735 283736
49057 : 283737 283738
49058 : 283739 283740
49059 : 283741 283742
49060 : 283743 283744
49061 : 283745 283746
49062 : 283747 283748
49063 : 283749 283750
49064 : 283751 283752
49065 : 283753 283754
49066 : 283755 283756
49067 : 283757 283758
49068 : 283759 283760
49069 : 283761 283762
49070 : 283763 283764
49071 : 283765 283766
49072 : 283767 283768
49073 : 283769 283770
49074 : 283771 283772
49075 : 283773 283774
49076 : 283775 283776
49077 : 283777 283778
49078 : 283779 283780
49079 : 283781 283782
49080 : 283783 283784
49081 : 283785 283786
49082 : 283787 283788
49083 : 283789 283790
49084 : 283791 283792
49085 : 283793 283794
49086 : 283795 283796
49087 : 283797 283798
49088 : 283799 283800
49089 : 283801 283802
49090 : 283803 283804
49091 : 283805 283806
49092 : 283807 283808
49093 : 283809 283810
49094 : 283811 283812
49095 : 283813 283814
49096 : 283815 283816
49097 : 283817 283818
49098 : 283819 283820
49099 : 283821 283822
49100 : 283823 283824
49101 : 283825 283826
49102 : 283827 283828
49103 : 283829 283830
49104 : 283831 283832
49105 : 283833 283834
49106 : 283835 283836
49107 : 283837 283838
49108 : 283839 283840
49109 : 283841 283842
49110 : 283843 283844
49111 : 283845 283846
49112 : 283847 283848
49113 : 283849 283850
49114 : 283851 283852
49115 : 283853 283854
49116 : 283855 283856
49117 : 283857 283858
49118 : 283859 283860
49119 : 283861 283862
49120 : 283863 283864
49121 : 283865 283866
49122 : 283867 283868
49123 : 283869 283870
49124 : 283871 283872
