11739 : 102859 102860
12591 : 102861 102862
12592 : 102863 102864
12593 : 102865 102866
12594 : 102867 102868
12595 : 102869 102870
12596 : 102871 102872
12597 : 102873 102874
12598 : 102875 102876
12599 : 102877 102878
12600 : 102879 102880
12601 : 102881 102882
12602 : 102883 102884
12603 : 102885 102886
12604 : 102887 102888
12605 : 102889 102890
12606 : 102891 102892
12607 : 102893 102894
12608 : 102895 102896
12609 : 102897 102898
12610 : 102899 102900
12611 : 102901 102902
12612 : 102903 102904
12613 : 102905 102906
12614 : 102907 102908
12615 : 102909 102910
12616 : 102911 102912
12617 : 102913 102914
12618 : 102915 102916
12619 : 102917 102918
12620 : 102919 102920
12621 : 102921 102922
12622 : 102923 102924
12623 : 102925 102926
12624 : 102927 102928
12625 : 102929 102930
12626 : 102931 102932
12627 : 102933 102934
12628 : 102935 102936
12629 : 102937 102938
12630 : 102939 102940
12631 : 102941 102942
12632 : 102943 102944
12633 : 102945 102946
12634 : 102947 102948
12635 : 102949 102950
12636 : 102951 102952
12637 : 102953 102954
12638 : 102955 102956
12639 : 102957 102958
12640 : 102959 102960
12641 : 102961 102962
12642 : 102963 102964
12643 : 102965 102966
12644 : 102967 102968
12645 : 102969 102970
12646 : 102971 102972
12647 : 102973 102974
