36676 : 238403 238404
36677 : 238405 238406
36678 : 238407 238408
36679 : 238409 238410
36680 : 238411 238412
36681 : 238413 238414
36682 : 238415 238416
36683 : 238417 238418
36684 : 238419 238420
36685 : 238421 238422
36686 : 238423 238424
36687 : 238425 238426
36688 : 238427 238428
36689 : 238429 238430
36690 : 238431 238432
36691 : 238433 238434
36692 : 238435 238436
36693 : 238437 238438
36694 : 238439 238440
36695 : 238441 238442
36696 : 238443 238444
36697 : 238445 238446
36698 : 238447 238448
36699 : 238449 238450
36700 : 238451 238452
36701 : 238453 238454
36702 : 238455 238456
36703 : 238457 238458
36704 : 238459 238460
36705 : 238461 238462
36706 : 238463 238464
36707 : 238465 238466
36708 : 238467 238468
36709 : 238469 238470
36710 : 238471 238472
36711 : 238473 238474
36712 : 238475 238476
36713 : 238477 238478
36714 : 238479 238480
36715 : 238481 238482
36716 : 238483 238484
36717 : 238485 238486
36718 : 238487 238488
36719 : 238489 238490
36720 : 238491 238492
36721 : 238493 238494
36722 : 238495 238496
36723 : 238497 238498
36724 : 238499 238500
36725 : 238501 238502
36726 : 238503 238504
36727 : 238505 238506
36728 : 238507 238508
36729 : 238509 238510
36730 : 238511 238512
36731 : 238513 238514
36732 : 238515 238516
