63533 : 387215 387216
63534 : 387217 387218
63535 : 387219 387220
63536 : 387221 387222
63537 : 387223 387224
63538 : 387225 387226
63539 : 387227 387228
63540 : 387229 387230
63541 : 387231 387232
63542 : 387233 387234
63543 : 387235 387236
63544 : 387237 387238
63545 : 387239 387240
63546 : 387241 387242
63547 : 387243 387244
63548 : 387245 387246
63549 : 387247 387248
63550 : 387249 387250
63551 : 387251 387252
63552 : 387253 387254
63553 : 387255 387256
63554 : 387257 387258
63555 : 387259 387260
63556 : 387261 387262
63557 : 387263 387264
63558 : 387265 387266
63559 : 387267 387268
63560 : 387269 387270
63561 : 387271 387272
63562 : 387273 387274
63563 : 387275 387276
63564 : 387277 387278
63565 : 387279 387280
63566 : 387281 387282
63567 : 387283 387284
63568 : 387285 387286
63569 : 387287 387288
