33089 : 223238 223239
33090 : 223240 223241
33091 : 223242 223243
33092 : 223244 223245
33093 : 223246 223247
33094 : 223248 223249
33095 : 223250 223251
33096 : 223252 223253
33097 : 223254 223255
33098 : 223256 223257
33099 : 223258 223259
33100 : 223260 223261
33101 : 223262 223263
33102 : 223264 223265
33103 : 223266 223267
33104 : 223268 223269
33105 : 223270 223271
33106 : 223272 223273
33107 : 223274 223275
33108 : 223276 223277
33109 : 223278 223279
33110 : 223280 223281
33111 : 223282 223283
33112 : 223284 223285
33113 : 223286 223287
33114 : 223288 223289
33115 : 223290 223291
33116 : 223292 223293
33117 : 223294 223295
33118 : 223296 223297
33119 : 223298 223299
33120 : 223300 223301
33121 : 223302 223303
33122 : 223304 223305
33123 : 223306 223307
33124 : 223308 223309
33125 : 223310 223311
33126 : 223312 223313
33127 : 223314 223315
33128 : 223316 223317
33129 : 223318 223319
