22632 : 197382 197383
22633 : 197384 197385
22634 : 197386 197387
22635 : 197388 197389
22636 : 197390 197391
22637 : 197392 197393
22638 : 197394 197395
22639 : 197396 197397
22640 : 197398 197399
22641 : 197400 197401
22642 : 197402 197403
22643 : 197404 197405
22644 : 197406 197407
22645 : 197408 197409
22646 : 197410 197411
22647 : 197412 197413
22648 : 197414 197415
22649 : 197416 197417
22650 : 197418 197419
22651 : 197420 197421
22652 : 197422 197423
22653 : 197424 197425
22654 : 197426 197427
22655 : 197428 197429
22656 : 197430 197431
22657 : 197432 197433
22658 : 197434 197435
22659 : 197436 197437
22660 : 197438 197439
22661 : 197440 197441
22662 : 197442 197443
22663 : 197444 197445
22664 : 197446 197447
22665 : 197448 197449
22666 : 197450 197451
22667 : 197452 197453
