58760 : 474764 474765
58761 : 474766 474767
58762 : 474768 474769
58763 : 474770 474771
58764 : 474772 474773
58765 : 474774 474775
58766 : 474776 474777
58767 : 474778 474779
58768 : 474780 474781
58769 : 474782 474783
58770 : 474784 474785
58771 : 474786 474787
58772 : 474788 474789
58773 : 474790 474791
58774 : 474792 474793
58775 : 474794 474795
58776 : 474796 474797
58777 : 474798 474799
58778 : 474800 474801
58779 : 474802 474803
58780 : 474804 474805
58781 : 474806 474807
58782 : 474808 474809
58783 : 474810 474811
58784 : 474812 474813
58785 : 474814 474815
58786 : 474816 474817
58787 : 474818 474819
58788 : 474820 474821
58789 : 474822 474823
58790 : 474824 474825
