1899 : 13112 13113
1962 : 13114 13115
1963 : 13116 13117
1964 : 13118 13119
1965 : 13120 13121
1966 : 13122 13123
1967 : 13124 13125
1968 : 13126 13127
1969 : 13128 13129
1970 : 13130 13131
1971 : 13132 13133
1972 : 13134 13135
1973 : 13136 13137
1974 : 13138 13139
1975 : 13140 13141
1976 : 13142 13143
1977 : 13144 13145
1978 : 13146 13147
1979 : 13148 13149
1980 : 13150 13151
1981 : 13152 13153
1982 : 13154 13155
1983 : 13156 13157
1984 : 13158 13159
1985 : 13160 13161
1986 : 13162 13163
1987 : 13164 13165
1988 : 13166 13167
1989 : 13168 13169
1990 : 13170 13171
1991 : 13172 13173
1992 : 13174 13175
1993 : 13176 13177
1994 : 13178 13179
1995 : 13180 13181
