90135 : 540079 540080
90136 : 540081 540082
90137 : 540083 540084
90138 : 540085 540086
90139 : 540087 540088
90140 : 540089 540090
90141 : 540091 540092
90142 : 540093 540094
90143 : 540095 540096
90144 : 540097 540098
90145 : 540099 540100
90146 : 540101 540102
90147 : 540103 540104
90148 : 540105 540106
90149 : 540107 540108
90150 : 540109 540110
90151 : 540111 540112
90152 : 540113 540114
90153 : 540115 540116
90154 : 540117 540118
90155 : 540119 540120
90156 : 540121 540122
90157 : 540123 540124
90158 : 540125 540126
90159 : 540127 540128
90160 : 540129 540130
90161 : 540131 540132
90162 : 540133 540134
90163 : 540135 540136
90164 : 540137 540138
90165 : 540139 540140
90166 : 540141 540142
90167 : 540143 540144
90168 : 540145 540146
90169 : 540147 540148
90170 : 540149 540150
90171 : 540151 540152
90172 : 540153 540154
90173 : 540155 540156
90174 : 540157 540158
90175 : 540159 540160
90176 : 540161 540162
90177 : 540163 540164
90178 : 540165 540166
90179 : 540167 540168
90180 : 540169 540170
90181 : 540171 540172
90182 : 540173 540174
90183 : 540175 540176
90184 : 540177 540178
90185 : 540179 540180
90186 : 540181 540182
90187 : 540183 540184
90188 : 540185 540186
90189 : 540187 540188
90190 : 540189 540190
90191 : 540191 540192
90192 : 540193 540194
90193 : 540195 540196
90194 : 540197 540198
90195 : 540199 540200
90196 : 540201 540202
90197 : 540203 540204
