63993 : 390736 390737
63994 : 390738 390739
63995 : 390740 390741
63996 : 390742 390743
63997 : 390744 390745
63998 : 390746 390747
63999 : 390748 390749
64000 : 390750 390751
64001 : 390752 390753
64002 : 390754 390755
64003 : 390756 390757
64004 : 390758 390759
64005 : 390760 390761
64006 : 390762 390763
64007 : 390764 390765
64008 : 390766 390767
64009 : 390768 390769
64010 : 390770 390771
64011 : 390772 390773
64012 : 390774 390775
64013 : 390776 390777
64014 : 390778 390779
64015 : 390780 390781
64016 : 390782 390783
64017 : 390784 390785
64018 : 390786 390787
64019 : 390788 390789
64020 : 390790 390791
64021 : 390792 390793
64022 : 390794 390795
64023 : 390796 390797
64024 : 390798 390799
64025 : 390800 390801
64026 : 390802 390803
64027 : 390804 390805
64028 : 390806 390807
64029 : 390808 390809
64030 : 390810 390811
64031 : 390812 390813
64032 : 390814 390815
64033 : 390816 390817
64034 : 390818 390819
64035 : 390820 390821
64036 : 390822 390823
64037 : 390824 390825
64038 : 390826 390827
64039 : 390828 390829
