17986 : 131359 131360
18112 : 131361 131362
18113 : 131363 131364
18114 : 131365 131366
18115 : 131367 131368
18116 : 131369 131370
18117 : 131371 131372
18118 : 131373 131374
18119 : 131375 131376
18120 : 131377 131378
18121 : 131379 131380
18122 : 131381 131382
18123 : 131383 131384
18124 : 131385 131386
18125 : 131387 131388
18126 : 131389 131390
18127 : 131391 131392
18128 : 131393 131394
18129 : 131395 131396
18130 : 131397 131398
18131 : 131399 131400
18132 : 131401 131402
18133 : 131403 131404
18134 : 131405 131406
18135 : 131407 131408
18136 : 131409 131410
18137 : 131411 131412
18138 : 131413 131414
18139 : 131415 131416
