28157 : 200088 200089
28158 : 200090 200091
28159 : 200092 200093
28160 : 200094 200095
28161 : 200096 200097
28162 : 200098 200099
28163 : 200100 200101
28164 : 200102 200103
28165 : 200104 200105
28166 : 200106 200107
28167 : 200108 200109
28168 : 200110 200111
28169 : 200112 200113
28170 : 200114 200115
28171 : 200116 200117
28172 : 200118 200119
28173 : 200120 200121
28174 : 200122 200123
28175 : 200124 200125
28176 : 200126 200127
28177 : 200128 200129
28178 : 200130 200131
28179 : 200132 200133
28180 : 200134 200135
28181 : 200136 200137
28182 : 200138 200139
28183 : 200140 200141
28184 : 200142 200143
28185 : 200144 200145
28186 : 200146 200147
28187 : 200148 200149
28188 : 200150 200151
28189 : 200152 200153
28190 : 200154 200155
28191 : 200156 200157
28192 : 200158 200159
28193 : 200160 200161
28194 : 200162 200163
28195 : 200164 200165
28196 : 200166 200167
28197 : 200168 200169
28198 : 200170 200171
28199 : 200172 200173
28200 : 200174 200175
28201 : 200176 200177
28202 : 200178 200179
28203 : 200180 200181
28204 : 200182 200183
28205 : 200184 200185
28206 : 200186 200187
28207 : 200188 200189
28208 : 200190 200191
28209 : 200192 200193
