10258 : 95531 95532
10259 : 95533 95534
10260 : 95535 95536
10261 : 95537 95538
10262 : 95539 95540
10263 : 95541 95542
10264 : 95543 95544
10265 : 95545 95546
10266 : 95547 95548
10267 : 95549 95550
10268 : 95551 95552
10269 : 95553 95554
10270 : 95555 95556
10271 : 95557 95558
10272 : 95559 95560
10273 : 95561 95562
10274 : 95563 95564
10275 : 95565 95566
10276 : 95567 95568
10277 : 95569 95570
10278 : 95571 95572
10279 : 95573 95574
10280 : 95575 95576
10281 : 95577 95578
10282 : 95579 95580
10283 : 95581 95582
10284 : 95583 95584
10285 : 95585 95586
10286 : 95587 95588
10287 : 95589 95590
10288 : 95591 95592
