55912 : 456230 456231
55913 : 456232 456233
55914 : 456234 456235
55915 : 456236 456237
55916 : 456238 456239
55917 : 456240 456241
55918 : 456242 456243
55919 : 456244 456245
55920 : 456246 456247
55921 : 456248 456249
55922 : 456250 456251
55923 : 456252 456253
55924 : 456254 456255
55925 : 456256 456257
55926 : 456258 456259
55927 : 456260 456261
55928 : 456262 456263
55929 : 456264 456265
55930 : 456266 456267
55931 : 456268 456269
55932 : 456270 456271
55933 : 456272 456273
55934 : 456274 456275
55935 : 456276 456277
55936 : 456278 456279
55937 : 456280 456281
55938 : 456282 456283
55939 : 456284 456285
55940 : 456286 456287
55941 : 456288 456289
55942 : 456290 456291
55943 : 456292 456293
55944 : 456294 456295
55945 : 456296 456297
55946 : 456298 456299
55947 : 456300 456301
55948 : 456302 456303
55949 : 456304 456305
55950 : 456306 456307
55951 : 456308 456309
55952 : 456310 456311
55953 : 456312 456313
55954 : 456314 456315
55955 : 456316 456317
55956 : 456318 456319
