9659 : 78097 78098
9660 : 78099 78100
9661 : 78101 78102
9662 : 78103 78104
9663 : 78105 78106
9664 : 78107 78108
9665 : 78109 78110
9666 : 78111 78112
9667 : 78113 78114
9668 : 78115 78116
9669 : 78117 78118
9670 : 78119 78120
9671 : 78121 78122
9672 : 78123 78124
9673 : 78125 78126
9674 : 78127 78128
9675 : 78129 78130
9676 : 78131 78132
9677 : 78133 78134
9678 : 78135 78136
9679 : 78137 78138
9680 : 78139 78140
9681 : 78141 78142
9682 : 78143 78144
9683 : 78145 78146
9684 : 78147 78148
9685 : 78149 78150
9686 : 78151 78152
9687 : 78153 78154
9688 : 78155 78156
9689 : 78157 78158
9690 : 78159 78160
9691 : 78161 78162
9692 : 78163 78164
9693 : 78165 78166
9694 : 78167 78168
9695 : 78169 78170
9696 : 78171 78172
9697 : 78173 78174
9698 : 78175 78176
9699 : 78177 78178
9700 : 78179 78180
9701 : 78181 78182
9702 : 78183 78184
9703 : 78185 78186
9704 : 78187 78188
9705 : 78189 78190
9706 : 78191 78192
9707 : 78193 78194
9708 : 78195 78196
9709 : 78197 78198
