10146 : 94738 94739
10147 : 94740 94741
10148 : 94742 94743
10149 : 94744 94745
10150 : 94746 94747
10151 : 94748 94749
10152 : 94750 94751
10153 : 94752 94753
10154 : 94754 94755
10155 : 94756 94757
10156 : 94758 94759
10157 : 94760 94761
10158 : 94762 94763
10159 : 94764 94765
10160 : 94766 94767
10161 : 94768 94769
10162 : 94770 94771
10163 : 94772 94773
10164 : 94774 94775
10165 : 94776 94777
10166 : 94778 94779
10167 : 94780 94781
10168 : 94782 94783
10169 : 94784 94785
10170 : 94786 94787
10171 : 94788 94789
10172 : 94790 94791
10173 : 94792 94793
10174 : 94794 94795
10175 : 94796 94797
10176 : 94798 94799
10177 : 94800 94801
10178 : 94802 94803
10179 : 94804 94805
10180 : 94806 94807
10181 : 94808 94809
10182 : 94810 94811
10183 : 94812 94813
