820 : 4960 4961
821 : 4962 4963
822 : 4964 4965
823 : 4966 4967
824 : 4968 4969
825 : 4970 4971
826 : 4972 4973
827 : 4974 4975
828 : 4976 4977
829 : 4978 4979
830 : 4980 4981
831 : 4982 4983
832 : 4984 4985
833 : 4986 4987
834 : 4988 4989
835 : 4990 4991
836 : 4992 4993
837 : 4994 4995
838 : 4996 4997
839 : 4998 4999
840 : 5000 5001
841 : 5002 5003
842 : 5004 5005
843 : 5006 5007
844 : 5008 5009
845 : 5010 5011
846 : 5012 5013
847 : 5014 5015
848 : 5016 5017
849 : 5018 5019
850 : 5020 5021
851 : 5022 5023
852 : 5024 5025
853 : 5026 5027
854 : 5028 5029
855 : 5030 5031
856 : 5032 5033
