13900 : 128674 128675
13901 : 128676 128677
13902 : 128678 128679
13903 : 128680 128681
13904 : 128682 128683
13905 : 128684 128685
13906 : 128686 128687
13907 : 128688 128689
13908 : 128690 128691
13909 : 128692 128693
13910 : 128694 128695
13911 : 128696 128697
13912 : 128698 128699
13913 : 128700 128701
13914 : 128702 128703
13915 : 128704 128705
13916 : 128706 128707
13917 : 128708 128709
13918 : 128710 128711
13919 : 128712 128713
13920 : 128714 128715
13921 : 128716 128717
13922 : 128718 128719
13923 : 128720 128721
13924 : 128722 128723
13925 : 128724 128725
13926 : 128726 128727
13927 : 128728 128729
13928 : 128730 128731
13929 : 128732 128733
13930 : 128734 128735
13931 : 128736 128737
13932 : 128738 128739
13933 : 128740 128741
