23100 : 168418 168419
23101 : 168420 168421
23102 : 168422 168423
23103 : 168424 168425
23104 : 168426 168427
23105 : 168428 168429
23106 : 168430 168431
23107 : 168432 168433
23108 : 168434 168435
23109 : 168436 168437
23110 : 168438 168439
23111 : 168440 168441
23112 : 168442 168443
23113 : 168444 168445
23114 : 168446 168447
23115 : 168448 168449
23116 : 168450 168451
23117 : 168452 168453
23118 : 168454 168455
23119 : 168456 168457
23120 : 168458 168459
23121 : 168460 168461
23122 : 168462 168463
23123 : 168464 168465
23124 : 168466 168467
23125 : 168468 168469
23126 : 168470 168471
23127 : 168472 168473
23128 : 168474 168475
23129 : 168476 168477
23130 : 168478 168479
23131 : 168480 168481
23132 : 168482 168483
23133 : 168484 168485
23134 : 168486 168487
23135 : 168488 168489
23136 : 168490 168491
23137 : 168492 168493
23138 : 168494 168495
