30470 : 257288 257289
30471 : 257290 257291
30472 : 257292 257293
30473 : 257294 257295
30474 : 257296 257297
30475 : 257298 257299
30476 : 257300 257301
30477 : 257302 257303
30478 : 257304 257305
30479 : 257306 257307
30480 : 257308 257309
30481 : 257310 257311
30482 : 257312 257313
30483 : 257314 257315
30484 : 257316 257317
30485 : 257318 257319
30486 : 257320 257321
30487 : 257322 257323
30488 : 257324 257325
30489 : 257326 257327
30490 : 257328 257329
30491 : 257330 257331
30492 : 257332 257333
30493 : 257334 257335
30494 : 257336 257337
30495 : 257338 257339
30496 : 257340 257341
30497 : 257342 257343
30498 : 257344 257345
30499 : 257346 257347
30500 : 257348 257349
