88801 : 532551 532552
89291 : 532553 532554
89292 : 532555 532556
89293 : 532557 532558
89294 : 532559 532560
89295 : 532561 532562
89296 : 532563 532564
89297 : 532565 532566
89298 : 532567 532568
89299 : 532569 532570
89300 : 532571 532572
89301 : 532573 532574
89302 : 532575 532576
89303 : 532577 532578
89304 : 532579 532580
89305 : 532581 532582
89306 : 532583 532584
89307 : 532585 532586
89308 : 532587 532588
89309 : 532589 532590
89310 : 532591 532592
89311 : 532593 532594
89312 : 532595 532596
89313 : 532597 532598
89314 : 532599 532600
89315 : 532601 532602
89316 : 532603 532604
89317 : 532605 532606
89318 : 532607 532608
89319 : 532609 532610
89320 : 532611 532612
89321 : 532613 532614
89322 : 532615 532616
89323 : 532617 532618
89324 : 532619 532620
89325 : 532621 532622
89326 : 532623 532624
89327 : 532625 532626
89328 : 532627 532628
89329 : 532629 532630
89330 : 532631 532632
89331 : 532633 532634
89332 : 532635 532636
89333 : 532637 532638
89334 : 532639 532640
89335 : 532641 532642
89336 : 532643 532644
89337 : 532645 532646
89338 : 532647 532648
89339 : 532649 532650
89340 : 532651 532652
89341 : 532653 532654
89342 : 532655 532656
89343 : 532657 532658
89344 : 532659 532660
89345 : 532661 532662
