15786 : 114569 114570
15787 : 114571 114572
15788 : 114573 114574
15789 : 114575 114576
15790 : 114577 114578
15791 : 114579 114580
15792 : 114581 114582
15793 : 114583 114584
15794 : 114585 114586
15795 : 114587 114588
15796 : 114589 114590
15797 : 114591 114592
15798 : 114593 114594
15799 : 114595 114596
15800 : 114597 114598
15801 : 114599 114600
15802 : 114601 114602
15803 : 114603 114604
15804 : 114605 114606
15805 : 114607 114608
15806 : 114609 114610
15807 : 114611 114612
15808 : 114613 114614
15809 : 114615 114616
15810 : 114617 114618
15811 : 114619 114620
15812 : 114621 114622
15813 : 114623 114624
15814 : 114625 114626
15815 : 114627 114628
15816 : 114629 114630
15817 : 114631 114632
15818 : 114633 114634
15819 : 114635 114636
15820 : 114637 114638
15821 : 114639 114640
15822 : 114641 114642
15823 : 114643 114644
15824 : 114645 114646
15825 : 114647 114648
15826 : 114649 114650
15827 : 114651 114652
