39756 : 257577 257578
40232 : 257579 257580
40334 : 257581 257582
40335 : 257583 257584
40336 : 257585 257586
40337 : 257587 257588
40338 : 257589 257590
40339 : 257591 257592
40340 : 257593 257594
40341 : 257595 257596
40342 : 257597 257598
40343 : 257599 257600
40344 : 257601 257602
40345 : 257603 257604
40346 : 257605 257606
40347 : 257607 257608
40348 : 257609 257610
40349 : 257611 257612
40350 : 257613 257614
40351 : 257615 257616
40352 : 257617 257618
40353 : 257619 257620
40354 : 257621 257622
40355 : 257623 257624
40356 : 257625 257626
40357 : 257627 257628
40358 : 257629 257630
40359 : 257631 257632
40360 : 257633 257634
40361 : 257635 257636
40362 : 257637 257638
40363 : 257639 257640
40364 : 257641 257642
40365 : 257643 257644
40366 : 257645 257646
40367 : 257647 257648
40368 : 257649 257650
40369 : 257651 257652
40370 : 257653 257654
40371 : 257655 257656
40372 : 257657 257658
40373 : 257659 257660
40374 : 257661 257662
40375 : 257663 257664
40376 : 257665 257666
40377 : 257667 257668
40378 : 257669 257670
40379 : 257671 257672
40380 : 257673 257674
40381 : 257675 257676
40382 : 257677 257678
40383 : 257679 257680
40384 : 257681 257682
40385 : 257683 257684
40386 : 257685 257686
