42120 : 344574 344575
42121 : 344576 344577
42122 : 344578 344579
42123 : 344580 344581
42124 : 344582 344583
42125 : 344584 344585
42126 : 344586 344587
42127 : 344588 344589
42128 : 344590 344591
42129 : 344592 344593
42130 : 344594 344595
42131 : 344596 344597
42132 : 344598 344599
42133 : 344600 344601
42134 : 344602 344603
42135 : 344604 344605
42136 : 344606 344607
42137 : 344608 344609
42138 : 344610 344611
42139 : 344612 344613
42140 : 344614 344615
42141 : 344616 344617
42142 : 344618 344619
42143 : 344620 344621
42144 : 344622 344623
42145 : 344624 344625
42146 : 344626 344627
42147 : 344628 344629
42148 : 344630 344631
42149 : 344632 344633
42150 : 344634 344635
42151 : 344636 344637
42152 : 344638 344639
42153 : 344640 344641
