53296 : 433087 433088
53297 : 433089 433090
53298 : 433091 433092
53299 : 433093 433094
53300 : 433095 433096
53301 : 433097 433098
53302 : 433099 433100
53303 : 433101 433102
53304 : 433103 433104
53305 : 433105 433106
53306 : 433107 433108
53307 : 433109 433110
53308 : 433111 433112
53309 : 433113 433114
53310 : 433115 433116
53311 : 433117 433118
53312 : 433119 433120
53313 : 433121 433122
53314 : 433123 433124
53315 : 433125 433126
53316 : 433127 433128
53317 : 433129 433130
53318 : 433131 433132
53319 : 433133 433134
53320 : 433135 433136
53321 : 433137 433138
53322 : 433139 433140
53323 : 433141 433142
53324 : 433143 433144
53325 : 433145 433146
53326 : 433147 433148
53327 : 433149 433150
53328 : 433151 433152
53329 : 433153 433154
53330 : 433155 433156
53331 : 433157 433158
53332 : 433159 433160
53333 : 433161 433162
53334 : 433163 433164
53335 : 433165 433166
53336 : 433167 433168
53337 : 433169 433170
53338 : 433171 433172
53339 : 433173 433174
53340 : 433175 433176
53341 : 433177 433178
53342 : 433179 433180
53343 : 433181 433182
53344 : 433183 433184
53345 : 433185 433186
53346 : 433187 433188
53347 : 433189 433190
53348 : 433191 433192
