48255 : 298604 298605
48306 : 298606 298607
48307 : 298608 298609
48308 : 298610 298611
48309 : 298612 298613
48310 : 298614 298615
48311 : 298616 298617
48312 : 298618 298619
48313 : 298620 298621
48314 : 298622 298623
48315 : 298624 298625
48316 : 298626 298627
48317 : 298628 298629
48318 : 298630 298631
48319 : 298632 298633
48320 : 298634 298635
48321 : 298636 298637
48322 : 298638 298639
48323 : 298640 298641
48324 : 298642 298643
48325 : 298644 298645
48326 : 298646 298647
48327 : 298648 298649
48328 : 298650 298651
48329 : 298652 298653
48330 : 298654 298655
48331 : 298656 298657
48332 : 298658 298659
48333 : 298660 298661
48334 : 298662 298663
48335 : 298664 298665
48336 : 298666 298667
48337 : 298668 298669
48338 : 298670 298671
48339 : 298672 298673
48340 : 298674 298675
48341 : 298676 298677
48342 : 298678 298679
48343 : 298680 298681
48344 : 298682 298683
48345 : 298684 298685
48346 : 298686 298687
48347 : 298688 298689
48348 : 298690 298691
48349 : 298692 298693
48350 : 298694 298695
48351 : 298696 298697
48352 : 298698 298699
48353 : 298700 298701
48354 : 298702 298703
48355 : 298704 298705
48356 : 298706 298707
48357 : 298708 298709
48358 : 298710 298711
