48336 : 392592 392593
48337 : 392594 392595
48338 : 392596 392597
48339 : 392598 392599
48340 : 392600 392601
48341 : 392602 392603
48342 : 392604 392605
48343 : 392606 392607
48344 : 392608 392609
48345 : 392610 392611
48346 : 392612 392613
48347 : 392614 392615
48348 : 392616 392617
48349 : 392618 392619
48350 : 392620 392621
48351 : 392622 392623
48352 : 392624 392625
48353 : 392626 392627
48354 : 392628 392629
48355 : 392630 392631
48356 : 392632 392633
48357 : 392634 392635
48358 : 392636 392637
48359 : 392638 392639
48360 : 392640 392641
48361 : 392642 392643
48362 : 392644 392645
48363 : 392646 392647
48364 : 392648 392649
48365 : 392650 392651
48366 : 392652 392653
48367 : 392654 392655
48368 : 392656 392657
48369 : 392658 392659
48370 : 392660 392661
48371 : 392662 392663
48372 : 392664 392665
