47778 : 295658 295659
47779 : 295660 295661
47780 : 295662 295663
47781 : 295664 295665
47782 : 295666 295667
47783 : 295668 295669
47784 : 295670 295671
47785 : 295672 295673
47786 : 295674 295675
47787 : 295676 295677
47788 : 295678 295679
47789 : 295680 295681
47790 : 295682 295683
47791 : 295684 295685
47792 : 295686 295687
47793 : 295688 295689
47794 : 295690 295691
47795 : 295692 295693
47796 : 295694 295695
47797 : 295696 295697
47798 : 295698 295699
47799 : 295700 295701
47800 : 295702 295703
47801 : 295704 295705
47802 : 295706 295707
47803 : 295708 295709
47804 : 295710 295711
47805 : 295712 295713
47806 : 295714 295715
47807 : 295716 295717
47808 : 295718 295719
47809 : 295720 295721
47810 : 295722 295723
47811 : 295724 295725
47812 : 295726 295727
47813 : 295728 295729
47814 : 295730 295731
47815 : 295732 295733
47816 : 295734 295735
47817 : 295736 295737
47818 : 295738 295739
47819 : 295740 295741
47820 : 295742 295743
47821 : 295744 295745
47822 : 295746 295747
47823 : 295748 295749
47824 : 295750 295751
47825 : 295752 295753
47826 : 295754 295755
47827 : 295756 295757
47828 : 295758 295759
47829 : 295760 295761
47830 : 295762 295763
47831 : 295764 295765
47832 : 295766 295767
47833 : 295768 295769
47834 : 295770 295771
