52727 : 323007 323008
52728 : 323009 323010
52729 : 323011 323012
52730 : 323013 323014
52731 : 323015 323016
52732 : 323017 323018
52733 : 323019 323020
52734 : 323021 323022
52735 : 323023 323024
52736 : 323025 323026
52737 : 323027 323028
52738 : 323029 323030
52739 : 323031 323032
52740 : 323033 323034
52741 : 323035 323036
52742 : 323037 323038
52743 : 323039 323040
52744 : 323041 323042
52745 : 323043 323044
52746 : 323045 323046
52747 : 323047 323048
52748 : 323049 323050
52749 : 323051 323052
52750 : 323053 323054
52751 : 323055 323056
52752 : 323057 323058
52753 : 323059 323060
52754 : 323061 323062
52755 : 323063 323064
52756 : 323065 323066
52757 : 323067 323068
52758 : 323069 323070
52759 : 323071 323072
52760 : 323073 323074
52761 : 323075 323076
52762 : 323077 323078
52763 : 323079 323080
52764 : 323081 323082
52765 : 323083 323084
52766 : 323085 323086
52767 : 323087 323088
52768 : 323089 323090
52769 : 323091 323092
52770 : 323093 323094
52771 : 323095 323096
52772 : 323097 323098
