26847 : 228334 228335
26848 : 228336 228337
26849 : 228338 228339
26850 : 228340 228341
26851 : 228342 228343
26852 : 228344 228345
26853 : 228346 228347
26854 : 228348 228349
26855 : 228350 228351
26856 : 228352 228353
26857 : 228354 228355
26858 : 228356 228357
26859 : 228358 228359
26860 : 228360 228361
26861 : 228362 228363
26862 : 228364 228365
26863 : 228366 228367
26864 : 228368 228369
26865 : 228370 228371
26866 : 228372 228373
26867 : 228374 228375
26868 : 228376 228377
26869 : 228378 228379
26870 : 228380 228381
26871 : 228382 228383
26872 : 228384 228385
26873 : 228386 228387
26874 : 228388 228389
26875 : 228390 228391
26876 : 228392 228393
26877 : 228394 228395
26878 : 228396 228397
26879 : 228398 228399
26880 : 228400 228401
26881 : 228402 228403
26882 : 228404 228405
26883 : 228406 228407
26884 : 228408 228409
26885 : 228410 228411
26886 : 228412 228413
26887 : 228414 228415
26888 : 228416 228417
26889 : 228418 228419
