49386 : 304721 304722
49387 : 304723 304724
49388 : 304725 304726
49389 : 304727 304728
49390 : 304729 304730
49391 : 304731 304732
49392 : 304733 304734
49393 : 304735 304736
49394 : 304737 304738
49395 : 304739 304740
49396 : 304741 304742
49397 : 304743 304744
49398 : 304745 304746
49399 : 304747 304748
49400 : 304749 304750
49401 : 304751 304752
49402 : 304753 304754
49403 : 304755 304756
49404 : 304757 304758
49405 : 304759 304760
49406 : 304761 304762
49407 : 304763 304764
49408 : 304765 304766
49409 : 304767 304768
49410 : 304769 304770
49411 : 304771 304772
49412 : 304773 304774
49413 : 304775 304776
49414 : 304777 304778
49415 : 304779 304780
49416 : 304781 304782
49417 : 304783 304784
49418 : 304785 304786
49419 : 304787 304788
49420 : 304789 304790
49421 : 304791 304792
49422 : 304793 304794
49423 : 304795 304796
49424 : 304797 304798
49425 : 304799 304800
49426 : 304801 304802
49427 : 304803 304804
49428 : 304805 304806
49429 : 304807 304808
49430 : 304809 304810
49431 : 304811 304812
