1927 : 12861 12862
1928 : 12863 12864
1929 : 12865 12866
1930 : 12867 12868
1931 : 12869 12870
1932 : 12871 12872
1933 : 12873 12874
1934 : 12875 12876
1935 : 12877 12878
1936 : 12879 12880
1937 : 12881 12882
1938 : 12883 12884
1939 : 12885 12886
1940 : 12887 12888
1941 : 12889 12890
1942 : 12891 12892
1943 : 12893 12894
1944 : 12895 12896
1945 : 12897 12898
1946 : 12899 12900
1947 : 12901 12902
1948 : 12903 12904
1949 : 12905 12906
1950 : 12907 12908
1951 : 12909 12910
1952 : 12911 12912
1953 : 12913 12914
1954 : 12915 12916
1955 : 12917 12918
1956 : 12919 12920
1957 : 12921 12922
1958 : 12923 12924
1959 : 12925 12926
1960 : 12927 12928
1961 : 12929 12930
