14620 : 134139 134140
14621 : 134141 134142
14622 : 134143 134144
14623 : 134145 134146
14624 : 134147 134148
14625 : 134149 134150
14626 : 134151 134152
14627 : 134153 134154
14628 : 134155 134156
14629 : 134157 134158
14630 : 134159 134160
14631 : 134161 134162
14632 : 134163 134164
14633 : 134165 134166
14634 : 134167 134168
14635 : 134169 134170
14636 : 134171 134172
14637 : 134173 134174
14638 : 134175 134176
14639 : 134177 134178
14640 : 134179 134180
14641 : 134181 134182
14642 : 134183 134184
14643 : 134185 134186
14644 : 134187 134188
14645 : 134189 134190
14646 : 134191 134192
14647 : 134193 134194
14648 : 134195 134196
14649 : 134197 134198
14650 : 134199 134200
14651 : 134201 134202
14652 : 134203 134204
14653 : 134205 134206
14654 : 134207 134208
14655 : 134209 134210
14656 : 134211 134212
14657 : 134213 134214
14658 : 134215 134216
14659 : 134217 134218
14660 : 134219 134220
14661 : 134221 134222
14662 : 134223 134224
14663 : 134225 134226
14664 : 134227 134228
14665 : 134229 134230
14666 : 134231 134232
14667 : 134233 134234
14668 : 134235 134236
14669 : 134237 134238
14670 : 134239 134240
14671 : 134241 134242
14672 : 134243 134244
14673 : 134245 134246
14674 : 134247 134248
14675 : 134249 134250
14676 : 134251 134252
14677 : 134253 134254
14678 : 134255 134256
