46926 : 384598 384599
46927 : 384600 384601
46928 : 384602 384603
46929 : 384604 384605
46930 : 384606 384607
46931 : 384608 384609
46932 : 384610 384611
46933 : 384612 384613
46934 : 384614 384615
46935 : 384616 384617
46936 : 384618 384619
46937 : 384620 384621
46938 : 384622 384623
46939 : 384624 384625
46940 : 384626 384627
46941 : 384628 384629
46942 : 384630 384631
46943 : 384632 384633
46944 : 384634 384635
46945 : 384636 384637
46946 : 384638 384639
46947 : 384640 384641
46948 : 384642 384643
46949 : 384644 384645
46950 : 384646 384647
46951 : 384648 384649
46952 : 384650 384651
46953 : 384652 384653
