27083 : 231231 231232
27084 : 231233 231234
27085 : 231235 231236
27086 : 231237 231238
27087 : 231239 231240
27088 : 231241 231242
27089 : 231243 231244
27090 : 231245 231246
27091 : 231247 231248
27092 : 231249 231250
27093 : 231251 231252
27094 : 231253 231254
27095 : 231255 231256
27096 : 231257 231258
27097 : 231259 231260
27098 : 231261 231262
27099 : 231263 231264
27100 : 231265 231266
27101 : 231267 231268
27102 : 231269 231270
27103 : 231271 231272
27104 : 231273 231274
27105 : 231275 231276
27106 : 231277 231278
27107 : 231279 231280
27108 : 231281 231282
27109 : 231283 231284
27110 : 231285 231286
27111 : 231287 231288
27112 : 231289 231290
27113 : 231291 231292
