36488 : 240554 240555
36973 : 240556 240557
36974 : 240558 240559
36975 : 240560 240561
36976 : 240562 240563
36977 : 240564 240565
36978 : 240566 240567
36979 : 240568 240569
36980 : 240570 240571
36981 : 240572 240573
36982 : 240574 240575
36983 : 240576 240577
36984 : 240578 240579
36985 : 240580 240581
36986 : 240582 240583
36987 : 240584 240585
36988 : 240586 240587
36989 : 240588 240589
36990 : 240590 240591
36991 : 240592 240593
36992 : 240594 240595
36993 : 240596 240597
36994 : 240598 240599
36995 : 240600 240601
36996 : 240602 240603
36997 : 240604 240605
36998 : 240606 240607
36999 : 240608 240609
37000 : 240610 240611
37001 : 240612 240613
37002 : 240614 240615
37003 : 240616 240617
37004 : 240618 240619
37005 : 240620 240621
37006 : 240622 240623
37007 : 240624 240625
37008 : 240626 240627
37009 : 240628 240629
37010 : 240630 240631
37011 : 240632 240633
37012 : 240634 240635
37013 : 240636 240637
37014 : 240638 240639
37015 : 240640 240641
37016 : 240642 240643
37017 : 240644 240645
37018 : 240646 240647
37019 : 240648 240649
37020 : 240650 240651
37021 : 240652 240653
37022 : 240654 240655
37023 : 240656 240657
37024 : 240658 240659
37025 : 240660 240661
37026 : 240662 240663
37027 : 240664 240665
37028 : 240666 240667
37029 : 240668 240669
37030 : 240670 240671
37031 : 240672 240673
37032 : 240674 240675
37033 : 240676 240677
37034 : 240678 240679
