20666 : 182213 182214
20667 : 182215 182216
20668 : 182217 182218
20669 : 182219 182220
20670 : 182221 182222
20671 : 182223 182224
20672 : 182225 182226
20673 : 182227 182228
20674 : 182229 182230
20675 : 182231 182232
20676 : 182233 182234
20677 : 182235 182236
20678 : 182237 182238
20679 : 182239 182240
20680 : 182241 182242
20681 : 182243 182244
20682 : 182245 182246
20683 : 182247 182248
20684 : 182249 182250
20685 : 182251 182252
20686 : 182253 182254
20687 : 182255 182256
20688 : 182257 182258
20689 : 182259 182260
20690 : 182261 182262
20691 : 182263 182264
20692 : 182265 182266
20693 : 182267 182268
20694 : 182269 182270
20695 : 182271 182272
20696 : 182273 182274
20697 : 182275 182276
20698 : 182277 182278
20699 : 182279 182280
20700 : 182281 182282
20701 : 182283 182284
20702 : 182285 182286
20703 : 182287 182288
20704 : 182289 182290
20705 : 182291 182292
20706 : 182293 182294
