18753 : 136574 136575
18754 : 136576 136577
18755 : 136578 136579
18756 : 136580 136581
18757 : 136582 136583
18758 : 136584 136585
18759 : 136586 136587
18760 : 136588 136589
18761 : 136590 136591
18762 : 136592 136593
18763 : 136594 136595
18764 : 136596 136597
18765 : 136598 136599
18766 : 136600 136601
18767 : 136602 136603
18768 : 136604 136605
18769 : 136606 136607
18770 : 136608 136609
18771 : 136610 136611
18772 : 136612 136613
18773 : 136614 136615
18774 : 136616 136617
18775 : 136618 136619
18776 : 136620 136621
18777 : 136622 136623
18778 : 136624 136625
18779 : 136626 136627
18780 : 136628 136629
18781 : 136630 136631
18782 : 136632 136633
18783 : 136634 136635
18784 : 136636 136637
18785 : 136638 136639
18786 : 136640 136641
18787 : 136642 136643
18788 : 136644 136645
