34075 : 283593 283594
34076 : 283595 283596
34077 : 283597 283598
34078 : 283599 283600
34079 : 283601 283602
34080 : 283603 283604
34081 : 283605 283606
34082 : 283607 283608
34083 : 283609 283610
34084 : 283611 283612
34085 : 283613 283614
34086 : 283615 283616
34087 : 283617 283618
34088 : 283619 283620
34089 : 283621 283622
34090 : 283623 283624
34091 : 283625 283626
34092 : 283627 283628
34093 : 283629 283630
34094 : 283631 283632
34095 : 283633 283634
34096 : 283635 283636
34097 : 283637 283638
34098 : 283639 283640
34099 : 283641 283642
34100 : 283643 283644
34101 : 283645 283646
34102 : 283647 283648
34103 : 283649 283650
34104 : 283651 283652
34105 : 283653 283654
34106 : 283655 283656
34107 : 283657 283658
34108 : 283659 283660
34109 : 283661 283662
34110 : 283663 283664
34111 : 283665 283666
34112 : 283667 283668
34113 : 283669 283670
34114 : 283671 283672
34115 : 283673 283674
34116 : 283675 283676
