87551 : 517212 517213
87552 : 517214 517215
87553 : 517216 517217
87554 : 517218 517219
87555 : 517220 517221
87556 : 517222 517223
87557 : 517224 517225
87558 : 517226 517227
87559 : 517228 517229
87560 : 517230 517231
87561 : 517232 517233
87562 : 517234 517235
87563 : 517236 517237
87564 : 517238 517239
87565 : 517240 517241
87566 : 517242 517243
87567 : 517244 517245
87568 : 517246 517247
87569 : 517248 517249
87570 : 517250 517251
87571 : 517252 517253
87572 : 517254 517255
87573 : 517256 517257
87574 : 517258 517259
87575 : 517260 517261
87576 : 517262 517263
87577 : 517264 517265
87578 : 517266 517267
87579 : 517268 517269
87580 : 517270 517271
87581 : 517272 517273
87582 : 517274 517275
87583 : 517276 517277
87584 : 517278 517279
87585 : 517280 517281
87586 : 517282 517283
87587 : 517284 517285
87588 : 517286 517287
87589 : 517288 517289
87590 : 517290 517291
87591 : 517292 517293
87592 : 517294 517295
