48690 : 395388 395389
48691 : 395390 395391
48692 : 395392 395393
48693 : 395394 395395
48694 : 395396 395397
48695 : 395398 395399
48696 : 395400 395401
48697 : 395402 395403
48698 : 395404 395405
48699 : 395406 395407
48700 : 395408 395409
48701 : 395410 395411
48702 : 395412 395413
48703 : 395414 395415
48704 : 395416 395417
48705 : 395418 395419
48706 : 395420 395421
48707 : 395422 395423
48708 : 395424 395425
48709 : 395426 395427
48710 : 395428 395429
48711 : 395430 395431
48712 : 395432 395433
48713 : 395434 395435
48714 : 395436 395437
48715 : 395438 395439
48716 : 395440 395441
48717 : 395442 395443
48718 : 395444 395445
48719 : 395446 395447
48720 : 395448 395449
48721 : 395450 395451
48722 : 395452 395453
48723 : 395454 395455
48724 : 395456 395457
48725 : 395458 395459
48726 : 395460 395461
