7706 : 74388 74389
7707 : 74390 74391
7708 : 74392 74393
7709 : 74394 74395
7710 : 74396 74397
7711 : 74398 74399
7712 : 74400 74401
7713 : 74402 74403
7714 : 74404 74405
7715 : 74406 74407
7716 : 74408 74409
7717 : 74410 74411
7718 : 74412 74413
7719 : 74414 74415
7720 : 74416 74417
7721 : 74418 74419
7722 : 74420 74421
7723 : 74422 74423
7724 : 74424 74425
7725 : 74426 74427
7726 : 74428 74429
7727 : 74430 74431
7728 : 74432 74433
7729 : 74434 74435
7730 : 74436 74437
7731 : 74438 74439
7732 : 74440 74441
7733 : 74442 74443
7734 : 74444 74445
7735 : 74446 74447
7736 : 74448 74449
7737 : 74450 74451
7738 : 74452 74453
7739 : 74454 74455
7740 : 74456 74457
7741 : 74458 74459
7742 : 74460 74461
