31673 : 266561 266562
31674 : 266563 266564
31675 : 266565 266566
31676 : 266567 266568
31677 : 266569 266570
31678 : 266571 266572
31679 : 266573 266574
31680 : 266575 266576
31681 : 266577 266578
31682 : 266579 266580
31683 : 266581 266582
31684 : 266583 266584
31685 : 266585 266586
31686 : 266587 266588
31687 : 266589 266590
31688 : 266591 266592
31689 : 266593 266594
31690 : 266595 266596
31691 : 266597 266598
31692 : 266599 266600
31693 : 266601 266602
31694 : 266603 266604
31695 : 266605 266606
31696 : 266607 266608
31697 : 266609 266610
31698 : 266611 266612
31699 : 266613 266614
31700 : 266615 266616
31701 : 266617 266618
31702 : 266619 266620
31703 : 266621 266622
31704 : 266623 266624
31705 : 266625 266626
31706 : 266627 266628
31707 : 266629 266630
31708 : 266631 266632
31709 : 266633 266634
31710 : 266635 266636
31711 : 266637 266638
31712 : 266639 266640
31713 : 266641 266642
31714 : 266643 266644
31715 : 266645 266646
