27190 : 230874 230875
27191 : 230876 230877
27192 : 230878 230879
27193 : 230880 230881
27194 : 230882 230883
27195 : 230884 230885
27196 : 230886 230887
27197 : 230888 230889
27198 : 230890 230891
27199 : 230892 230893
27200 : 230894 230895
27201 : 230896 230897
27202 : 230898 230899
27203 : 230900 230901
27204 : 230902 230903
27205 : 230904 230905
27206 : 230906 230907
27207 : 230908 230909
27208 : 230910 230911
27209 : 230912 230913
27210 : 230914 230915
27211 : 230916 230917
27212 : 230918 230919
27213 : 230920 230921
27214 : 230922 230923
27215 : 230924 230925
27216 : 230926 230927
27217 : 230928 230929
27218 : 230930 230931
27219 : 230932 230933
27220 : 230934 230935
27221 : 230936 230937
27222 : 230938 230939
