23956 : 206926 206927
23957 : 206928 206929
23958 : 206930 206931
23959 : 206932 206933
23960 : 206934 206935
23961 : 206936 206937
23962 : 206938 206939
23963 : 206940 206941
23964 : 206942 206943
23965 : 206944 206945
23966 : 206946 206947
23967 : 206948 206949
23968 : 206950 206951
23969 : 206952 206953
23970 : 206954 206955
23971 : 206956 206957
23972 : 206958 206959
23973 : 206960 206961
23974 : 206962 206963
23975 : 206964 206965
23976 : 206966 206967
23977 : 206968 206969
23978 : 206970 206971
23979 : 206972 206973
23980 : 206974 206975
23981 : 206976 206977
23982 : 206978 206979
23983 : 206980 206981
23984 : 206982 206983
23985 : 206984 206985
23986 : 206986 206987
23987 : 206988 206989
23988 : 206990 206991
23989 : 206992 206993
23990 : 206994 206995
23991 : 206996 206997
