68539 : 419144 419145
68589 : 419146 419147
68590 : 419148 419149
68591 : 419150 419151
68592 : 419152 419153
68593 : 419154 419155
68594 : 419156 419157
68595 : 419158 419159
68596 : 419160 419161
68597 : 419162 419163
68598 : 419164 419165
68599 : 419166 419167
68600 : 419168 419169
68601 : 419170 419171
68602 : 419172 419173
68603 : 419174 419175
68604 : 419176 419177
68605 : 419178 419179
68606 : 419180 419181
68607 : 419182 419183
68608 : 419184 419185
68609 : 419186 419187
68610 : 419188 419189
68611 : 419190 419191
68612 : 419192 419193
68613 : 419194 419195
68614 : 419196 419197
68615 : 419198 419199
68616 : 419200 419201
68617 : 419202 419203
68618 : 419204 419205
68619 : 419206 419207
68620 : 419208 419209
68621 : 419210 419211
68622 : 419212 419213
68623 : 419214 419215
68624 : 419216 419217
68625 : 419218 419219
