27218 : 232288 232289
27219 : 232290 232291
27220 : 232292 232293
27221 : 232294 232295
27222 : 232296 232297
27223 : 232298 232299
27224 : 232300 232301
27225 : 232302 232303
27226 : 232304 232305
27227 : 232306 232307
27228 : 232308 232309
27229 : 232310 232311
27230 : 232312 232313
27231 : 232314 232315
27232 : 232316 232317
27233 : 232318 232319
27234 : 232320 232321
27235 : 232322 232323
27236 : 232324 232325
27237 : 232326 232327
27238 : 232328 232329
27239 : 232330 232331
27240 : 232332 232333
27241 : 232334 232335
27242 : 232336 232337
27243 : 232338 232339
27244 : 232340 232341
27245 : 232342 232343
27246 : 232344 232345
27247 : 232346 232347
27248 : 232348 232349
27249 : 232350 232351
27250 : 232352 232353
27251 : 232354 232355
27252 : 232356 232357
27253 : 232358 232359
27254 : 232360 232361
27255 : 232362 232363
27256 : 232364 232365
27257 : 232366 232367
27258 : 232368 232369
27259 : 232370 232371
