11552 : 107577 107578
11553 : 107579 107580
11554 : 107581 107582
11555 : 107583 107584
11556 : 107585 107586
11557 : 107587 107588
11558 : 107589 107590
11559 : 107591 107592
11560 : 107593 107594
11561 : 107595 107596
11562 : 107597 107598
11563 : 107599 107600
11564 : 107601 107602
11565 : 107603 107604
11566 : 107605 107606
11567 : 107607 107608
11568 : 107609 107610
11569 : 107611 107612
11570 : 107613 107614
11571 : 107615 107616
11572 : 107617 107618
11573 : 107619 107620
11574 : 107621 107622
11575 : 107623 107624
11576 : 107625 107626
11577 : 107627 107628
11578 : 107629 107630
11579 : 107631 107632
11580 : 107633 107634
11581 : 107635 107636
11582 : 107637 107638
11583 : 107639 107640
11584 : 107641 107642
11585 : 107643 107644
11586 : 107645 107646
