10120 : 142383 142384
10121 : 142385 142386
10122 : 142387 142388
10123 : 142389 142390
10124 : 142391 142392
10125 : 142393 142394
10126 : 142395 142396
10127 : 142397 142398
10128 : 142399 142400
10129 : 142401 142402
10130 : 142403 142404
10131 : 142405 142406
10132 : 142407 142408
10133 : 142409 142410
10134 : 142411 142412
10135 : 142413 142414
10136 : 142415 142416
10137 : 142417 142418
10138 : 142419 142420
10139 : 142421 142422
10140 : 142423 142424
10141 : 142425 142426
10142 : 142427 142428
10143 : 142429 142430
10144 : 142431 142432
10145 : 142433 142434
10146 : 142435 142436
10147 : 142437 142438
10148 : 142439 142440
10149 : 142441 142442
10150 : 142443 142444
10151 : 142445 142446
10152 : 142447 142448
10153 : 142449 142450
10154 : 142451 142452
10155 : 142453 142454
10156 : 142455 142456
10157 : 142457 142458
10158 : 142459 142460
10159 : 142461 142462
