20645 : 150693 150694
20646 : 150695 150696
20647 : 150697 150698
20648 : 150699 150700
20649 : 150701 150702
20650 : 150703 150704
20651 : 150705 150706
20652 : 150707 150708
20653 : 150709 150710
20654 : 150711 150712
20655 : 150713 150714
20656 : 150715 150716
20657 : 150717 150718
20658 : 150719 150720
20659 : 150721 150722
20660 : 150723 150724
20661 : 150725 150726
20662 : 150727 150728
20663 : 150729 150730
20664 : 150731 150732
20665 : 150733 150734
20666 : 150735 150736
20667 : 150737 150738
20668 : 150739 150740
20669 : 150741 150742
20670 : 150743 150744
20671 : 150745 150746
20672 : 150747 150748
20673 : 150749 150750
20674 : 150751 150752
20675 : 150753 150754
20676 : 150755 150756
20677 : 150757 150758
20678 : 150759 150760
