8428 : 67181 67182
8429 : 67183 67184
8430 : 67185 67186
8431 : 67187 67188
8432 : 67189 67190
8433 : 67191 67192
8434 : 67193 67194
8435 : 67195 67196
8436 : 67197 67198
8437 : 67199 67200
8438 : 67201 67202
8439 : 67203 67204
8440 : 67205 67206
8441 : 67207 67208
8442 : 67209 67210
8443 : 67211 67212
8444 : 67213 67214
8445 : 67215 67216
8446 : 67217 67218
8447 : 67219 67220
8448 : 67221 67222
8449 : 67223 67224
8450 : 67225 67226
8451 : 67227 67228
8452 : 67229 67230
8453 : 67231 67232
8454 : 67233 67234
8455 : 67235 67236
8456 : 67237 67238
8457 : 67239 67240
8458 : 67241 67242
8459 : 67243 67244
8460 : 67245 67246
8461 : 67247 67248
8462 : 67249 67250
8463 : 67251 67252
8464 : 67253 67254
8465 : 67255 67256
8466 : 67257 67258
8467 : 67259 67260
8468 : 67261 67262
8469 : 67263 67264
8470 : 67265 67266
8471 : 67267 67268
8472 : 67269 67270
8473 : 67271 67272
8474 : 67273 67274
8475 : 67275 67276
8476 : 67277 67278
8477 : 67279 67280
8478 : 67281 67282
8479 : 67283 67284
8480 : 67285 67286
