66429 : 369226 369227
66430 : 369228 369229
66431 : 369230 369231
66432 : 369232 369233
66433 : 369234 369235
66434 : 369236 369237
66435 : 369238 369239
66436 : 369240 369241
66437 : 369242 369243
66438 : 369244 369245
66439 : 369246 369247
66440 : 369248 369249
66441 : 369250 369251
66442 : 369252 369253
66443 : 369254 369255
66444 : 369256 369257
66445 : 369258 369259
66446 : 369260 369261
66447 : 369262 369263
66448 : 369264 369265
66449 : 369266 369267
66450 : 369268 369269
66451 : 369270 369271
66452 : 369272 369273
66453 : 369274 369275
66454 : 369276 369277
66455 : 369278 369279
66456 : 369280 369281
66457 : 369282 369283
66458 : 369284 369285
66459 : 369286 369287
66460 : 369288 369289
66461 : 369290 369291
66462 : 369292 369293
66463 : 369294 369295
66464 : 369296 369297
66465 : 369298 369299
66466 : 369300 369301
66467 : 369302 369303
66468 : 369304 369305
66469 : 369306 369307
66470 : 369308 369309
66471 : 369310 369311
66472 : 369312 369313
66473 : 369314 369315
66474 : 369316 369317
66475 : 369318 369319
66476 : 369320 369321
66477 : 369322 369323
66478 : 369324 369325
66479 : 369326 369327
66480 : 369328 369329
66481 : 369330 369331
66482 : 369332 369333
66483 : 369334 369335
66484 : 369336 369337
66485 : 369338 369339
66486 : 369340 369341
66487 : 369342 369343
66488 : 369344 369345
66489 : 369346 369347
66490 : 369348 369349
66491 : 369350 369351
66492 : 369352 369353
66493 : 369354 369355
66494 : 369356 369357
66495 : 369358 369359
66496 : 369360 369361
66497 : 369362 369363
66498 : 369364 369365
66499 : 369366 369367
66500 : 369368 369369
66501 : 369370 369371
66502 : 369372 369373
66503 : 369374 369375
66504 : 369376 369377
66505 : 369378 369379
66506 : 369380 369381
66507 : 369382 369383
66508 : 369384 369385
66509 : 369386 369387
66510 : 369388 369389
66511 : 369390 369391
66512 : 369392 369393
66513 : 369394 369395
66514 : 369396 369397
66515 : 369398 369399
66516 : 369400 369401
66517 : 369402 369403
66518 : 369404 369405
66519 : 369406 369407
66520 : 369408 369409
66521 : 369410 369411
66522 : 369412 369413
66523 : 369414 369415
66524 : 369416 369417
66525 : 369418 369419
66526 : 369420 369421
66527 : 369422 369423
66528 : 369424 369425
66529 : 369426 369427
66530 : 369428 369429
66531 : 369430 369431
66532 : 369432 369433
66533 : 369434 369435
