46867 : 292638 292639
47214 : 292640 292641
47215 : 292642 292643
47216 : 292644 292645
47217 : 292646 292647
47218 : 292648 292649
47219 : 292650 292651
47220 : 292652 292653
47221 : 292654 292655
47222 : 292656 292657
47223 : 292658 292659
47224 : 292660 292661
47225 : 292662 292663
47226 : 292664 292665
47227 : 292666 292667
47228 : 292668 292669
47229 : 292670 292671
47230 : 292672 292673
47231 : 292674 292675
47232 : 292676 292677
47233 : 292678 292679
47234 : 292680 292681
47235 : 292682 292683
47236 : 292684 292685
47237 : 292686 292687
47238 : 292688 292689
47239 : 292690 292691
47240 : 292692 292693
47241 : 292694 292695
47242 : 292696 292697
47243 : 292698 292699
47244 : 292700 292701
47245 : 292702 292703
47246 : 292704 292705
47247 : 292706 292707
47248 : 292708 292709
47249 : 292710 292711
47250 : 292712 292713
47251 : 292714 292715
47252 : 292716 292717
47253 : 292718 292719
47254 : 292720 292721
47255 : 292722 292723
47256 : 292724 292725
47257 : 292726 292727
47258 : 292728 292729
47259 : 292730 292731
47260 : 292732 292733
47261 : 292734 292735
47262 : 292736 292737
47263 : 292738 292739
47264 : 292740 292741
47265 : 292742 292743
47266 : 292744 292745
47267 : 292746 292747
47268 : 292748 292749
47269 : 292750 292751
47270 : 292752 292753
47271 : 292754 292755
47272 : 292756 292757
47273 : 292758 292759
47274 : 292760 292761
47275 : 292762 292763
47276 : 292764 292765
47277 : 292766 292767
47278 : 292768 292769
47279 : 292770 292771
47280 : 292772 292773
47281 : 292774 292775
