33025 : 276325 276326
33026 : 276327 276328
33027 : 276329 276330
33028 : 276331 276332
33029 : 276333 276334
33030 : 276335 276336
33031 : 276337 276338
33032 : 276339 276340
33033 : 276341 276342
33034 : 276343 276344
33035 : 276345 276346
33036 : 276347 276348
33037 : 276349 276350
33038 : 276351 276352
33039 : 276353 276354
33040 : 276355 276356
33041 : 276357 276358
33042 : 276359 276360
33043 : 276361 276362
33044 : 276363 276364
33045 : 276365 276366
33046 : 276367 276368
33047 : 276369 276370
33048 : 276371 276372
33049 : 276373 276374
33050 : 276375 276376
33051 : 276377 276378
33052 : 276379 276380
33053 : 276381 276382
33054 : 276383 276384
33055 : 276385 276386
33056 : 276387 276388
33057 : 276389 276390
33058 : 276391 276392
33059 : 276393 276394
33060 : 276395 276396
33061 : 276397 276398
33062 : 276399 276400
33063 : 276401 276402
33064 : 276403 276404
33065 : 276405 276406
33066 : 276407 276408
33067 : 276409 276410
33068 : 276411 276412
33069 : 276413 276414
33070 : 276415 276416
33071 : 276417 276418
33072 : 276419 276420
33073 : 276421 276422
33074 : 276423 276424
33075 : 276425 276426
33076 : 276427 276428
33077 : 276429 276430
33078 : 276431 276432
33079 : 276433 276434
33080 : 276435 276436
33081 : 276437 276438
33082 : 276439 276440
33083 : 276441 276442
