28406 : 183426 183427
28407 : 183428 183429
28408 : 183430 183431
28409 : 183432 183433
28410 : 183434 183435
28411 : 183436 183437
28412 : 183438 183439
28413 : 183440 183441
28414 : 183442 183443
28415 : 183444 183445
28416 : 183446 183447
28417 : 183448 183449
28418 : 183450 183451
28419 : 183452 183453
28420 : 183454 183455
28421 : 183456 183457
28422 : 183458 183459
28423 : 183460 183461
28424 : 183462 183463
28425 : 183464 183465
28426 : 183466 183467
28427 : 183468 183469
28428 : 183470 183471
28429 : 183472 183473
28430 : 183474 183475
28431 : 183476 183477
28432 : 183478 183479
28433 : 183480 183481
28434 : 183482 183483
28435 : 183484 183485
28436 : 183486 183487
28437 : 183488 183489
28438 : 183490 183491
28439 : 183492 183493
28440 : 183494 183495
28441 : 183496 183497
28442 : 183498 183499
28443 : 183500 183501
28444 : 183502 183503
28445 : 183504 183505
28446 : 183506 183507
28447 : 183508 183509
28448 : 183510 183511
28449 : 183512 183513
28450 : 183514 183515
28451 : 183516 183517
28452 : 183518 183519
28453 : 183520 183521
28454 : 183522 183523
28455 : 183524 183525
28456 : 183526 183527
28457 : 183528 183529
28458 : 183530 183531
28459 : 183532 183533
28460 : 183534 183535
28461 : 183536 183537
28462 : 183538 183539
28463 : 183540 183541
28464 : 183542 183543
28465 : 183544 183545
28466 : 183546 183547
28467 : 183548 183549
28468 : 183550 183551
28469 : 183552 183553
28470 : 183554 183555
28471 : 183556 183557
28472 : 183558 183559
28473 : 183560 183561
28474 : 183562 183563
28475 : 183564 183565
28476 : 183566 183567
28477 : 183568 183569
28478 : 183570 183571
28479 : 183572 183573
28480 : 183574 183575
28481 : 183576 183577
28482 : 183578 183579
28483 : 183580 183581
28484 : 183582 183583
28485 : 183584 183585
28486 : 183586 183587
28487 : 183588 183589
28488 : 183590 183591
28489 : 183592 183593
28490 : 183594 183595
28491 : 183596 183597
28492 : 183598 183599
28493 : 183600 183601
28494 : 183602 183603
28495 : 183604 183605
28496 : 183606 183607
28497 : 183608 183609
28498 : 183610 183611
28499 : 183612 183613
28500 : 183614 183615
28501 : 183616 183617
