53440 : 433978 433979
53441 : 433980 433981
53442 : 433982 433983
53443 : 433984 433985
53444 : 433986 433987
53445 : 433988 433989
53446 : 433990 433991
53447 : 433992 433993
53448 : 433994 433995
53449 : 433996 433997
53450 : 433998 433999
53451 : 434000 434001
53452 : 434002 434003
53453 : 434004 434005
53454 : 434006 434007
53455 : 434008 434009
53456 : 434010 434011
53457 : 434012 434013
53458 : 434014 434015
53459 : 434016 434017
53460 : 434018 434019
53461 : 434020 434021
53462 : 434022 434023
53463 : 434024 434025
53464 : 434026 434027
53465 : 434028 434029
53466 : 434030 434031
53467 : 434032 434033
53468 : 434034 434035
53469 : 434036 434037
53470 : 434038 434039
53471 : 434040 434041
53472 : 434042 434043
53473 : 434044 434045
53474 : 434046 434047
53475 : 434048 434049
53476 : 434050 434051
53477 : 434052 434053
53478 : 434054 434055
53479 : 434056 434057
53480 : 434058 434059
53481 : 434060 434061
53482 : 434062 434063
53483 : 434064 434065
53484 : 434066 434067
53485 : 434068 434069
53486 : 434070 434071
53487 : 434072 434073
53488 : 434074 434075
53489 : 434076 434077
53490 : 434078 434079
53491 : 434080 434081
53492 : 434082 434083
