51874 : 318285 318286
51875 : 318287 318288
51876 : 318289 318290
51877 : 318291 318292
51878 : 318293 318294
51879 : 318295 318296
51880 : 318297 318298
51881 : 318299 318300
51882 : 318301 318302
51883 : 318303 318304
51884 : 318305 318306
51885 : 318307 318308
51886 : 318309 318310
51887 : 318311 318312
51888 : 318313 318314
51889 : 318315 318316
51890 : 318317 318318
51891 : 318319 318320
51892 : 318321 318322
51893 : 318323 318324
51894 : 318325 318326
51895 : 318327 318328
51896 : 318329 318330
51897 : 318331 318332
51898 : 318333 318334
51899 : 318335 318336
51900 : 318337 318338
51901 : 318339 318340
51902 : 318341 318342
51903 : 318343 318344
51904 : 318345 318346
51905 : 318347 318348
51906 : 318349 318350
51907 : 318351 318352
51908 : 318353 318354
51909 : 318355 318356
51910 : 318357 318358
51911 : 318359 318360
51912 : 318361 318362
51913 : 318363 318364
51914 : 318365 318366
51915 : 318367 318368
51916 : 318369 318370
51917 : 318371 318372
51918 : 318373 318374
51919 : 318375 318376
51920 : 318377 318378
51921 : 318379 318380
