27662 : 197946 197947
27663 : 197948 197949
27664 : 197950 197951
27665 : 197952 197953
27666 : 197954 197955
27667 : 197956 197957
27668 : 197958 197959
27669 : 197960 197961
27670 : 197962 197963
27671 : 197964 197965
27672 : 197966 197967
27673 : 197968 197969
27674 : 197970 197971
27675 : 197972 197973
27676 : 197974 197975
27677 : 197976 197977
27678 : 197978 197979
27679 : 197980 197981
27680 : 197982 197983
27681 : 197984 197985
27682 : 197986 197987
27683 : 197988 197989
27684 : 197990 197991
27685 : 197992 197993
27686 : 197994 197995
27687 : 197996 197997
27688 : 197998 197999
27689 : 198000 198001
27690 : 198002 198003
27691 : 198004 198005
27692 : 198006 198007
27693 : 198008 198009
27694 : 198010 198011
27695 : 198012 198013
27696 : 198014 198015
27697 : 198016 198017
27698 : 198018 198019
27699 : 198020 198021
27700 : 198022 198023
27701 : 198024 198025
27702 : 198026 198027
27703 : 198028 198029
27704 : 198030 198031
27705 : 198032 198033
27706 : 198034 198035
27707 : 198036 198037
27708 : 198038 198039
27709 : 198040 198041
