32985 : 210613 210614
33490 : 210615 210616
33491 : 210617 210618
33492 : 210619 210620
33493 : 210621 210622
33494 : 210623 210624
33495 : 210625 210626
33496 : 210627 210628
33497 : 210629 210630
33498 : 210631 210632
33499 : 210633 210634
33500 : 210635 210636
33501 : 210637 210638
33502 : 210639 210640
33503 : 210641 210642
33504 : 210643 210644
33505 : 210645 210646
33506 : 210647 210648
33507 : 210649 210650
33508 : 210651 210652
33509 : 210653 210654
33510 : 210655 210656
33511 : 210657 210658
33512 : 210659 210660
33513 : 210661 210662
33514 : 210663 210664
33515 : 210665 210666
33516 : 210667 210668
33517 : 210669 210670
33518 : 210671 210672
33519 : 210673 210674
33520 : 210675 210676
33521 : 210677 210678
33522 : 210679 210680
33523 : 210681 210682
33524 : 210683 210684
33525 : 210685 210686
33526 : 210687 210688
33527 : 210689 210690
33528 : 210691 210692
33529 : 210693 210694
33530 : 210695 210696
33531 : 210697 210698
33532 : 210699 210700
33533 : 210701 210702
33534 : 210703 210704
33535 : 210705 210706
33536 : 210707 210708
33537 : 210709 210710
33538 : 210711 210712
33539 : 210713 210714
33540 : 210715 210716
33541 : 210717 210718
33542 : 210719 210720
33543 : 210721 210722
33544 : 210723 210724
33545 : 210725 210726
33546 : 210727 210728
33547 : 210729 210730
33548 : 210731 210732
33549 : 210733 210734
33550 : 210735 210736
33551 : 210737 210738
33552 : 210739 210740
33553 : 210741 210742
33554 : 210743 210744
33555 : 210745 210746
33556 : 210747 210748
33557 : 210749 210750
33558 : 210751 210752
33559 : 210753 210754
33560 : 210755 210756
33561 : 210757 210758
33562 : 210759 210760
33563 : 210761 210762
33564 : 210763 210764
33565 : 210765 210766
33566 : 210767 210768
33567 : 210769 210770
