24431 : 177276 177277
24432 : 177278 177279
24433 : 177280 177281
24434 : 177282 177283
24435 : 177284 177285
24436 : 177286 177287
24437 : 177288 177289
24438 : 177290 177291
24439 : 177292 177293
24440 : 177294 177295
24441 : 177296 177297
24442 : 177298 177299
24443 : 177300 177301
24444 : 177302 177303
24445 : 177304 177305
24446 : 177306 177307
24447 : 177308 177309
24448 : 177310 177311
24449 : 177312 177313
24450 : 177314 177315
24451 : 177316 177317
24452 : 177318 177319
24453 : 177320 177321
24454 : 177322 177323
24455 : 177324 177325
24456 : 177326 177327
24457 : 177328 177329
24458 : 177330 177331
24459 : 177332 177333
24460 : 177334 177335
24461 : 177336 177337
24462 : 177338 177339
24463 : 177340 177341
24464 : 177342 177343
24465 : 177344 177345
24466 : 177346 177347
24467 : 177348 177349
24468 : 177350 177351
24469 : 177352 177353
24470 : 177354 177355
24471 : 177356 177357
