12537 : 115996 115997
12538 : 115998 115999
12539 : 116000 116001
12540 : 116002 116003
12541 : 116004 116005
12542 : 116006 116007
12543 : 116008 116009
12544 : 116010 116011
12545 : 116012 116013
12546 : 116014 116015
12547 : 116016 116017
12548 : 116018 116019
12549 : 116020 116021
12550 : 116022 116023
12551 : 116024 116025
12552 : 116026 116027
12553 : 116028 116029
12554 : 116030 116031
12555 : 116032 116033
12556 : 116034 116035
12557 : 116036 116037
12558 : 116038 116039
12559 : 116040 116041
12560 : 116042 116043
12561 : 116044 116045
12562 : 116046 116047
12563 : 116048 116049
12564 : 116050 116051
12565 : 116052 116053
12566 : 116054 116055
12567 : 116056 116057
12568 : 116058 116059
12569 : 116060 116061
12570 : 116062 116063
