33857 : 212967 212968
33981 : 212969 212970
33982 : 212971 212972
33983 : 212973 212974
33984 : 212975 212976
33985 : 212977 212978
33986 : 212979 212980
33987 : 212981 212982
33988 : 212983 212984
33989 : 212985 212986
33990 : 212987 212988
33991 : 212989 212990
33992 : 212991 212992
33993 : 212993 212994
33994 : 212995 212996
33995 : 212997 212998
33996 : 212999 213000
33997 : 213001 213002
33998 : 213003 213004
33999 : 213005 213006
34000 : 213007 213008
34001 : 213009 213010
34002 : 213011 213012
34003 : 213013 213014
34004 : 213015 213016
34005 : 213017 213018
34006 : 213019 213020
34007 : 213021 213022
34008 : 213023 213024
34009 : 213025 213026
34010 : 213027 213028
34011 : 213029 213030
34012 : 213031 213032
34013 : 213033 213034
34014 : 213035 213036
34015 : 213037 213038
34016 : 213039 213040
34017 : 213041 213042
34018 : 213043 213044
34019 : 213045 213046
34020 : 213047 213048
34021 : 213049 213050
34022 : 213051 213052
34023 : 213053 213054
34024 : 213055 213056
34025 : 213057 213058
34026 : 213059 213060
34027 : 213061 213062
34028 : 213063 213064
34029 : 213065 213066
34030 : 213067 213068
34031 : 213069 213070
34032 : 213071 213072
34033 : 213073 213074
34034 : 213075 213076
34035 : 213077 213078
34036 : 213079 213080
34037 : 213081 213082
34038 : 213083 213084
34039 : 213085 213086
34040 : 213087 213088
34041 : 213089 213090
34042 : 213091 213092
34043 : 213093 213094
34044 : 213095 213096
34045 : 213097 213098
34046 : 213099 213100
34047 : 213101 213102
34048 : 213103 213104
34049 : 213105 213106
34050 : 213107 213108
34051 : 213109 213110
34052 : 213111 213112
34053 : 213113 213114
34054 : 213115 213116
34055 : 213117 213118
34056 : 213119 213120
34057 : 213121 213122
34058 : 213123 213124
34059 : 213125 213126
34060 : 213127 213128
34061 : 213129 213130
34062 : 213131 213132
34063 : 213133 213134
34064 : 213135 213136
34065 : 213137 213138
34066 : 213139 213140
34067 : 213141 213142
34068 : 213143 213144
34069 : 213145 213146
34070 : 213147 213148
34071 : 213149 213150
34072 : 213151 213152
34073 : 213153 213154
34074 : 213155 213156
34075 : 213157 213158
