36611 : 304713 304714
36612 : 304715 304716
36613 : 304717 304718
36614 : 304719 304720
36615 : 304721 304722
36616 : 304723 304724
36617 : 304725 304726
36618 : 304727 304728
36619 : 304729 304730
36620 : 304731 304732
36621 : 304733 304734
36622 : 304735 304736
36623 : 304737 304738
36624 : 304739 304740
36625 : 304741 304742
36626 : 304743 304744
36627 : 304745 304746
36628 : 304747 304748
36629 : 304749 304750
36630 : 304751 304752
36631 : 304753 304754
36632 : 304755 304756
36633 : 304757 304758
36634 : 304759 304760
36635 : 304761 304762
36636 : 304763 304764
36637 : 304765 304766
36638 : 304767 304768
