11327 : 82077 82078
11328 : 82079 82080
11329 : 82081 82082
11330 : 82083 82084
11331 : 82085 82086
11332 : 82087 82088
11333 : 82089 82090
11334 : 82091 82092
11335 : 82093 82094
11336 : 82095 82096
11337 : 82097 82098
11338 : 82099 82100
11339 : 82101 82102
11340 : 82103 82104
11341 : 82105 82106
11342 : 82107 82108
11343 : 82109 82110
11344 : 82111 82112
11345 : 82113 82114
11346 : 82115 82116
11347 : 82117 82118
11348 : 82119 82120
11349 : 82121 82122
11350 : 82123 82124
11351 : 82125 82126
11352 : 82127 82128
11353 : 82129 82130
11354 : 82131 82132
11355 : 82133 82134
11356 : 82135 82136
11357 : 82137 82138
