32327 : 219427 219428
32328 : 219429 219430
32329 : 219431 219432
32330 : 219433 219434
32331 : 219435 219436
32332 : 219437 219438
32333 : 219439 219440
32334 : 219441 219442
32335 : 219443 219444
32336 : 219445 219446
32337 : 219447 219448
32338 : 219449 219450
32339 : 219451 219452
32340 : 219453 219454
32341 : 219455 219456
32342 : 219457 219458
32343 : 219459 219460
32344 : 219461 219462
32345 : 219463 219464
32346 : 219465 219466
32347 : 219467 219468
32348 : 219469 219470
32349 : 219471 219472
32350 : 219473 219474
32351 : 219475 219476
32352 : 219477 219478
32353 : 219479 219480
32354 : 219481 219482
32355 : 219483 219484
32356 : 219485 219486
32357 : 219487 219488
32358 : 219489 219490
32359 : 219491 219492
32360 : 219493 219494
32361 : 219495 219496
32362 : 219497 219498
32363 : 219499 219500
32364 : 219501 219502
32365 : 219503 219504
32366 : 219505 219506
32367 : 219507 219508
32368 : 219509 219510
32369 : 219511 219512
32370 : 219513 219514
32371 : 219515 219516
32372 : 219517 219518
32373 : 219519 219520
32374 : 219521 219522
