3504 : 37344 37345
3505 : 37346 37347
3506 : 37348 37349
3507 : 37350 37351
3508 : 37352 37353
3509 : 37354 37355
3510 : 37356 37357
3511 : 37358 37359
3512 : 37360 37361
3513 : 37362 37363
3514 : 37364 37365
3515 : 37366 37367
3516 : 37368 37369
3517 : 37370 37371
3518 : 37372 37373
3519 : 37374 37375
3520 : 37376 37377
3521 : 37378 37379
3522 : 37380 37381
3523 : 37382 37383
3524 : 37384 37385
3525 : 37386 37387
3526 : 37388 37389
3527 : 37390 37391
3528 : 37392 37393
3529 : 37394 37395
3530 : 37396 37397
