81192 : 460766 460767
81193 : 460768 460769
81194 : 460770 460771
81195 : 460772 460773
81196 : 460774 460775
81197 : 460776 460777
81198 : 460778 460779
81199 : 460780 460781
81200 : 460782 460783
81201 : 460784 460785
81202 : 460786 460787
81203 : 460788 460789
81204 : 460790 460791
81205 : 460792 460793
81206 : 460794 460795
81207 : 460796 460797
81208 : 460798 460799
81209 : 460800 460801
81210 : 460802 460803
81211 : 460804 460805
81212 : 460806 460807
81213 : 460808 460809
81214 : 460810 460811
81215 : 460812 460813
81216 : 460814 460815
81217 : 460816 460817
81218 : 460818 460819
81219 : 460820 460821
81220 : 460822 460823
81221 : 460824 460825
81222 : 460826 460827
81223 : 460828 460829
81224 : 460830 460831
81225 : 460832 460833
81226 : 460834 460835
81227 : 460836 460837
81228 : 460838 460839
81229 : 460840 460841
81230 : 460842 460843
81231 : 460844 460845
81232 : 460846 460847
81233 : 460848 460849
81234 : 460850 460851
81235 : 460852 460853
81236 : 460854 460855
81237 : 460856 460857
81238 : 460858 460859
81239 : 460860 460861
81240 : 460862 460863
81241 : 460864 460865
81242 : 460866 460867
81243 : 460868 460869
81244 : 460870 460871
81245 : 460872 460873
81246 : 460874 460875
81247 : 460876 460877
81248 : 460878 460879
81249 : 460880 460881
81250 : 460882 460883
81251 : 460884 460885
81252 : 460886 460887
81253 : 460888 460889
81254 : 460890 460891
81255 : 460892 460893
81256 : 460894 460895
81257 : 460896 460897
81258 : 460898 460899
