41497 : 339952 339953
41498 : 339954 339955
41499 : 339956 339957
41500 : 339958 339959
41501 : 339960 339961
41502 : 339962 339963
41503 : 339964 339965
41504 : 339966 339967
41505 : 339968 339969
41506 : 339970 339971
41507 : 339972 339973
41508 : 339974 339975
41509 : 339976 339977
41510 : 339978 339979
41511 : 339980 339981
41512 : 339982 339983
41513 : 339984 339985
41514 : 339986 339987
41515 : 339988 339989
41516 : 339990 339991
41517 : 339992 339993
41518 : 339994 339995
41519 : 339996 339997
41520 : 339998 339999
41521 : 340000 340001
41522 : 340002 340003
41523 : 340004 340005
41524 : 340006 340007
41525 : 340008 340009
41526 : 340010 340011
41527 : 340012 340013
41528 : 340014 340015
41529 : 340016 340017
41530 : 340018 340019
41531 : 340020 340021
41532 : 340022 340023
41533 : 340024 340025
41534 : 340026 340027
41535 : 340028 340029
41536 : 340030 340031
41537 : 340032 340033
41538 : 340034 340035
