68265 : 380078 380079
68629 : 380080 380081
68630 : 380082 380083
68631 : 380084 380085
68632 : 380086 380087
68633 : 380088 380089
68634 : 380090 380091
68635 : 380092 380093
68636 : 380094 380095
68637 : 380096 380097
68638 : 380098 380099
68639 : 380100 380101
68640 : 380102 380103
68641 : 380104 380105
68642 : 380106 380107
68643 : 380108 380109
68644 : 380110 380111
68645 : 380112 380113
68646 : 380114 380115
68647 : 380116 380117
68648 : 380118 380119
68649 : 380120 380121
68650 : 380122 380123
68651 : 380124 380125
68652 : 380126 380127
68653 : 380128 380129
68654 : 380130 380131
68655 : 380132 380133
68656 : 380134 380135
68657 : 380136 380137
68658 : 380138 380139
68659 : 380140 380141
68660 : 380142 380143
68661 : 380144 380145
68662 : 380146 380147
68663 : 380148 380149
68664 : 380150 380151
68665 : 380152 380153
68666 : 380154 380155
68667 : 380156 380157
68668 : 380158 380159
68669 : 380160 380161
68670 : 380162 380163
68671 : 380164 380165
68672 : 380166 380167
68673 : 380168 380169
68674 : 380170 380171
68675 : 380172 380173
68676 : 380174 380175
68677 : 380176 380177
68678 : 380178 380179
68679 : 380180 380181
68680 : 380182 380183
68681 : 380184 380185
68682 : 380186 380187
68683 : 380188 380189
68684 : 380190 380191
68685 : 380192 380193
68686 : 380194 380195
68687 : 380196 380197
68688 : 380198 380199
68689 : 380200 380201
68690 : 380202 380203
68691 : 380204 380205
68692 : 380206 380207
68693 : 380208 380209
68694 : 380210 380211
68695 : 380212 380213
68696 : 380214 380215
68697 : 380216 380217
68698 : 380218 380219
68699 : 380220 380221
68700 : 380222 380223
68701 : 380224 380225
68702 : 380226 380227
68703 : 380228 380229
68704 : 380230 380231
68705 : 380232 380233
68706 : 380234 380235
68707 : 380236 380237
68708 : 380238 380239
68709 : 380240 380241
68710 : 380242 380243
68711 : 380244 380245
68712 : 380246 380247
68713 : 380248 380249
68714 : 380250 380251
68715 : 380252 380253
68716 : 380254 380255
68717 : 380256 380257
68718 : 380258 380259
68719 : 380260 380261
