11841 : 109473 109474
11842 : 109475 109476
11843 : 109477 109478
11844 : 109479 109480
11845 : 109481 109482
11846 : 109483 109484
11847 : 109485 109486
11848 : 109487 109488
11849 : 109489 109490
11850 : 109491 109492
11851 : 109493 109494
11852 : 109495 109496
11853 : 109497 109498
11854 : 109499 109500
11855 : 109501 109502
11856 : 109503 109504
11857 : 109505 109506
11858 : 109507 109508
11859 : 109509 109510
11860 : 109511 109512
11861 : 109513 109514
11862 : 109515 109516
11863 : 109517 109518
11864 : 109519 109520
11865 : 109521 109522
11866 : 109523 109524
11867 : 109525 109526
11868 : 109527 109528
11869 : 109529 109530
11870 : 109531 109532
11871 : 109533 109534
11872 : 109535 109536
11873 : 109537 109538
11874 : 109539 109540
11875 : 109541 109542
11876 : 109543 109544
11877 : 109545 109546
11878 : 109547 109548
11879 : 109549 109550
11880 : 109551 109552
11881 : 109553 109554
