66224 : 404365 404366
66225 : 404367 404368
66226 : 404369 404370
66227 : 404371 404372
66228 : 404373 404374
66229 : 404375 404376
66230 : 404377 404378
66231 : 404379 404380
66232 : 404381 404382
66233 : 404383 404384
66234 : 404385 404386
66235 : 404387 404388
66236 : 404389 404390
66237 : 404391 404392
66238 : 404393 404394
66239 : 404395 404396
66240 : 404397 404398
66241 : 404399 404400
66242 : 404401 404402
66243 : 404403 404404
66244 : 404405 404406
66245 : 404407 404408
66246 : 404409 404410
66247 : 404411 404412
66248 : 404413 404414
66249 : 404415 404416
66250 : 404417 404418
66251 : 404419 404420
66252 : 404421 404422
66253 : 404423 404424
66254 : 404425 404426
66255 : 404427 404428
66256 : 404429 404430
