49019 : 401305 401306
49020 : 401307 401308
49021 : 401309 401310
49022 : 401311 401312
49023 : 401313 401314
49024 : 401315 401316
49025 : 401317 401318
49026 : 401319 401320
49027 : 401321 401322
49028 : 401323 401324
49029 : 401325 401326
49030 : 401327 401328
49031 : 401329 401330
49032 : 401331 401332
49033 : 401333 401334
49034 : 401335 401336
49035 : 401337 401338
49036 : 401339 401340
49037 : 401341 401342
49038 : 401343 401344
49039 : 401345 401346
49040 : 401347 401348
49041 : 401349 401350
49042 : 401351 401352
49043 : 401353 401354
49044 : 401355 401356
49045 : 401357 401358
49046 : 401359 401360
49047 : 401361 401362
49048 : 401363 401364
49049 : 401365 401366
49050 : 401367 401368
49051 : 401369 401370
49052 : 401371 401372
49053 : 401373 401374
49054 : 401375 401376
49055 : 401377 401378
49056 : 401379 401380
49057 : 401381 401382
49058 : 401383 401384
49059 : 401385 401386
49060 : 401387 401388
49061 : 401389 401390
