8341 : 59666 59667
8342 : 59668 59669
8343 : 59670 59671
8344 : 59672 59673
8345 : 59674 59675
8346 : 59676 59677
8347 : 59678 59679
8348 : 59680 59681
8349 : 59682 59683
8350 : 59684 59685
8351 : 59686 59687
8352 : 59688 59689
8353 : 59690 59691
8354 : 59692 59693
8355 : 59694 59695
8356 : 59696 59697
8357 : 59698 59699
8358 : 59700 59701
8359 : 59702 59703
8360 : 59704 59705
8361 : 59706 59707
8362 : 59708 59709
8363 : 59710 59711
8364 : 59712 59713
8365 : 59714 59715
8366 : 59716 59717
8367 : 59718 59719
8368 : 59720 59721
8369 : 59722 59723
8370 : 59724 59725
8371 : 59726 59727
8372 : 59728 59729
8373 : 59730 59731
8374 : 59732 59733
8375 : 59734 59735
