46456 : 380538 380539
46457 : 380540 380541
46458 : 380542 380543
46459 : 380544 380545
46460 : 380546 380547
46461 : 380548 380549
46462 : 380550 380551
46463 : 380552 380553
46464 : 380554 380555
46465 : 380556 380557
46466 : 380558 380559
46467 : 380560 380561
46468 : 380562 380563
46469 : 380564 380565
46470 : 380566 380567
46471 : 380568 380569
46472 : 380570 380571
46473 : 380572 380573
46474 : 380574 380575
46475 : 380576 380577
46476 : 380578 380579
46477 : 380580 380581
46478 : 380582 380583
46479 : 380584 380585
46480 : 380586 380587
46481 : 380588 380589
46482 : 380590 380591
46483 : 380592 380593
46484 : 380594 380595
46485 : 380596 380597
46486 : 380598 380599
