55422 : 340820 340821
55423 : 340822 340823
55424 : 340824 340825
55425 : 340826 340827
55426 : 340828 340829
55427 : 340830 340831
55428 : 340832 340833
55429 : 340834 340835
55430 : 340836 340837
55431 : 340838 340839
55432 : 340840 340841
55433 : 340842 340843
55434 : 340844 340845
55435 : 340846 340847
55436 : 340848 340849
55437 : 340850 340851
55438 : 340852 340853
55439 : 340854 340855
55440 : 340856 340857
55441 : 340858 340859
55442 : 340860 340861
55443 : 340862 340863
55444 : 340864 340865
55445 : 340866 340867
55446 : 340868 340869
55447 : 340870 340871
55448 : 340872 340873
55449 : 340874 340875
55450 : 340876 340877
55451 : 340878 340879
55452 : 340880 340881
55453 : 340882 340883
55454 : 340884 340885
55455 : 340886 340887
