52412 : 429729 429730
52413 : 429731 429732
52414 : 429733 429734
52415 : 429735 429736
52416 : 429737 429738
52417 : 429739 429740
52418 : 429741 429742
52419 : 429743 429744
52420 : 429745 429746
52421 : 429747 429748
52422 : 429749 429750
52423 : 429751 429752
52424 : 429753 429754
52425 : 429755 429756
52426 : 429757 429758
52427 : 429759 429760
52428 : 429761 429762
52429 : 429763 429764
52430 : 429765 429766
52431 : 429767 429768
52432 : 429769 429770
52433 : 429771 429772
52434 : 429773 429774
52435 : 429775 429776
52436 : 429777 429778
52437 : 429779 429780
52438 : 429781 429782
52439 : 429783 429784
52440 : 429785 429786
52441 : 429787 429788
52442 : 429789 429790
