43313 : 353867 353868
43314 : 353869 353870
43315 : 353871 353872
43316 : 353873 353874
43317 : 353875 353876
43318 : 353877 353878
43319 : 353879 353880
43320 : 353881 353882
43321 : 353883 353884
43322 : 353885 353886
43323 : 353887 353888
43324 : 353889 353890
43325 : 353891 353892
43326 : 353893 353894
43327 : 353895 353896
43328 : 353897 353898
43329 : 353899 353900
43330 : 353901 353902
43331 : 353903 353904
43332 : 353905 353906
43333 : 353907 353908
43334 : 353909 353910
43335 : 353911 353912
43336 : 353913 353914
43337 : 353915 353916
43338 : 353917 353918
43339 : 353919 353920
43340 : 353921 353922
43341 : 353923 353924
43342 : 353925 353926
43343 : 353927 353928
43344 : 353929 353930
43345 : 353931 353932
43346 : 353933 353934
43347 : 353935 353936
43348 : 353937 353938
43349 : 353939 353940
43350 : 353941 353942
43351 : 353943 353944
43352 : 353945 353946
