46026 : 288479 288480
46296 : 288481 288482
46297 : 288483 288484
46298 : 288485 288486
46299 : 288487 288488
46300 : 288489 288490
46301 : 288491 288492
46302 : 288493 288494
46303 : 288495 288496
46304 : 288497 288498
46305 : 288499 288500
46306 : 288501 288502
46307 : 288503 288504
46308 : 288505 288506
46309 : 288507 288508
46310 : 288509 288510
46311 : 288511 288512
46312 : 288513 288514
46313 : 288515 288516
46314 : 288517 288518
46315 : 288519 288520
46316 : 288521 288522
46317 : 288523 288524
46318 : 288525 288526
46319 : 288527 288528
46320 : 288529 288530
46321 : 288531 288532
46322 : 288533 288534
46323 : 288535 288536
46324 : 288537 288538
46325 : 288539 288540
46326 : 288541 288542
46327 : 288543 288544
46328 : 288545 288546
46329 : 288547 288548
46330 : 288549 288550
46331 : 288551 288552
46332 : 288553 288554
46333 : 288555 288556
46334 : 288557 288558
46335 : 288559 288560
46336 : 288561 288562
46337 : 288563 288564
46338 : 288565 288566
46339 : 288567 288568
46340 : 288569 288570
46341 : 288571 288572
46342 : 288573 288574
46343 : 288575 288576
46344 : 288577 288578
46345 : 288579 288580
46346 : 288581 288582
46347 : 288583 288584
46348 : 288585 288586
46349 : 288587 288588
46350 : 288589 288590
46351 : 288591 288592
46352 : 288593 288594
46353 : 288595 288596
46354 : 288597 288598
46355 : 288599 288600
46356 : 288601 288602
46357 : 288603 288604
46358 : 288605 288606
