16927 : 122790 122791
16928 : 122792 122793
16929 : 122794 122795
16930 : 122796 122797
16931 : 122798 122799
16932 : 122800 122801
16933 : 122802 122803
16934 : 122804 122805
16935 : 122806 122807
16936 : 122808 122809
16937 : 122810 122811
16938 : 122812 122813
16939 : 122814 122815
16940 : 122816 122817
16941 : 122818 122819
16942 : 122820 122821
16943 : 122822 122823
16944 : 122824 122825
16945 : 122826 122827
16946 : 122828 122829
16947 : 122830 122831
16948 : 122832 122833
16949 : 122834 122835
16950 : 122836 122837
16951 : 122838 122839
16952 : 122840 122841
16953 : 122842 122843
16954 : 122844 122845
16955 : 122846 122847
16956 : 122848 122849
