49284 : 403334 403335
49285 : 403336 403337
49286 : 403338 403339
49287 : 403340 403341
49288 : 403342 403343
49289 : 403344 403345
49290 : 403346 403347
49291 : 403348 403349
49292 : 403350 403351
49293 : 403352 403353
49294 : 403354 403355
49295 : 403356 403357
49296 : 403358 403359
49297 : 403360 403361
49298 : 403362 403363
49299 : 403364 403365
49300 : 403366 403367
49301 : 403368 403369
49302 : 403370 403371
49303 : 403372 403373
49304 : 403374 403375
49305 : 403376 403377
49306 : 403378 403379
49307 : 403380 403381
49308 : 403382 403383
49309 : 403384 403385
49310 : 403386 403387
49311 : 403388 403389
49312 : 403390 403391
49313 : 403392 403393
49314 : 403394 403395
49315 : 403396 403397
49316 : 403398 403399
49317 : 403400 403401
49318 : 403402 403403
49319 : 403404 403405
49320 : 403406 403407
