54557 : 334901 334902
54558 : 334903 334904
54559 : 334905 334906
54560 : 334907 334908
54561 : 334909 334910
54562 : 334911 334912
54563 : 334913 334914
54564 : 334915 334916
54565 : 334917 334918
54566 : 334919 334920
54567 : 334921 334922
54568 : 334923 334924
54569 : 334925 334926
54570 : 334927 334928
54571 : 334929 334930
54572 : 334931 334932
54573 : 334933 334934
54574 : 334935 334936
54575 : 334937 334938
54576 : 334939 334940
54577 : 334941 334942
54578 : 334943 334944
54579 : 334945 334946
54580 : 334947 334948
54581 : 334949 334950
54582 : 334951 334952
54583 : 334953 334954
54584 : 334955 334956
54585 : 334957 334958
54586 : 334959 334960
54587 : 334961 334962
54588 : 334963 334964
54589 : 334965 334966
54590 : 334967 334968
54591 : 334969 334970
54592 : 334971 334972
54593 : 334973 334974
54594 : 334975 334976
54595 : 334977 334978
54596 : 334979 334980
54597 : 334981 334982
54598 : 334983 334984
54599 : 334985 334986
54600 : 334987 334988
54601 : 334989 334990
54602 : 334991 334992
54603 : 334993 334994
54604 : 334995 334996
54605 : 334997 334998
54606 : 334999 335000
