38439 : 316724 316725
38440 : 316726 316727
38441 : 316728 316729
38442 : 316730 316731
38443 : 316732 316733
38444 : 316734 316735
38445 : 316736 316737
38446 : 316738 316739
38447 : 316740 316741
38448 : 316742 316743
38449 : 316744 316745
38450 : 316746 316747
38451 : 316748 316749
38452 : 316750 316751
38453 : 316752 316753
38454 : 316754 316755
38455 : 316756 316757
38456 : 316758 316759
38457 : 316760 316761
38458 : 316762 316763
38459 : 316764 316765
38460 : 316766 316767
38461 : 316768 316769
38462 : 316770 316771
38463 : 316772 316773
38464 : 316774 316775
38465 : 316776 316777
38466 : 316778 316779
38467 : 316780 316781
38468 : 316782 316783
38469 : 316784 316785
38470 : 316786 316787
38471 : 316788 316789
38472 : 316790 316791
38473 : 316792 316793
