54687 : 335751 335752
54688 : 335753 335754
54689 : 335755 335756
54690 : 335757 335758
54691 : 335759 335760
54692 : 335761 335762
54693 : 335763 335764
54694 : 335765 335766
54695 : 335767 335768
54696 : 335769 335770
54697 : 335771 335772
54698 : 335773 335774
54699 : 335775 335776
54700 : 335777 335778
54701 : 335779 335780
54702 : 335781 335782
54703 : 335783 335784
54704 : 335785 335786
54705 : 335787 335788
54706 : 335789 335790
54707 : 335791 335792
54708 : 335793 335794
54709 : 335795 335796
54710 : 335797 335798
54711 : 335799 335800
54712 : 335801 335802
54713 : 335803 335804
54714 : 335805 335806
54715 : 335807 335808
54716 : 335809 335810
54717 : 335811 335812
54718 : 335813 335814
54719 : 335815 335816
54720 : 335817 335818
54721 : 335819 335820
54722 : 335821 335822
54723 : 335823 335824
54724 : 335825 335826
54725 : 335827 335828
54726 : 335829 335830
54727 : 335831 335832
54728 : 335833 335834
