4517 : 31245 31246
4518 : 31247 31248
4519 : 31249 31250
4520 : 31251 31252
4521 : 31253 31254
4522 : 31255 31256
4523 : 31257 31258
4524 : 31259 31260
4525 : 31261 31262
4526 : 31263 31264
4527 : 31265 31266
4528 : 31267 31268
4529 : 31269 31270
4530 : 31271 31272
4531 : 31273 31274
4532 : 31275 31276
4533 : 31277 31278
4534 : 31279 31280
4535 : 31281 31282
4536 : 31283 31284
4537 : 31285 31286
4538 : 31287 31288
4539 : 31289 31290
4540 : 31291 31292
4541 : 31293 31294
4542 : 31295 31296
4543 : 31297 31298
4544 : 31299 31300
4545 : 31301 31302
4546 : 31303 31304
4547 : 31305 31306
4548 : 31307 31308
4549 : 31309 31310
4550 : 31311 31312
4551 : 31313 31314
4552 : 31315 31316
4553 : 31317 31318
4554 : 31319 31320
4555 : 31321 31322
4556 : 31323 31324
4557 : 31325 31326
4558 : 31327 31328
4559 : 31329 31330
4560 : 31331 31332
4561 : 31333 31334
4562 : 31335 31336
4563 : 31337 31338
