18141 : 161463 161464
18142 : 161465 161466
18143 : 161467 161468
18144 : 161469 161470
18145 : 161471 161472
18146 : 161473 161474
18147 : 161475 161476
18148 : 161477 161478
18149 : 161479 161480
18150 : 161481 161482
18151 : 161483 161484
18152 : 161485 161486
18153 : 161487 161488
18154 : 161489 161490
18155 : 161491 161492
18156 : 161493 161494
18157 : 161495 161496
18158 : 161497 161498
18159 : 161499 161500
18160 : 161501 161502
18161 : 161503 161504
18162 : 161505 161506
18163 : 161507 161508
18164 : 161509 161510
18165 : 161511 161512
18166 : 161513 161514
18167 : 161515 161516
18168 : 161517 161518
