101157 : 677010 677011
101158 : 677012 677013
101159 : 677014 677015
101160 : 677016 677017
101161 : 677018 677019
101162 : 677020 677021
101163 : 677022 677023
101164 : 677024 677025
101165 : 677026 677027
101166 : 677028 677029
101167 : 677030 677031
101168 : 677032 677033
101169 : 677034 677035
101170 : 677036 677037
101171 : 677038 677039
101172 : 677040 677041
101173 : 677042 677043
101174 : 677044 677045
101175 : 677046 677047
101176 : 677048 677049
101177 : 677050 677051
101178 : 677052 677053
101179 : 677054 677055
101180 : 677056 677057
101181 : 677058 677059
101182 : 677060 677061
101183 : 677062 677063
101184 : 677064 677065
101185 : 677066 677067
101186 : 677068 677069
101187 : 677070 677071
101188 : 677072 677073
101189 : 677074 677075
101190 : 677076 677077
