326 : 1298 1299
327 : 1300 1301
328 : 1302 1303
329 : 1304 1305
330 : 1306 1307
331 : 1308 1309
332 : 1310 1311
333 : 1312 1313
334 : 1314 1315
335 : 1316 1317
336 : 1318 1319
337 : 1320 1321
338 : 1322 1323
339 : 1324 1325
340 : 1326 1327
341 : 1328 1329
342 : 1330 1331
343 : 1332 1333
344 : 1334 1335
345 : 1336 1337
346 : 1338 1339
347 : 1340 1341
348 : 1342 1343
349 : 1344 1345
350 : 1346 1347
351 : 1348 1349
352 : 1350 1351
353 : 1352 1353
354 : 1354 1355
355 : 1356 1357
356 : 1358 1359
357 : 1360 1361
358 : 1362 1363
359 : 1364 1365
360 : 1366 1367
361 : 1368 1369
362 : 1370 1371
363 : 1372 1373
364 : 1374 1375
365 : 1376 1377
