5089 : 48748 48749
5090 : 48750 48751
5091 : 48752 48753
5092 : 48754 48755
5093 : 48756 48757
5094 : 48758 48759
5095 : 48760 48761
5096 : 48762 48763
5097 : 48764 48765
5098 : 48766 48767
5099 : 48768 48769
5100 : 48770 48771
5101 : 48772 48773
5102 : 48774 48775
5103 : 48776 48777
5104 : 48778 48779
5105 : 48780 48781
5106 : 48782 48783
5107 : 48784 48785
5108 : 48786 48787
5109 : 48788 48789
5110 : 48790 48791
5111 : 48792 48793
5112 : 48794 48795
5113 : 48796 48797
5114 : 48798 48799
5115 : 48800 48801
5116 : 48802 48803
5117 : 48804 48805
5118 : 48806 48807
5119 : 48808 48809
