23906 : 163124 163125
23909 : 163126 163127
23910 : 163128 163129
23911 : 163130 163131
23912 : 163132 163133
23913 : 163134 163135
23914 : 163136 163137
23915 : 163138 163139
23916 : 163140 163141
23917 : 163142 163143
23918 : 163144 163145
23919 : 163146 163147
23920 : 163148 163149
23921 : 163150 163151
23922 : 163152 163153
23923 : 163154 163155
23924 : 163156 163157
23925 : 163158 163159
23926 : 163160 163161
23927 : 163162 163163
23928 : 163164 163165
23929 : 163166 163167
23930 : 163168 163169
23931 : 163170 163171
23932 : 163172 163173
23933 : 163174 163175
23934 : 163176 163177
23935 : 163178 163179
23936 : 163180 163181
23937 : 163182 163183
23938 : 163184 163185
23939 : 163186 163187
23940 : 163188 163189
23941 : 163190 163191
23942 : 163192 163193
23943 : 163194 163195
23944 : 163196 163197
23945 : 163198 163199
23946 : 163200 163201
23947 : 163202 163203
23948 : 163204 163205
23949 : 163206 163207
23950 : 163208 163209
23951 : 163210 163211
23952 : 163212 163213
23953 : 163214 163215
23954 : 163216 163217
23955 : 163218 163219
23956 : 163220 163221
23957 : 163222 163223
23958 : 163224 163225
23959 : 163226 163227
23960 : 163228 163229
23961 : 163230 163231
23962 : 163232 163233
23963 : 163234 163235
23964 : 163236 163237
23965 : 163238 163239
23966 : 163240 163241
23967 : 163242 163243
23968 : 163244 163245
23969 : 163246 163247
23970 : 163248 163249
23971 : 163250 163251
23972 : 163252 163253
23973 : 163254 163255
23974 : 163256 163257
23975 : 163258 163259
23976 : 163260 163261
23977 : 163262 163263
23978 : 163264 163265
23979 : 163266 163267
23980 : 163268 163269
23981 : 163270 163271
23982 : 163272 163273
23983 : 163274 163275
23984 : 163276 163277
23985 : 163278 163279
23986 : 163280 163281
23987 : 163282 163283
23988 : 163284 163285
23989 : 163286 163287
23990 : 163288 163289
23991 : 163290 163291
23992 : 163292 163293
23993 : 163294 163295
23994 : 163296 163297
23995 : 163298 163299
23996 : 163300 163301
