37609 : 310466 310467
37610 : 310468 310469
37611 : 310470 310471
37612 : 310472 310473
37613 : 310474 310475
37614 : 310476 310477
37615 : 310478 310479
37616 : 310480 310481
37617 : 310482 310483
37618 : 310484 310485
37619 : 310486 310487
37620 : 310488 310489
37621 : 310490 310491
37622 : 310492 310493
37623 : 310494 310495
37624 : 310496 310497
37625 : 310498 310499
37626 : 310500 310501
37627 : 310502 310503
37628 : 310504 310505
37629 : 310506 310507
37630 : 310508 310509
37631 : 310510 310511
37632 : 310512 310513
37633 : 310514 310515
37634 : 310516 310517
37635 : 310518 310519
37636 : 310520 310521
37637 : 310522 310523
37638 : 310524 310525
37639 : 310526 310527
37640 : 310528 310529
37641 : 310530 310531
37642 : 310532 310533
37643 : 310534 310535
