12751 : 93415 93416
12752 : 93417 93418
12753 : 93419 93420
12754 : 93421 93422
12755 : 93423 93424
12756 : 93425 93426
12757 : 93427 93428
12758 : 93429 93430
12759 : 93431 93432
12760 : 93433 93434
12761 : 93435 93436
12762 : 93437 93438
12763 : 93439 93440
12764 : 93441 93442
12765 : 93443 93444
12766 : 93445 93446
12767 : 93447 93448
12768 : 93449 93450
12769 : 93451 93452
12770 : 93453 93454
12771 : 93455 93456
12772 : 93457 93458
12773 : 93459 93460
12774 : 93461 93462
12775 : 93463 93464
12776 : 93465 93466
12777 : 93467 93468
12778 : 93469 93470
12779 : 93471 93472
12780 : 93473 93474
12781 : 93475 93476
12782 : 93477 93478
12783 : 93479 93480
12784 : 93481 93482
12785 : 93483 93484
12786 : 93485 93486
12787 : 93487 93488
12788 : 93489 93490
12789 : 93491 93492
