7029 : 58812 58813
7030 : 58814 58815
7031 : 58816 58817
7032 : 58818 58819
7033 : 58820 58821
7034 : 58822 58823
7035 : 58824 58825
7036 : 58826 58827
7037 : 58828 58829
7038 : 58830 58831
7039 : 58832 58833
7040 : 58834 58835
7041 : 58836 58837
7042 : 58838 58839
7043 : 58840 58841
7044 : 58842 58843
7045 : 58844 58845
7046 : 58846 58847
7047 : 58848 58849
7048 : 58850 58851
7049 : 58852 58853
7050 : 58854 58855
7051 : 58856 58857
7052 : 58858 58859
7053 : 58860 58861
7054 : 58862 58863
7055 : 58864 58865
7056 : 58866 58867
7057 : 58868 58869
7058 : 58870 58871
7059 : 58872 58873
7060 : 58874 58875
7061 : 58876 58877
7062 : 58878 58879
7063 : 58880 58881
7064 : 58882 58883
7065 : 58884 58885
7066 : 58886 58887
7067 : 58888 58889
7068 : 58890 58891
7069 : 58892 58893
7070 : 58894 58895
