73303 : 407066 407067
73304 : 407068 407069
73305 : 407070 407071
73306 : 407072 407073
73307 : 407074 407075
73308 : 407076 407077
73309 : 407078 407079
73310 : 407080 407081
73311 : 407082 407083
73312 : 407084 407085
73313 : 407086 407087
73314 : 407088 407089
73315 : 407090 407091
73316 : 407092 407093
73317 : 407094 407095
73318 : 407096 407097
73319 : 407098 407099
73320 : 407100 407101
73321 : 407102 407103
73322 : 407104 407105
73323 : 407106 407107
73324 : 407108 407109
73325 : 407110 407111
73326 : 407112 407113
73327 : 407114 407115
73328 : 407116 407117
73329 : 407118 407119
73330 : 407120 407121
73331 : 407122 407123
73332 : 407124 407125
73333 : 407126 407127
73334 : 407128 407129
73335 : 407130 407131
73336 : 407132 407133
73337 : 407134 407135
73338 : 407136 407137
73339 : 407138 407139
73340 : 407140 407141
73341 : 407142 407143
73342 : 407144 407145
73343 : 407146 407147
73344 : 407148 407149
73345 : 407150 407151
73346 : 407152 407153
73347 : 407154 407155
73348 : 407156 407157
73349 : 407158 407159
73350 : 407160 407161
73351 : 407162 407163
73352 : 407164 407165
73353 : 407166 407167
73354 : 407168 407169
73355 : 407170 407171
73356 : 407172 407173
73357 : 407174 407175
73358 : 407176 407177
73359 : 407178 407179
73360 : 407180 407181
73361 : 407182 407183
73362 : 407184 407185
73363 : 407186 407187
73364 : 407188 407189
73365 : 407190 407191
73366 : 407192 407193
73367 : 407194 407195
73368 : 407196 407197
73369 : 407198 407199
73370 : 407200 407201
73371 : 407202 407203
73372 : 407204 407205
73373 : 407206 407207
73374 : 407208 407209
73375 : 407210 407211
73376 : 407212 407213
