56141 : 454712 454713
56142 : 454714 454715
56143 : 454716 454717
56144 : 454718 454719
56145 : 454720 454721
56146 : 454722 454723
56147 : 454724 454725
56148 : 454726 454727
56149 : 454728 454729
56150 : 454730 454731
56151 : 454732 454733
56152 : 454734 454735
56153 : 454736 454737
56154 : 454738 454739
56155 : 454740 454741
56156 : 454742 454743
56157 : 454744 454745
56158 : 454746 454747
56159 : 454748 454749
56160 : 454750 454751
56161 : 454752 454753
56162 : 454754 454755
56163 : 454756 454757
56164 : 454758 454759
56165 : 454760 454761
56166 : 454762 454763
56167 : 454764 454765
56168 : 454766 454767
56169 : 454768 454769
56170 : 454770 454771
56171 : 454772 454773
56172 : 454774 454775
56173 : 454776 454777
56174 : 454778 454779
56175 : 454780 454781
56176 : 454782 454783
56177 : 454784 454785
56178 : 454786 454787
56179 : 454788 454789
56180 : 454790 454791
