40739 : 259737 259738
40740 : 259739 259740
40741 : 259741 259742
40742 : 259743 259744
40743 : 259745 259746
40744 : 259747 259748
40745 : 259749 259750
40746 : 259751 259752
40747 : 259753 259754
40748 : 259755 259756
40749 : 259757 259758
40750 : 259759 259760
40751 : 259761 259762
40752 : 259763 259764
40753 : 259765 259766
40754 : 259767 259768
40755 : 259769 259770
40756 : 259771 259772
40757 : 259773 259774
40758 : 259775 259776
40759 : 259777 259778
40760 : 259779 259780
40761 : 259781 259782
40762 : 259783 259784
40763 : 259785 259786
40764 : 259787 259788
40765 : 259789 259790
40766 : 259791 259792
40767 : 259793 259794
40768 : 259795 259796
40769 : 259797 259798
40770 : 259799 259800
40771 : 259801 259802
40772 : 259803 259804
40773 : 259805 259806
40774 : 259807 259808
40775 : 259809 259810
40776 : 259811 259812
40777 : 259813 259814
40778 : 259815 259816
40779 : 259817 259818
40780 : 259819 259820
40781 : 259821 259822
40782 : 259823 259824
40783 : 259825 259826
40784 : 259827 259828
40785 : 259829 259830
40786 : 259831 259832
40787 : 259833 259834
40788 : 259835 259836
40789 : 259837 259838
40790 : 259839 259840
40791 : 259841 259842
40792 : 259843 259844
40793 : 259845 259846
40794 : 259847 259848
40795 : 259849 259850
40796 : 259851 259852
40797 : 259853 259854
40798 : 259855 259856
40799 : 259857 259858
40800 : 259859 259860
40801 : 259861 259862
40802 : 259863 259864
40803 : 259865 259866
