3912 : 30127 30128
3913 : 30129 30130
3914 : 30131 30132
3915 : 30133 30134
3916 : 30135 30136
3917 : 30137 30138
3918 : 30139 30140
3919 : 30141 30142
3920 : 30143 30144
3921 : 30145 30146
3922 : 30147 30148
3923 : 30149 30150
3924 : 30151 30152
3925 : 30153 30154
3926 : 30155 30156
3927 : 30157 30158
3928 : 30159 30160
3929 : 30161 30162
3930 : 30163 30164
3931 : 30165 30166
3932 : 30167 30168
3933 : 30169 30170
3934 : 30171 30172
3935 : 30173 30174
3936 : 30175 30176
3937 : 30177 30178
3938 : 30179 30180
3939 : 30181 30182
3940 : 30183 30184
3941 : 30185 30186
3942 : 30187 30188
3943 : 30189 30190
3944 : 30191 30192
3945 : 30193 30194
3946 : 30195 30196
3947 : 30197 30198
3948 : 30199 30200
3949 : 30201 30202
3950 : 30203 30204
