35245 : 291466 291467
35246 : 291468 291469
35247 : 291470 291471
35248 : 291472 291473
35249 : 291474 291475
35250 : 291476 291477
35251 : 291478 291479
35252 : 291480 291481
35253 : 291482 291483
35254 : 291484 291485
35255 : 291486 291487
35256 : 291488 291489
35257 : 291490 291491
35258 : 291492 291493
35259 : 291494 291495
35260 : 291496 291497
35261 : 291498 291499
35262 : 291500 291501
35263 : 291502 291503
35264 : 291504 291505
35265 : 291506 291507
35266 : 291508 291509
35267 : 291510 291511
35268 : 291512 291513
35269 : 291514 291515
35270 : 291516 291517
