7208 : 51396 51397
7209 : 51398 51399
7210 : 51400 51401
7211 : 51402 51403
7212 : 51404 51405
7213 : 51406 51407
7214 : 51408 51409
7215 : 51410 51411
7216 : 51412 51413
7217 : 51414 51415
7218 : 51416 51417
7219 : 51418 51419
7220 : 51420 51421
7221 : 51422 51423
7222 : 51424 51425
7223 : 51426 51427
7224 : 51428 51429
7225 : 51430 51431
7226 : 51432 51433
7227 : 51434 51435
7228 : 51436 51437
7229 : 51438 51439
7230 : 51440 51441
7231 : 51442 51443
7232 : 51444 51445
7233 : 51446 51447
7234 : 51448 51449
7235 : 51450 51451
7236 : 51452 51453
7237 : 51454 51455
7238 : 51456 51457
7239 : 51458 51459
7240 : 51460 51461
7241 : 51462 51463
7242 : 51464 51465
7243 : 51466 51467
7244 : 51468 51469
7245 : 51470 51471
7246 : 51472 51473
7247 : 51474 51475
7248 : 51476 51477
7249 : 51478 51479
7250 : 51480 51481
7251 : 51482 51483
