34283 : 228975 228976
34398 : 228977 228978
34399 : 228979 228980
34400 : 228981 228982
34401 : 228983 228984
34402 : 228985 228986
34403 : 228987 228988
34404 : 228989 228990
34405 : 228991 228992
34406 : 228993 228994
34407 : 228995 228996
34408 : 228997 228998
34409 : 228999 229000
34410 : 229001 229002
34411 : 229003 229004
34412 : 229005 229006
34413 : 229007 229008
34414 : 229009 229010
34415 : 229011 229012
34416 : 229013 229014
34417 : 229015 229016
34418 : 229017 229018
34419 : 229019 229020
34420 : 229021 229022
34421 : 229023 229024
34422 : 229025 229026
34423 : 229027 229028
34424 : 229029 229030
34425 : 229031 229032
34426 : 229033 229034
34427 : 229035 229036
34428 : 229037 229038
34429 : 229039 229040
34430 : 229041 229042
34431 : 229043 229044
34432 : 229045 229046
34433 : 229047 229048
34434 : 229049 229050
34435 : 229051 229052
34436 : 229053 229054
34437 : 229055 229056
34438 : 229057 229058
34439 : 229059 229060
34440 : 229061 229062
34441 : 229063 229064
34442 : 229065 229066
34443 : 229067 229068
34444 : 229069 229070
34445 : 229071 229072
34446 : 229073 229074
34447 : 229075 229076
34448 : 229077 229078
34449 : 229079 229080
34450 : 229081 229082
34451 : 229083 229084
34452 : 229085 229086
34453 : 229087 229088
34454 : 229089 229090
