16787 : 121397 121398
16788 : 121399 121400
16789 : 121401 121402
16790 : 121403 121404
16791 : 121405 121406
16792 : 121407 121408
16793 : 121409 121410
16794 : 121411 121412
16795 : 121413 121414
16796 : 121415 121416
16797 : 121417 121418
16798 : 121419 121420
16799 : 121421 121422
16800 : 121423 121424
16801 : 121425 121426
16802 : 121427 121428
16803 : 121429 121430
16804 : 121431 121432
16805 : 121433 121434
16806 : 121435 121436
16807 : 121437 121438
16808 : 121439 121440
16809 : 121441 121442
16810 : 121443 121444
16811 : 121445 121446
16812 : 121447 121448
16813 : 121449 121450
16814 : 121451 121452
16815 : 121453 121454
16816 : 121455 121456
16817 : 121457 121458
16818 : 121459 121460
16819 : 121461 121462
16820 : 121463 121464
16821 : 121465 121466
16822 : 121467 121468
16823 : 121469 121470
