44041 : 361589 361590
44042 : 361591 361592
44043 : 361593 361594
44044 : 361595 361596
44045 : 361597 361598
44046 : 361599 361600
44047 : 361601 361602
44048 : 361603 361604
44049 : 361605 361606
44050 : 361607 361608
44051 : 361609 361610
44052 : 361611 361612
44053 : 361613 361614
44054 : 361615 361616
44055 : 361617 361618
44056 : 361619 361620
44057 : 361621 361622
44058 : 361623 361624
44059 : 361625 361626
44060 : 361627 361628
44061 : 361629 361630
44062 : 361631 361632
44063 : 361633 361634
44064 : 361635 361636
44065 : 361637 361638
44066 : 361639 361640
44067 : 361641 361642
44068 : 361643 361644
44069 : 361645 361646
44070 : 361647 361648
44071 : 361649 361650
44072 : 361651 361652
44073 : 361653 361654
44074 : 361655 361656
44075 : 361657 361658
44076 : 361659 361660
44077 : 361661 361662
44078 : 361663 361664
44079 : 361665 361666
44080 : 361667 361668
44081 : 361669 361670
44082 : 361671 361672
44083 : 361673 361674
44084 : 361675 361676
44085 : 361677 361678
44086 : 361679 361680
44087 : 361681 361682
44088 : 361683 361684
44089 : 361685 361686
