18312 : 132844 132845
18313 : 132846 132847
18314 : 132848 132849
18315 : 132850 132851
18316 : 132852 132853
18317 : 132854 132855
18318 : 132856 132857
18319 : 132858 132859
18320 : 132860 132861
18321 : 132862 132863
18322 : 132864 132865
18323 : 132866 132867
18324 : 132868 132869
18325 : 132870 132871
18326 : 132872 132873
18327 : 132874 132875
18328 : 132876 132877
18329 : 132878 132879
18330 : 132880 132881
18331 : 132882 132883
18332 : 132884 132885
18333 : 132886 132887
18334 : 132888 132889
18335 : 132890 132891
18336 : 132892 132893
18337 : 132894 132895
18338 : 132896 132897
18339 : 132898 132899
18340 : 132900 132901
18341 : 132902 132903
18342 : 132904 132905
18343 : 132906 132907
