52030 : 426785 426786
52031 : 426787 426788
52032 : 426789 426790
52033 : 426791 426792
52034 : 426793 426794
52035 : 426795 426796
52036 : 426797 426798
52037 : 426799 426800
52038 : 426801 426802
52039 : 426803 426804
52040 : 426805 426806
52041 : 426807 426808
52042 : 426809 426810
52043 : 426811 426812
52044 : 426813 426814
52045 : 426815 426816
52046 : 426817 426818
52047 : 426819 426820
52048 : 426821 426822
52049 : 426823 426824
52050 : 426825 426826
52051 : 426827 426828
52052 : 426829 426830
52053 : 426831 426832
52054 : 426833 426834
52055 : 426835 426836
52056 : 426837 426838
52057 : 426839 426840
52058 : 426841 426842
52059 : 426843 426844
52060 : 426845 426846
52061 : 426847 426848
52062 : 426849 426850
52063 : 426851 426852
52064 : 426853 426854
52065 : 426855 426856
