16866 : 121905 121906
16867 : 121907 121908
16868 : 121909 121910
16869 : 121911 121912
16870 : 121913 121914
16871 : 121915 121916
16872 : 121917 121918
16873 : 121919 121920
16874 : 121921 121922
16875 : 121923 121924
16876 : 121925 121926
16877 : 121927 121928
16878 : 121929 121930
16879 : 121931 121932
16880 : 121933 121934
16881 : 121935 121936
16882 : 121937 121938
16883 : 121939 121940
16884 : 121941 121942
16885 : 121943 121944
16886 : 121945 121946
16887 : 121947 121948
16888 : 121949 121950
16889 : 121951 121952
16890 : 121953 121954
16891 : 121955 121956
