42740 : 270957 270958
42741 : 270959 270960
42742 : 270961 270962
42743 : 270963 270964
42744 : 270965 270966
42745 : 270967 270968
42746 : 270969 270970
42747 : 270971 270972
42748 : 270973 270974
42749 : 270975 270976
42750 : 270977 270978
42751 : 270979 270980
42752 : 270981 270982
42753 : 270983 270984
42754 : 270985 270986
42755 : 270987 270988
42756 : 270989 270990
42757 : 270991 270992
42758 : 270993 270994
42759 : 270995 270996
42760 : 270997 270998
42761 : 270999 271000
42762 : 271001 271002
42763 : 271003 271004
42764 : 271005 271006
42765 : 271007 271008
42766 : 271009 271010
42767 : 271011 271012
42768 : 271013 271014
42769 : 271015 271016
42770 : 271017 271018
42771 : 271019 271020
42772 : 271021 271022
