39226 : 251956 251957
39227 : 251958 251959
39228 : 251960 251961
39229 : 251962 251963
39230 : 251964 251965
39231 : 251966 251967
39232 : 251968 251969
39233 : 251970 251971
39234 : 251972 251973
39235 : 251974 251975
39236 : 251976 251977
39237 : 251978 251979
39238 : 251980 251981
39239 : 251982 251983
39240 : 251984 251985
39241 : 251986 251987
39242 : 251988 251989
39243 : 251990 251991
39244 : 251992 251993
39245 : 251994 251995
39246 : 251996 251997
39247 : 251998 251999
39248 : 252000 252001
39249 : 252002 252003
39250 : 252004 252005
39251 : 252006 252007
39252 : 252008 252009
39253 : 252010 252011
39254 : 252012 252013
39255 : 252014 252015
39256 : 252016 252017
39257 : 252018 252019
39258 : 252020 252021
39259 : 252022 252023
39260 : 252024 252025
39261 : 252026 252027
39262 : 252028 252029
39263 : 252030 252031
39264 : 252032 252033
39265 : 252034 252035
39266 : 252036 252037
39267 : 252038 252039
39268 : 252040 252041
39269 : 252042 252043
39270 : 252044 252045
39271 : 252046 252047
39272 : 252048 252049
39273 : 252050 252051
39274 : 252052 252053
