5502 : 41653 41654
5503 : 41655 41656
5504 : 41657 41658
5505 : 41659 41660
5506 : 41661 41662
5507 : 41663 41664
5508 : 41665 41666
5509 : 41667 41668
5510 : 41669 41670
5511 : 41671 41672
5512 : 41673 41674
5513 : 41675 41676
5514 : 41677 41678
5515 : 41679 41680
5516 : 41681 41682
5517 : 41683 41684
5518 : 41685 41686
5519 : 41687 41688
5520 : 41689 41690
5521 : 41691 41692
5522 : 41693 41694
5523 : 41695 41696
5524 : 41697 41698
5525 : 41699 41700
5526 : 41701 41702
5527 : 41703 41704
5528 : 41705 41706
5529 : 41707 41708
5530 : 41709 41710
5531 : 41711 41712
5532 : 41713 41714
5533 : 41715 41716
5534 : 41717 41718
5535 : 41719 41720
5536 : 41721 41722
5537 : 41723 41724
5538 : 41725 41726
5539 : 41727 41728
5540 : 41729 41730
5541 : 41731 41732
5542 : 41733 41734
5543 : 41735 41736
5544 : 41737 41738
5545 : 41739 41740
5546 : 41741 41742
5547 : 41743 41744
5548 : 41745 41746
