7110 : 68829 68830
7111 : 68831 68832
7112 : 68833 68834
7113 : 68835 68836
7114 : 68837 68838
7115 : 68839 68840
7116 : 68841 68842
7117 : 68843 68844
7118 : 68845 68846
7119 : 68847 68848
7120 : 68849 68850
7121 : 68851 68852
7122 : 68853 68854
7123 : 68855 68856
7124 : 68857 68858
7125 : 68859 68860
7126 : 68861 68862
7127 : 68863 68864
7128 : 68865 68866
7129 : 68867 68868
7130 : 68869 68870
7131 : 68871 68872
7132 : 68873 68874
7133 : 68875 68876
7134 : 68877 68878
7135 : 68879 68880
7136 : 68881 68882
7137 : 68883 68884
7138 : 68885 68886
7139 : 68887 68888
7140 : 68889 68890
7141 : 68891 68892
7142 : 68893 68894
7143 : 68895 68896
7144 : 68897 68898
7145 : 68899 68900
7146 : 68901 68902
