23869 : 206340 206341
23870 : 206342 206343
23871 : 206344 206345
23872 : 206346 206347
23873 : 206348 206349
23874 : 206350 206351
23875 : 206352 206353
23876 : 206354 206355
23877 : 206356 206357
23878 : 206358 206359
23879 : 206360 206361
23880 : 206362 206363
23881 : 206364 206365
23882 : 206366 206367
23883 : 206368 206369
23884 : 206370 206371
23885 : 206372 206373
23886 : 206374 206375
23887 : 206376 206377
23888 : 206378 206379
23889 : 206380 206381
23890 : 206382 206383
23891 : 206384 206385
23892 : 206386 206387
23893 : 206388 206389
23894 : 206390 206391
23895 : 206392 206393
23896 : 206394 206395
23897 : 206396 206397
23898 : 206398 206399
23899 : 206400 206401
23900 : 206402 206403
23901 : 206404 206405
23902 : 206406 206407
23903 : 206408 206409
23904 : 206410 206411
23905 : 206412 206413
23906 : 206414 206415
23907 : 206416 206417
23908 : 206418 206419
23909 : 206420 206421
23910 : 206422 206423
23911 : 206424 206425
23912 : 206426 206427
