42036 : 343995 343996
42037 : 343997 343998
42038 : 343999 344000
42039 : 344001 344002
42040 : 344003 344004
42041 : 344005 344006
42042 : 344007 344008
42043 : 344009 344010
42044 : 344011 344012
42045 : 344013 344014
42046 : 344015 344016
42047 : 344017 344018
42048 : 344019 344020
42049 : 344021 344022
42050 : 344023 344024
42051 : 344025 344026
42052 : 344027 344028
42053 : 344029 344030
42054 : 344031 344032
42055 : 344033 344034
42056 : 344035 344036
42057 : 344037 344038
42058 : 344039 344040
42059 : 344041 344042
42060 : 344043 344044
42061 : 344045 344046
42062 : 344047 344048
42063 : 344049 344050
42064 : 344051 344052
42065 : 344053 344054
