40480 : 332408 332409
40481 : 332410 332411
40482 : 332412 332413
40483 : 332414 332415
40484 : 332416 332417
40485 : 332418 332419
40486 : 332420 332421
40487 : 332422 332423
40488 : 332424 332425
40489 : 332426 332427
40490 : 332428 332429
40491 : 332430 332431
40492 : 332432 332433
40493 : 332434 332435
40494 : 332436 332437
40495 : 332438 332439
40496 : 332440 332441
40497 : 332442 332443
40498 : 332444 332445
40499 : 332446 332447
40500 : 332448 332449
40501 : 332450 332451
40502 : 332452 332453
40503 : 332454 332455
40504 : 332456 332457
40505 : 332458 332459
40506 : 332460 332461
40507 : 332462 332463
40508 : 332464 332465
40509 : 332466 332467
40510 : 332468 332469
40511 : 332470 332471
40512 : 332472 332473
40513 : 332474 332475
40514 : 332476 332477
40515 : 332478 332479
40516 : 332480 332481
