34831 : 230292 230293
34832 : 230294 230295
34833 : 230296 230297
34834 : 230298 230299
34835 : 230300 230301
34836 : 230302 230303
34837 : 230304 230305
34838 : 230306 230307
34839 : 230308 230309
34840 : 230310 230311
34841 : 230312 230313
34842 : 230314 230315
34843 : 230316 230317
34844 : 230318 230319
34845 : 230320 230321
34846 : 230322 230323
34847 : 230324 230325
34848 : 230326 230327
34849 : 230328 230329
34850 : 230330 230331
34851 : 230332 230333
34852 : 230334 230335
34853 : 230336 230337
34854 : 230338 230339
34855 : 230340 230341
34856 : 230342 230343
34857 : 230344 230345
34858 : 230346 230347
34859 : 230348 230349
34860 : 230350 230351
34861 : 230352 230353
34862 : 230354 230355
34863 : 230356 230357
34864 : 230358 230359
34865 : 230360 230361
34866 : 230362 230363
34867 : 230364 230365
34868 : 230366 230367
34869 : 230368 230369
34870 : 230370 230371
34871 : 230372 230373
34872 : 230374 230375
34873 : 230376 230377
34874 : 230378 230379
34875 : 230380 230381
34876 : 230382 230383
34877 : 230384 230385
34878 : 230386 230387
34879 : 230388 230389
34880 : 230390 230391
34881 : 230392 230393
34882 : 230394 230395
34883 : 230396 230397
34884 : 230398 230399
34885 : 230400 230401
34886 : 230402 230403
34887 : 230404 230405
34888 : 230406 230407
34889 : 230408 230409
34890 : 230410 230411
34891 : 230412 230413
34892 : 230414 230415
34893 : 230416 230417
34894 : 230418 230419
34895 : 230420 230421
