54282 : 334253 334254
54283 : 334255 334256
54284 : 334257 334258
54285 : 334259 334260
54286 : 334261 334262
54287 : 334263 334264
54288 : 334265 334266
54289 : 334267 334268
54290 : 334269 334270
54291 : 334271 334272
54292 : 334273 334274
54293 : 334275 334276
54294 : 334277 334278
54295 : 334279 334280
54296 : 334281 334282
54297 : 334283 334284
54298 : 334285 334286
54299 : 334287 334288
54300 : 334289 334290
54301 : 334291 334292
54302 : 334293 334294
54303 : 334295 334296
54304 : 334297 334298
54305 : 334299 334300
54306 : 334301 334302
54307 : 334303 334304
54308 : 334305 334306
54309 : 334307 334308
54310 : 334309 334310
54311 : 334311 334312
54312 : 334313 334314
54313 : 334315 334316
54314 : 334317 334318
54315 : 334319 334320
54316 : 334321 334322
54317 : 334323 334324
54318 : 334325 334326
54319 : 334327 334328
54320 : 334329 334330
54321 : 334331 334332
54322 : 334333 334334
54323 : 334335 334336
