12098 : 166134 166135
12099 : 166136 166137
12100 : 166138 166139
12101 : 166140 166141
12102 : 166142 166143
12103 : 166144 166145
12104 : 166146 166147
12105 : 166148 166149
12106 : 166150 166151
12107 : 166152 166153
12108 : 166154 166155
12109 : 166156 166157
12110 : 166158 166159
12111 : 166160 166161
12112 : 166162 166163
12113 : 166164 166165
12114 : 166166 166167
12115 : 166168 166169
12116 : 166170 166171
12117 : 166172 166173
12118 : 166174 166175
12119 : 166176 166177
12120 : 166178 166179
12121 : 166180 166181
12122 : 166182 166183
12123 : 166184 166185
12124 : 166186 166187
12125 : 166188 166189
12126 : 166190 166191
12127 : 166192 166193
12128 : 166194 166195
12129 : 166196 166197
12130 : 166198 166199
12131 : 166200 166201
12132 : 166202 166203
12133 : 166204 166205
12134 : 166206 166207
12135 : 166208 166209
12136 : 166210 166211
