72607 : 447321 447322
72608 : 447323 447324
72609 : 447325 447326
72610 : 447327 447328
72611 : 447329 447330
72612 : 447331 447332
72613 : 447333 447334
72614 : 447335 447336
72615 : 447337 447338
72616 : 447339 447340
72617 : 447341 447342
72618 : 447343 447344
72619 : 447345 447346
72620 : 447347 447348
72621 : 447349 447350
72622 : 447351 447352
72623 : 447353 447354
72624 : 447355 447356
72625 : 447357 447358
72626 : 447359 447360
72627 : 447361 447362
72628 : 447363 447364
72629 : 447365 447366
72630 : 447367 447368
72631 : 447369 447370
72632 : 447371 447372
72633 : 447373 447374
72634 : 447375 447376
72635 : 447377 447378
72636 : 447379 447380
72637 : 447381 447382
72638 : 447383 447384
72639 : 447385 447386
72640 : 447387 447388
72641 : 447389 447390
72642 : 447391 447392
72643 : 447393 447394
72644 : 447395 447396
72645 : 447397 447398
72646 : 447399 447400
