51545 : 419384 419385
51546 : 419386 419387
51547 : 419388 419389
51548 : 419390 419391
51549 : 419392 419393
51550 : 419394 419395
51551 : 419396 419397
51552 : 419398 419399
51553 : 419400 419401
51554 : 419402 419403
51555 : 419404 419405
51556 : 419406 419407
51557 : 419408 419409
51558 : 419410 419411
51559 : 419412 419413
51560 : 419414 419415
51561 : 419416 419417
51562 : 419418 419419
51563 : 419420 419421
51564 : 419422 419423
51565 : 419424 419425
51566 : 419426 419427
51567 : 419428 419429
51568 : 419430 419431
51569 : 419432 419433
51570 : 419434 419435
51571 : 419436 419437
51572 : 419438 419439
51573 : 419440 419441
51574 : 419442 419443
51575 : 419444 419445
51576 : 419446 419447
