50450 : 309974 309975
50451 : 309976 309977
50452 : 309978 309979
50453 : 309980 309981
50454 : 309982 309983
50455 : 309984 309985
50456 : 309986 309987
50457 : 309988 309989
50458 : 309990 309991
50459 : 309992 309993
50460 : 309994 309995
50461 : 309996 309997
50462 : 309998 309999
50463 : 310000 310001
50464 : 310002 310003
50465 : 310004 310005
50466 : 310006 310007
50467 : 310008 310009
50468 : 310010 310011
50469 : 310012 310013
50470 : 310014 310015
50471 : 310016 310017
50472 : 310018 310019
50473 : 310020 310021
50474 : 310022 310023
50475 : 310024 310025
50476 : 310026 310027
50477 : 310028 310029
50478 : 310030 310031
50479 : 310032 310033
50480 : 310034 310035
50481 : 310036 310037
50482 : 310038 310039
50483 : 310040 310041
50484 : 310042 310043
50485 : 310044 310045
50486 : 310046 310047
50487 : 310048 310049
50488 : 310050 310051
50489 : 310052 310053
