27161 : 195316 195317
27162 : 195318 195319
27163 : 195320 195321
27164 : 195322 195323
27165 : 195324 195325
27166 : 195326 195327
27167 : 195328 195329
27168 : 195330 195331
27169 : 195332 195333
27170 : 195334 195335
27171 : 195336 195337
27172 : 195338 195339
27173 : 195340 195341
27174 : 195342 195343
27175 : 195344 195345
27176 : 195346 195347
27177 : 195348 195349
27178 : 195350 195351
27179 : 195352 195353
27180 : 195354 195355
27181 : 195356 195357
27182 : 195358 195359
27183 : 195360 195361
27184 : 195362 195363
27185 : 195364 195365
27186 : 195366 195367
27187 : 195368 195369
27188 : 195370 195371
27189 : 195372 195373
27190 : 195374 195375
27191 : 195376 195377
27192 : 195378 195379
27193 : 195380 195381
27194 : 195382 195383
27195 : 195384 195385
27196 : 195386 195387
27197 : 195388 195389
27198 : 195390 195391
27199 : 195392 195393
27200 : 195394 195395
27201 : 195396 195397
27202 : 195398 195399
27203 : 195400 195401
27204 : 195402 195403
27205 : 195404 195405
27206 : 195406 195407
27207 : 195408 195409
27208 : 195410 195411
27209 : 195412 195413
27210 : 195414 195415
27211 : 195416 195417
