70741 : 435639 435640
70742 : 435641 435642
70743 : 435643 435644
70744 : 435645 435646
70745 : 435647 435648
70746 : 435649 435650
70747 : 435651 435652
70748 : 435653 435654
70749 : 435655 435656
70750 : 435657 435658
70751 : 435659 435660
70752 : 435661 435662
70753 : 435663 435664
70754 : 435665 435666
70755 : 435667 435668
70756 : 435669 435670
70757 : 435671 435672
70758 : 435673 435674
70759 : 435675 435676
70760 : 435677 435678
70761 : 435679 435680
70762 : 435681 435682
70763 : 435683 435684
70764 : 435685 435686
70765 : 435687 435688
70766 : 435689 435690
70767 : 435691 435692
70768 : 435693 435694
70769 : 435695 435696
70770 : 435697 435698
70771 : 435699 435700
70772 : 435701 435702
70773 : 435703 435704
70774 : 435705 435706
70775 : 435707 435708
70776 : 435709 435710
70777 : 435711 435712
70778 : 435713 435714
