48728 : 303415 303416
49236 : 303417 303418
49237 : 303419 303420
49238 : 303421 303422
49239 : 303423 303424
49240 : 303425 303426
49241 : 303427 303428
49242 : 303429 303430
49243 : 303431 303432
49244 : 303433 303434
49245 : 303435 303436
49246 : 303437 303438
49247 : 303439 303440
49248 : 303441 303442
49249 : 303443 303444
49250 : 303445 303446
49251 : 303447 303448
49252 : 303449 303450
49253 : 303451 303452
49254 : 303453 303454
49255 : 303455 303456
49256 : 303457 303458
49257 : 303459 303460
49258 : 303461 303462
49259 : 303463 303464
49260 : 303465 303466
49261 : 303467 303468
49262 : 303469 303470
49263 : 303471 303472
49264 : 303473 303474
49265 : 303475 303476
49266 : 303477 303478
49267 : 303479 303480
49268 : 303481 303482
49269 : 303483 303484
49270 : 303485 303486
49271 : 303487 303488
49272 : 303489 303490
49273 : 303491 303492
49274 : 303493 303494
49275 : 303495 303496
49276 : 303497 303498
49277 : 303499 303500
49278 : 303501 303502
49279 : 303503 303504
49280 : 303505 303506
49281 : 303507 303508
49282 : 303509 303510
49283 : 303511 303512
49284 : 303513 303514
49285 : 303515 303516
49286 : 303517 303518
49287 : 303519 303520
49288 : 303521 303522
49289 : 303523 303524
49290 : 303525 303526
49291 : 303527 303528
49292 : 303529 303530
