69568 : 427421 427422
69569 : 427423 427424
69570 : 427425 427426
69571 : 427427 427428
69572 : 427429 427430
69573 : 427431 427432
69574 : 427433 427434
69575 : 427435 427436
69576 : 427437 427438
69577 : 427439 427440
69578 : 427441 427442
69579 : 427443 427444
69580 : 427445 427446
69581 : 427447 427448
69582 : 427449 427450
69583 : 427451 427452
69584 : 427453 427454
69585 : 427455 427456
69586 : 427457 427458
69587 : 427459 427460
69588 : 427461 427462
69589 : 427463 427464
69590 : 427465 427466
69591 : 427467 427468
69592 : 427469 427470
69593 : 427471 427472
69594 : 427473 427474
69595 : 427475 427476
69596 : 427477 427478
69597 : 427479 427480
69598 : 427481 427482
69599 : 427483 427484
69600 : 427485 427486
69601 : 427487 427488
69602 : 427489 427490
69603 : 427491 427492
69604 : 427493 427494
69605 : 427495 427496
69606 : 427497 427498
69607 : 427499 427500
69608 : 427501 427502
69609 : 427503 427504
69610 : 427505 427506
69611 : 427507 427508
69612 : 427509 427510
