10692 : 76961 76962
10693 : 76963 76964
10694 : 76965 76966
10695 : 76967 76968
10696 : 76969 76970
10697 : 76971 76972
10698 : 76973 76974
10699 : 76975 76976
10700 : 76977 76978
10701 : 76979 76980
10702 : 76981 76982
10703 : 76983 76984
10704 : 76985 76986
10705 : 76987 76988
10706 : 76989 76990
10707 : 76991 76992
10708 : 76993 76994
10709 : 76995 76996
10710 : 76997 76998
10711 : 76999 77000
10712 : 77001 77002
10713 : 77003 77004
10714 : 77005 77006
10715 : 77007 77008
10716 : 77009 77010
10717 : 77011 77012
10718 : 77013 77014
10719 : 77015 77016
10720 : 77017 77018
10721 : 77019 77020
10722 : 77021 77022
10723 : 77023 77024
10724 : 77025 77026
10725 : 77027 77028
10726 : 77029 77030
