24818 : 180016 180017
24819 : 180018 180019
24820 : 180020 180021
24821 : 180022 180023
24822 : 180024 180025
24823 : 180026 180027
24824 : 180028 180029
24825 : 180030 180031
24826 : 180032 180033
24827 : 180034 180035
24828 : 180036 180037
24829 : 180038 180039
24830 : 180040 180041
24831 : 180042 180043
24832 : 180044 180045
24833 : 180046 180047
24834 : 180048 180049
24835 : 180050 180051
24836 : 180052 180053
24837 : 180054 180055
24838 : 180056 180057
24839 : 180058 180059
24840 : 180060 180061
24841 : 180062 180063
24842 : 180064 180065
24843 : 180066 180067
24844 : 180068 180069
24845 : 180070 180071
24846 : 180072 180073
24847 : 180074 180075
24848 : 180076 180077
24849 : 180078 180079
24850 : 180080 180081
24851 : 180082 180083
24852 : 180084 180085
24853 : 180086 180087
24854 : 180088 180089
24855 : 180090 180091
24856 : 180092 180093
24857 : 180094 180095
24858 : 180096 180097
24859 : 180098 180099
