15070 : 109960 109961
15071 : 109962 109963
15072 : 109964 109965
15073 : 109966 109967
15074 : 109968 109969
15075 : 109970 109971
15076 : 109972 109973
15077 : 109974 109975
15078 : 109976 109977
15079 : 109978 109979
15080 : 109980 109981
15081 : 109982 109983
15082 : 109984 109985
15083 : 109986 109987
15084 : 109988 109989
15085 : 109990 109991
15086 : 109992 109993
15087 : 109994 109995
15088 : 109996 109997
15089 : 109998 109999
15090 : 110000 110001
15091 : 110002 110003
15092 : 110004 110005
15093 : 110006 110007
15094 : 110008 110009
15095 : 110010 110011
15096 : 110012 110013
15097 : 110014 110015
15098 : 110016 110017
15099 : 110018 110019
15100 : 110020 110021
15101 : 110022 110023
15102 : 110024 110025
15103 : 110026 110027
