72192 : 444201 444202
72193 : 444203 444204
72194 : 444205 444206
72195 : 444207 444208
72196 : 444209 444210
72197 : 444211 444212
72198 : 444213 444214
72199 : 444215 444216
72200 : 444217 444218
72201 : 444219 444220
72202 : 444221 444222
72203 : 444223 444224
72204 : 444225 444226
72205 : 444227 444228
72206 : 444229 444230
72207 : 444231 444232
72208 : 444233 444234
72209 : 444235 444236
72210 : 444237 444238
72211 : 444239 444240
72212 : 444241 444242
72213 : 444243 444244
72214 : 444245 444246
72215 : 444247 444248
72216 : 444249 444250
72217 : 444251 444252
72218 : 444253 444254
72219 : 444255 444256
72220 : 444257 444258
72221 : 444259 444260
72222 : 444261 444262
72223 : 444263 444264
72224 : 444265 444266
72225 : 444267 444268
72226 : 444269 444270
72227 : 444271 444272
72228 : 444273 444274
