69823 : 431942 431943
70187 : 431944 431945
70188 : 431946 431947
70189 : 431948 431949
70190 : 431950 431951
70191 : 431952 431953
70192 : 431954 431955
70193 : 431956 431957
70194 : 431958 431959
70195 : 431960 431961
70196 : 431962 431963
70197 : 431964 431965
70198 : 431966 431967
70199 : 431968 431969
70200 : 431970 431971
70201 : 431972 431973
70202 : 431974 431975
70203 : 431976 431977
70204 : 431978 431979
70205 : 431980 431981
70206 : 431982 431983
70207 : 431984 431985
70208 : 431986 431987
70209 : 431988 431989
70210 : 431990 431991
70211 : 431992 431993
70212 : 431994 431995
70213 : 431996 431997
70214 : 431998 431999
70215 : 432000 432001
70216 : 432002 432003
70217 : 432004 432005
70218 : 432006 432007
70219 : 432008 432009
70220 : 432010 432011
70221 : 432012 432013
70222 : 432014 432015
70223 : 432016 432017
70224 : 432018 432019
70225 : 432020 432021
70226 : 432022 432023
70227 : 432024 432025
70228 : 432026 432027
70229 : 432028 432029
70230 : 432030 432031
70231 : 432032 432033
70232 : 432034 432035
70233 : 432036 432037
