1128 : 7071 7072
1129 : 7073 7074
1130 : 7075 7076
1131 : 7077 7078
1132 : 7079 7080
1133 : 7081 7082
1134 : 7083 7084
1135 : 7085 7086
1136 : 7087 7088
1137 : 7089 7090
1138 : 7091 7092
1139 : 7093 7094
1140 : 7095 7096
1141 : 7097 7098
1142 : 7099 7100
1143 : 7101 7102
1144 : 7103 7104
1145 : 7105 7106
1146 : 7107 7108
1147 : 7109 7110
1148 : 7111 7112
1149 : 7113 7114
1150 : 7115 7116
1151 : 7117 7118
1152 : 7119 7120
1153 : 7121 7122
1154 : 7123 7124
1155 : 7125 7126
1156 : 7127 7128
1157 : 7129 7130
1158 : 7131 7132
1159 : 7133 7134
1160 : 7135 7136
1161 : 7137 7138
1162 : 7139 7140
1163 : 7141 7142
1164 : 7143 7144
1165 : 7145 7146
1166 : 7147 7148
1167 : 7149 7150
1168 : 7151 7152
1169 : 7153 7154
1170 : 7155 7156
1171 : 7157 7158
1172 : 7159 7160
1173 : 7161 7162
1174 : 7163 7164
1175 : 7165 7166
1176 : 7167 7168
1177 : 7169 7170
1178 : 7171 7172
