67701 : 413304 413305
67702 : 413306 413307
67703 : 413308 413309
67704 : 413310 413311
67705 : 413312 413313
67706 : 413314 413315
67707 : 413316 413317
67708 : 413318 413319
67709 : 413320 413321
67710 : 413322 413323
67711 : 413324 413325
67712 : 413326 413327
67713 : 413328 413329
67714 : 413330 413331
67715 : 413332 413333
67716 : 413334 413335
67717 : 413336 413337
67718 : 413338 413339
67719 : 413340 413341
67720 : 413342 413343
67721 : 413344 413345
67722 : 413346 413347
67723 : 413348 413349
67724 : 413350 413351
67725 : 413352 413353
67726 : 413354 413355
67727 : 413356 413357
67728 : 413358 413359
67729 : 413360 413361
67730 : 413362 413363
67731 : 413364 413365
67732 : 413366 413367
67733 : 413368 413369
67734 : 413370 413371
67735 : 413372 413373
67736 : 413374 413375
67737 : 413376 413377
67738 : 413378 413379
67739 : 413380 413381
