6036 : 45978 45979
6037 : 45980 45981
6038 : 45982 45983
6039 : 45984 45985
6040 : 45986 45987
6041 : 45988 45989
6042 : 45990 45991
6043 : 45992 45993
6044 : 45994 45995
6045 : 45996 45997
6046 : 45998 45999
6047 : 46000 46001
6048 : 46002 46003
6049 : 46004 46005
6050 : 46006 46007
6051 : 46008 46009
6052 : 46010 46011
6053 : 46012 46013
6054 : 46014 46015
6055 : 46016 46017
6056 : 46018 46019
6057 : 46020 46021
6058 : 46022 46023
6059 : 46024 46025
6060 : 46026 46027
6061 : 46028 46029
6062 : 46030 46031
6063 : 46032 46033
6064 : 46034 46035
6065 : 46036 46037
6066 : 46038 46039
6067 : 46040 46041
6068 : 46042 46043
6069 : 46044 46045
6070 : 46046 46047
6071 : 46048 46049
6072 : 46050 46051
6073 : 46052 46053
6074 : 46054 46055
