1391 : 8821 8822
1392 : 8823 8824
1393 : 8825 8826
1394 : 8827 8828
1395 : 8829 8830
1396 : 8831 8832
1397 : 8833 8834
1398 : 8835 8836
1399 : 8837 8838
1400 : 8839 8840
1401 : 8841 8842
1402 : 8843 8844
1403 : 8845 8846
1404 : 8847 8848
1405 : 8849 8850
1406 : 8851 8852
1407 : 8853 8854
1408 : 8855 8856
1409 : 8857 8858
1410 : 8859 8860
1411 : 8861 8862
1412 : 8863 8864
1413 : 8865 8866
1414 : 8867 8868
1415 : 8869 8870
1416 : 8871 8872
1417 : 8873 8874
1418 : 8875 8876
1419 : 8877 8878
1420 : 8879 8880
1421 : 8881 8882
