7922 : 76247 76248
7923 : 76249 76250
7924 : 76251 76252
7925 : 76253 76254
7926 : 76255 76256
7927 : 76257 76258
7928 : 76259 76260
7929 : 76261 76262
7930 : 76263 76264
7931 : 76265 76266
7932 : 76267 76268
7933 : 76269 76270
7934 : 76271 76272
7935 : 76273 76274
7936 : 76275 76276
7937 : 76277 76278
7938 : 76279 76280
7939 : 76281 76282
7940 : 76283 76284
7941 : 76285 76286
7942 : 76287 76288
7943 : 76289 76290
7944 : 76291 76292
7945 : 76293 76294
7946 : 76295 76296
7947 : 76297 76298
7948 : 76299 76300
7949 : 76301 76302
7950 : 76303 76304
7951 : 76305 76306
7952 : 76307 76308
7953 : 76309 76310
7954 : 76311 76312
7955 : 76313 76314
7956 : 76315 76316
7957 : 76317 76318
7958 : 76319 76320
