44476 : 280063 280064
44477 : 280065 280066
44478 : 280067 280068
44479 : 280069 280070
44480 : 280071 280072
44481 : 280073 280074
44482 : 280075 280076
44483 : 280077 280078
44484 : 280079 280080
44485 : 280081 280082
44486 : 280083 280084
44487 : 280085 280086
44488 : 280087 280088
44489 : 280089 280090
44490 : 280091 280092
44491 : 280093 280094
44492 : 280095 280096
44493 : 280097 280098
44494 : 280099 280100
44495 : 280101 280102
44496 : 280103 280104
44497 : 280105 280106
44498 : 280107 280108
44499 : 280109 280110
44500 : 280111 280112
44501 : 280113 280114
44502 : 280115 280116
44503 : 280117 280118
44504 : 280119 280120
44505 : 280121 280122
44506 : 280123 280124
44507 : 280125 280126
44508 : 280127 280128
44509 : 280129 280130
44510 : 280131 280132
44511 : 280133 280134
44512 : 280135 280136
44513 : 280137 280138
44514 : 280139 280140
44515 : 280141 280142
44516 : 280143 280144
44517 : 280145 280146
44518 : 280147 280148
44519 : 280149 280150
44520 : 280151 280152
44521 : 280153 280154
44522 : 280155 280156
44523 : 280157 280158
44524 : 280159 280160
44525 : 280161 280162
44526 : 280163 280164
44527 : 280165 280166
44528 : 280167 280168
44529 : 280169 280170
44530 : 280171 280172
44531 : 280173 280174
44532 : 280175 280176
44533 : 280177 280178
44534 : 280179 280180
44535 : 280181 280182
44536 : 280183 280184
44537 : 280185 280186
44538 : 280187 280188
44539 : 280189 280190
44540 : 280191 280192
44541 : 280193 280194
44542 : 280195 280196
44543 : 280197 280198
44544 : 280199 280200
44545 : 280201 280202
