2438 : 16508 16509
2439 : 16510 16511
2440 : 16512 16513
2441 : 16514 16515
2442 : 16516 16517
2443 : 16518 16519
2444 : 16520 16521
2445 : 16522 16523
2446 : 16524 16525
2447 : 16526 16527
2448 : 16528 16529
2449 : 16530 16531
2450 : 16532 16533
2451 : 16534 16535
2452 : 16536 16537
2453 : 16538 16539
2454 : 16540 16541
2455 : 16542 16543
2456 : 16544 16545
2457 : 16546 16547
2458 : 16548 16549
2459 : 16550 16551
2460 : 16552 16553
2461 : 16554 16555
2462 : 16556 16557
2463 : 16558 16559
2464 : 16560 16561
2465 : 16562 16563
2466 : 16564 16565
2467 : 16566 16567
2468 : 16568 16569
2469 : 16570 16571
2470 : 16572 16573
2471 : 16574 16575
2472 : 16576 16577
2473 : 16578 16579
