46429 : 376743 376744
46430 : 376745 376746
46431 : 376747 376748
46432 : 376749 376750
46433 : 376751 376752
46434 : 376753 376754
46435 : 376755 376756
46436 : 376757 376758
46437 : 376759 376760
46438 : 376761 376762
46439 : 376763 376764
46440 : 376765 376766
46441 : 376767 376768
46442 : 376769 376770
46443 : 376771 376772
46444 : 376773 376774
46445 : 376775 376776
46446 : 376777 376778
46447 : 376779 376780
46448 : 376781 376782
46449 : 376783 376784
46450 : 376785 376786
46451 : 376787 376788
46452 : 376789 376790
46453 : 376791 376792
46454 : 376793 376794
46455 : 376795 376796
46456 : 376797 376798
