44898 : 281982 281983
44899 : 281984 281985
44900 : 281986 281987
44901 : 281988 281989
44902 : 281990 281991
44903 : 281992 281993
44904 : 281994 281995
44905 : 281996 281997
44906 : 281998 281999
44907 : 282000 282001
44908 : 282002 282003
44909 : 282004 282005
44910 : 282006 282007
44911 : 282008 282009
44912 : 282010 282011
44913 : 282012 282013
44914 : 282014 282015
44915 : 282016 282017
44916 : 282018 282019
44917 : 282020 282021
44918 : 282022 282023
44919 : 282024 282025
44920 : 282026 282027
44921 : 282028 282029
44922 : 282030 282031
44923 : 282032 282033
44924 : 282034 282035
44925 : 282036 282037
44926 : 282038 282039
44927 : 282040 282041
44928 : 282042 282043
44929 : 282044 282045
44930 : 282046 282047
44931 : 282048 282049
44932 : 282050 282051
44933 : 282052 282053
44934 : 282054 282055
44935 : 282056 282057
44936 : 282058 282059
44937 : 282060 282061
44938 : 282062 282063
44939 : 282064 282065
44940 : 282066 282067
44941 : 282068 282069
44942 : 282070 282071
44943 : 282072 282073
44944 : 282074 282075
44945 : 282076 282077
44946 : 282078 282079
44947 : 282080 282081
44948 : 282082 282083
44949 : 282084 282085
44950 : 282086 282087
44951 : 282088 282089
44952 : 282090 282091
44953 : 282092 282093
44954 : 282094 282095
44955 : 282096 282097
44956 : 282098 282099
44957 : 282100 282101
44958 : 282102 282103
44959 : 282104 282105
44960 : 282106 282107
44961 : 282108 282109
