15408 : 112134 112135
15409 : 112136 112137
15410 : 112138 112139
15411 : 112140 112141
15412 : 112142 112143
15413 : 112144 112145
15414 : 112146 112147
15415 : 112148 112149
15416 : 112150 112151
15417 : 112152 112153
15418 : 112154 112155
15419 : 112156 112157
15420 : 112158 112159
15421 : 112160 112161
15422 : 112162 112163
15423 : 112164 112165
15424 : 112166 112167
15425 : 112168 112169
15426 : 112170 112171
15427 : 112172 112173
15428 : 112174 112175
15429 : 112176 112177
15430 : 112178 112179
15431 : 112180 112181
15432 : 112182 112183
15433 : 112184 112185
15434 : 112186 112187
15435 : 112188 112189
15436 : 112190 112191
15437 : 112192 112193
15438 : 112194 112195
15439 : 112196 112197
15440 : 112198 112199
15441 : 112200 112201
15442 : 112202 112203
15443 : 112204 112205
15444 : 112206 112207
15445 : 112208 112209
15446 : 112210 112211
