50143 : 406903 406904
50144 : 406905 406906
50145 : 406907 406908
50146 : 406909 406910
50147 : 406911 406912
50148 : 406913 406914
50149 : 406915 406916
50150 : 406917 406918
50151 : 406919 406920
50152 : 406921 406922
50153 : 406923 406924
50154 : 406925 406926
50155 : 406927 406928
50156 : 406929 406930
50157 : 406931 406932
50158 : 406933 406934
50159 : 406935 406936
50160 : 406937 406938
50161 : 406939 406940
50162 : 406941 406942
50163 : 406943 406944
50164 : 406945 406946
50165 : 406947 406948
50166 : 406949 406950
50167 : 406951 406952
50168 : 406953 406954
50169 : 406955 406956
50170 : 406957 406958
50171 : 406959 406960
50172 : 406961 406962
50173 : 406963 406964
50174 : 406965 406966
50175 : 406967 406968
50176 : 406969 406970
50177 : 406971 406972
