78762 : 444403 444404
78763 : 444405 444406
78764 : 444407 444408
78765 : 444409 444410
78766 : 444411 444412
78767 : 444413 444414
78768 : 444415 444416
78769 : 444417 444418
78770 : 444419 444420
78771 : 444421 444422
78772 : 444423 444424
78773 : 444425 444426
78774 : 444427 444428
78775 : 444429 444430
78776 : 444431 444432
78777 : 444433 444434
78778 : 444435 444436
78779 : 444437 444438
78780 : 444439 444440
78781 : 444441 444442
78782 : 444443 444444
78783 : 444445 444446
78784 : 444447 444448
78785 : 444449 444450
78786 : 444451 444452
78787 : 444453 444454
78788 : 444455 444456
78789 : 444457 444458
78790 : 444459 444460
78791 : 444461 444462
78792 : 444463 444464
78793 : 444465 444466
78794 : 444467 444468
78795 : 444469 444470
78796 : 444471 444472
78797 : 444473 444474
78798 : 444475 444476
78799 : 444477 444478
78800 : 444479 444480
78801 : 444481 444482
78802 : 444483 444484
78803 : 444485 444486
78804 : 444487 444488
78805 : 444489 444490
78806 : 444491 444492
78807 : 444493 444494
