-10 : 258407 258408
40493 : 258409 258410
40494 : 258411 258412
40495 : 258413 258414
40496 : 258415 258416
40497 : 258417 258418
40498 : 258419 258420
40499 : 258421 258422
40500 : 258423 258424
40501 : 258425 258426
40502 : 258427 258428
40503 : 258429 258430
40504 : 258431 258432
40505 : 258433 258434
40506 : 258435 258436
40507 : 258437 258438
40508 : 258439 258440
40509 : 258441 258442
40510 : 258443 258444
40511 : 258445 258446
40512 : 258447 258448
40513 : 258449 258450
40514 : 258451 258452
40515 : 258453 258454
40516 : 258455 258456
40517 : 258457 258458
40518 : 258459 258460
40519 : 258461 258462
40520 : 258463 258464
40521 : 258465 258466
40522 : 258467 258468
40523 : 258469 258470
40524 : 258471 258472
40525 : 258473 258474
40526 : 258475 258476
40527 : 258477 258478
40528 : 258479 258480
40529 : 258481 258482
40530 : 258483 258484
40531 : 258485 258486
40532 : 258487 258488
40533 : 258489 258490
40534 : 258491 258492
40535 : 258493 258494
40536 : 258495 258496
40537 : 258497 258498
40538 : 258499 258500
