44803 : 366710 366711
44804 : 366712 366713
44805 : 366714 366715
44806 : 366716 366717
44807 : 366718 366719
44808 : 366720 366721
44809 : 366722 366723
44810 : 366724 366725
44811 : 366726 366727
44812 : 366728 366729
44813 : 366730 366731
44814 : 366732 366733
44815 : 366734 366735
44816 : 366736 366737
44817 : 366738 366739
44818 : 366740 366741
44819 : 366742 366743
44820 : 366744 366745
44821 : 366746 366747
44822 : 366748 366749
44823 : 366750 366751
44824 : 366752 366753
44825 : 366754 366755
44826 : 366756 366757
44827 : 366758 366759
44828 : 366760 366761
44829 : 366762 366763
44830 : 366764 366765
44831 : 366766 366767
44832 : 366768 366769
44833 : 366770 366771
44834 : 366772 366773
44835 : 366774 366775
44836 : 366776 366777
44837 : 366778 366779
44838 : 366780 366781
44839 : 366782 366783
44840 : 366784 366785
44841 : 366786 366787
44842 : 366788 366789
44843 : 366790 366791
44844 : 366792 366793
44845 : 366794 366795
44846 : 366796 366797
44847 : 366798 366799
44848 : 366800 366801
44849 : 366802 366803
