25364 : 218095 218096
25365 : 218097 218098
25366 : 218099 218100
25367 : 218101 218102
25368 : 218103 218104
25369 : 218105 218106
25370 : 218107 218108
25371 : 218109 218110
25372 : 218111 218112
25373 : 218113 218114
25374 : 218115 218116
25375 : 218117 218118
25376 : 218119 218120
25377 : 218121 218122
25378 : 218123 218124
25379 : 218125 218126
25380 : 218127 218128
25381 : 218129 218130
25382 : 218131 218132
25383 : 218133 218134
25384 : 218135 218136
25385 : 218137 218138
25386 : 218139 218140
25387 : 218141 218142
25388 : 218143 218144
25389 : 218145 218146
25390 : 218147 218148
25391 : 218149 218150
25392 : 218151 218152
25393 : 218153 218154
25394 : 218155 218156
25395 : 218157 218158
25396 : 218159 218160
25397 : 218161 218162
25398 : 218163 218164
