51351 : 417634 417635
51352 : 417636 417637
51353 : 417638 417639
51354 : 417640 417641
51355 : 417642 417643
51356 : 417644 417645
51357 : 417646 417647
51358 : 417648 417649
51359 : 417650 417651
51360 : 417652 417653
51361 : 417654 417655
51362 : 417656 417657
51363 : 417658 417659
51364 : 417660 417661
51365 : 417662 417663
51366 : 417664 417665
51367 : 417666 417667
51368 : 417668 417669
51369 : 417670 417671
51370 : 417672 417673
51371 : 417674 417675
51372 : 417676 417677
51373 : 417678 417679
51374 : 417680 417681
51375 : 417682 417683
51376 : 417684 417685
51377 : 417686 417687
51378 : 417688 417689
51379 : 417690 417691
51380 : 417692 417693
51381 : 417694 417695
51382 : 417696 417697
51383 : 417698 417699
51384 : 417700 417701
