31204 : 198036 198037
31205 : 198038 198039
31206 : 198040 198041
31207 : 198042 198043
31208 : 198044 198045
31209 : 198046 198047
31210 : 198048 198049
31211 : 198050 198051
31212 : 198052 198053
31213 : 198054 198055
31214 : 198056 198057
31215 : 198058 198059
31216 : 198060 198061
31217 : 198062 198063
31218 : 198064 198065
31219 : 198066 198067
31220 : 198068 198069
31221 : 198070 198071
31222 : 198072 198073
31223 : 198074 198075
31224 : 198076 198077
31225 : 198078 198079
31226 : 198080 198081
31227 : 198082 198083
31228 : 198084 198085
31229 : 198086 198087
31230 : 198088 198089
31231 : 198090 198091
31232 : 198092 198093
31233 : 198094 198095
31234 : 198096 198097
31235 : 198098 198099
31236 : 198100 198101
31237 : 198102 198103
31238 : 198104 198105
31239 : 198106 198107
31240 : 198108 198109
31241 : 198110 198111
31242 : 198112 198113
31243 : 198114 198115
31244 : 198116 198117
31245 : 198118 198119
31246 : 198120 198121
31247 : 198122 198123
31248 : 198124 198125
31249 : 198126 198127
31250 : 198128 198129
31251 : 198130 198131
31252 : 198132 198133
31253 : 198134 198135
31254 : 198136 198137
31255 : 198138 198139
31256 : 198140 198141
31257 : 198142 198143
31258 : 198144 198145
31259 : 198146 198147
31260 : 198148 198149
31261 : 198150 198151
31262 : 198152 198153
31263 : 198154 198155
31264 : 198156 198157
31265 : 198158 198159
31266 : 198160 198161
31267 : 198162 198163
31268 : 198164 198165
31269 : 198166 198167
31270 : 198168 198169
31271 : 198170 198171
31272 : 198172 198173
31273 : 198174 198175
31274 : 198176 198177
31275 : 198178 198179
31276 : 198180 198181
31277 : 198182 198183
31278 : 198184 198185
31279 : 198186 198187
31280 : 198188 198189
31281 : 198190 198191
31282 : 198192 198193
31283 : 198194 198195
31284 : 198196 198197
31285 : 198198 198199
