6360 : 56201 56202
6464 : 56203 56204
6465 : 56205 56206
6466 : 56207 56208
6467 : 56209 56210
6468 : 56211 56212
6469 : 56213 56214
6470 : 56215 56216
6471 : 56217 56218
6472 : 56219 56220
6473 : 56221 56222
6474 : 56223 56224
6475 : 56225 56226
6476 : 56227 56228
6477 : 56229 56230
6478 : 56231 56232
6479 : 56233 56234
6480 : 56235 56236
6481 : 56237 56238
6482 : 56239 56240
6483 : 56241 56242
6484 : 56243 56244
6485 : 56245 56246
6486 : 56247 56248
6487 : 56249 56250
6488 : 56251 56252
6489 : 56253 56254
