20593 : 183005 183006
20740 : 183007 183008
20741 : 183009 183010
20742 : 183011 183012
20743 : 183013 183014
20744 : 183015 183016
20745 : 183017 183018
20746 : 183019 183020
20747 : 183021 183022
20748 : 183023 183024
20749 : 183025 183026
20750 : 183027 183028
20751 : 183029 183030
20752 : 183031 183032
20753 : 183033 183034
20754 : 183035 183036
20755 : 183037 183038
20756 : 183039 183040
20757 : 183041 183042
20758 : 183043 183044
20759 : 183045 183046
20760 : 183047 183048
20761 : 183049 183050
20762 : 183051 183052
20763 : 183053 183054
20764 : 183055 183056
20765 : 183057 183058
20766 : 183059 183060
20767 : 183061 183062
20768 : 183063 183064
20769 : 183065 183066
20770 : 183067 183068
20771 : 183069 183070
20772 : 183071 183072
20773 : 183073 183074
20774 : 183075 183076
20775 : 183077 183078
20776 : 183079 183080
20777 : 183081 183082
20778 : 183083 183084
20779 : 183085 183086
20780 : 183087 183088
