13772 : 92927 92928
13773 : 92929 92930
13774 : 92931 92932
13775 : 92933 92934
13776 : 92935 92936
13777 : 92937 92938
13778 : 92939 92940
13779 : 92941 92942
13780 : 92943 92944
13781 : 92945 92946
13782 : 92947 92948
13783 : 92949 92950
13784 : 92951 92952
13785 : 92953 92954
13786 : 92955 92956
13787 : 92957 92958
13788 : 92959 92960
13789 : 92961 92962
13790 : 92963 92964
13791 : 92965 92966
13792 : 92967 92968
13793 : 92969 92970
13794 : 92971 92972
13795 : 92973 92974
13796 : 92975 92976
13797 : 92977 92978
13798 : 92979 92980
13799 : 92981 92982
13800 : 92983 92984
13801 : 92985 92986
13802 : 92987 92988
13803 : 92989 92990
13804 : 92991 92992
13805 : 92993 92994
13806 : 92995 92996
13807 : 92997 92998
13808 : 92999 93000
13809 : 93001 93002
13810 : 93003 93004
13811 : 93005 93006
