7884 : 75978 75979
7885 : 75980 75981
7886 : 75982 75983
7887 : 75984 75985
7888 : 75986 75987
7889 : 75988 75989
7890 : 75990 75991
7891 : 75992 75993
7892 : 75994 75995
7893 : 75996 75997
7894 : 75998 75999
7895 : 76000 76001
7896 : 76002 76003
7897 : 76004 76005
7898 : 76006 76007
7899 : 76008 76009
7900 : 76010 76011
7901 : 76012 76013
7902 : 76014 76015
7903 : 76016 76017
7904 : 76018 76019
7905 : 76020 76021
7906 : 76022 76023
7907 : 76024 76025
7908 : 76026 76027
7909 : 76028 76029
7910 : 76030 76031
7911 : 76032 76033
7912 : 76034 76035
7913 : 76036 76037
7914 : 76038 76039
7915 : 76040 76041
7916 : 76042 76043
7917 : 76044 76045
7918 : 76046 76047
7919 : 76048 76049
7920 : 76050 76051
7921 : 76052 76053
