31003 : 196869 196870
31004 : 196871 196872
31005 : 196873 196874
31006 : 196875 196876
31007 : 196877 196878
31008 : 196879 196880
31009 : 196881 196882
31010 : 196883 196884
31011 : 196885 196886
31012 : 196887 196888
31013 : 196889 196890
31014 : 196891 196892
31015 : 196893 196894
31016 : 196895 196896
31017 : 196897 196898
31018 : 196899 196900
31019 : 196901 196902
31020 : 196903 196904
31021 : 196905 196906
31022 : 196907 196908
31023 : 196909 196910
31024 : 196911 196912
31025 : 196913 196914
31026 : 196915 196916
31027 : 196917 196918
31028 : 196919 196920
31029 : 196921 196922
31030 : 196923 196924
31031 : 196925 196926
31032 : 196927 196928
31033 : 196929 196930
31034 : 196931 196932
31035 : 196933 196934
31036 : 196935 196936
31037 : 196937 196938
31038 : 196939 196940
31039 : 196941 196942
31040 : 196943 196944
31041 : 196945 196946
31042 : 196947 196948
31043 : 196949 196950
31044 : 196951 196952
31045 : 196953 196954
31046 : 196955 196956
31047 : 196957 196958
31048 : 196959 196960
31049 : 196961 196962
31050 : 196963 196964
31051 : 196965 196966
31052 : 196967 196968
31053 : 196969 196970
31054 : 196971 196972
31055 : 196973 196974
31056 : 196975 196976
31057 : 196977 196978
31058 : 196979 196980
31059 : 196981 196982
31060 : 196983 196984
31061 : 196985 196986
31062 : 196987 196988
31063 : 196989 196990
31064 : 196991 196992
