73947 : 411080 411081
73948 : 411082 411083
73949 : 411084 411085
73950 : 411086 411087
73951 : 411088 411089
73952 : 411090 411091
73953 : 411092 411093
73954 : 411094 411095
73955 : 411096 411097
73956 : 411098 411099
73957 : 411100 411101
73958 : 411102 411103
73959 : 411104 411105
73960 : 411106 411107
73961 : 411108 411109
73962 : 411110 411111
73963 : 411112 411113
73964 : 411114 411115
73965 : 411116 411117
73966 : 411118 411119
73967 : 411120 411121
73968 : 411122 411123
73969 : 411124 411125
73970 : 411126 411127
73971 : 411128 411129
73972 : 411130 411131
73973 : 411132 411133
73974 : 411134 411135
73975 : 411136 411137
73976 : 411138 411139
73977 : 411140 411141
73978 : 411142 411143
73979 : 411144 411145
73980 : 411146 411147
73981 : 411148 411149
73982 : 411150 411151
73983 : 411152 411153
73984 : 411154 411155
73985 : 411156 411157
73986 : 411158 411159
73987 : 411160 411161
73988 : 411162 411163
73989 : 411164 411165
73990 : 411166 411167
73991 : 411168 411169
73992 : 411170 411171
73993 : 411172 411173
73994 : 411174 411175
73995 : 411176 411177
73996 : 411178 411179
73997 : 411180 411181
73998 : 411182 411183
73999 : 411184 411185
74000 : 411186 411187
74001 : 411188 411189
74002 : 411190 411191
74003 : 411192 411193
74004 : 411194 411195
