66164 : 367902 367903
66165 : 367904 367905
66166 : 367906 367907
66167 : 367908 367909
66168 : 367910 367911
66169 : 367912 367913
66170 : 367914 367915
66171 : 367916 367917
66172 : 367918 367919
66173 : 367920 367921
66174 : 367922 367923
66175 : 367924 367925
66176 : 367926 367927
66177 : 367928 367929
66178 : 367930 367931
66179 : 367932 367933
66180 : 367934 367935
66181 : 367936 367937
66182 : 367938 367939
66183 : 367940 367941
66184 : 367942 367943
66185 : 367944 367945
66186 : 367946 367947
66187 : 367948 367949
66188 : 367950 367951
66189 : 367952 367953
66190 : 367954 367955
66191 : 367956 367957
66192 : 367958 367959
66193 : 367960 367961
66194 : 367962 367963
66195 : 367964 367965
66196 : 367966 367967
66197 : 367968 367969
66198 : 367970 367971
66199 : 367972 367973
66200 : 367974 367975
66201 : 367976 367977
66202 : 367978 367979
66203 : 367980 367981
66204 : 367982 367983
66205 : 367984 367985
66206 : 367986 367987
66207 : 367988 367989
66208 : 367990 367991
66209 : 367992 367993
66210 : 367994 367995
66211 : 367996 367997
66212 : 367998 367999
66213 : 368000 368001
66214 : 368002 368003
66215 : 368004 368005
66216 : 368006 368007
66217 : 368008 368009
66218 : 368010 368011
66219 : 368012 368013
66220 : 368014 368015
66221 : 368016 368017
66222 : 368018 368019
66223 : 368020 368021
66224 : 368022 368023
66225 : 368024 368025
66226 : 368026 368027
66227 : 368028 368029
66228 : 368030 368031
66229 : 368032 368033
66230 : 368034 368035
66231 : 368036 368037
66232 : 368038 368039
66233 : 368040 368041
66234 : 368042 368043
66235 : 368044 368045
66236 : 368046 368047
66237 : 368048 368049
66238 : 368050 368051
66239 : 368052 368053
66240 : 368054 368055
66241 : 368056 368057
66242 : 368058 368059
66243 : 368060 368061
66244 : 368062 368063
66245 : 368064 368065
66246 : 368066 368067
66247 : 368068 368069
66248 : 368070 368071
66249 : 368072 368073
66250 : 368074 368075
66251 : 368076 368077
66252 : 368078 368079
66253 : 368080 368081
66254 : 368082 368083
66255 : 368084 368085
66256 : 368086 368087
66257 : 368088 368089
66258 : 368090 368091
66259 : 368092 368093
