54273 : 442660 442661
54274 : 442662 442663
54275 : 442664 442665
54276 : 442666 442667
54277 : 442668 442669
54278 : 442670 442671
54279 : 442672 442673
54280 : 442674 442675
54281 : 442676 442677
54282 : 442678 442679
54283 : 442680 442681
54284 : 442682 442683
54285 : 442684 442685
54286 : 442686 442687
54287 : 442688 442689
54288 : 442690 442691
54289 : 442692 442693
54290 : 442694 442695
54291 : 442696 442697
54292 : 442698 442699
54293 : 442700 442701
54294 : 442702 442703
54295 : 442704 442705
54296 : 442706 442707
54297 : 442708 442709
54298 : 442710 442711
54299 : 442712 442713
54300 : 442714 442715
54301 : 442716 442717
54302 : 442718 442719
54303 : 442720 442721
54304 : 442722 442723
54305 : 442724 442725
54306 : 442726 442727
