13585 : 91976 91977
13586 : 91978 91979
13587 : 91980 91981
13588 : 91982 91983
13589 : 91984 91985
13590 : 91986 91987
13591 : 91988 91989
13592 : 91990 91991
13593 : 91992 91993
13594 : 91994 91995
13595 : 91996 91997
13596 : 91998 91999
13597 : 92000 92001
13598 : 92002 92003
13599 : 92004 92005
13600 : 92006 92007
13601 : 92008 92009
13602 : 92010 92011
13603 : 92012 92013
13604 : 92014 92015
13605 : 92016 92017
13606 : 92018 92019
13607 : 92020 92021
13608 : 92022 92023
13609 : 92024 92025
13610 : 92026 92027
13611 : 92028 92029
13612 : 92030 92031
13613 : 92032 92033
