4336 : 30051 30052
4337 : 30053 30054
4338 : 30055 30056
4339 : 30057 30058
4340 : 30059 30060
4341 : 30061 30062
4342 : 30063 30064
4343 : 30065 30066
4344 : 30067 30068
4345 : 30069 30070
4346 : 30071 30072
4347 : 30073 30074
4348 : 30075 30076
4349 : 30077 30078
4350 : 30079 30080
4351 : 30081 30082
4352 : 30083 30084
4353 : 30085 30086
4354 : 30087 30088
4355 : 30089 30090
4356 : 30091 30092
4357 : 30093 30094
4358 : 30095 30096
4359 : 30097 30098
4360 : 30099 30100
4361 : 30101 30102
4362 : 30103 30104
4363 : 30105 30106
4364 : 30107 30108
4365 : 30109 30110
4366 : 30111 30112
4367 : 30113 30114
4368 : 30115 30116
4369 : 30117 30118
