10732 : 77679 77680
10733 : 77681 77682
10734 : 77683 77684
10735 : 77685 77686
10736 : 77687 77688
10737 : 77689 77690
10738 : 77691 77692
10739 : 77693 77694
10740 : 77695 77696
10741 : 77697 77698
10742 : 77699 77700
10743 : 77701 77702
10744 : 77703 77704
10745 : 77705 77706
10746 : 77707 77708
10747 : 77709 77710
10748 : 77711 77712
10749 : 77713 77714
10750 : 77715 77716
10751 : 77717 77718
10752 : 77719 77720
10753 : 77721 77722
10754 : 77723 77724
10755 : 77725 77726
10756 : 77727 77728
10757 : 77729 77730
10758 : 77731 77732
10759 : 77733 77734
10760 : 77735 77736
10761 : 77737 77738
10762 : 77739 77740
