39871 : 257795 257796
40260 : 257797 257798
40261 : 257799 257800
40262 : 257801 257802
40263 : 257803 257804
40264 : 257805 257806
40265 : 257807 257808
40266 : 257809 257810
40267 : 257811 257812
40268 : 257813 257814
40269 : 257815 257816
40270 : 257817 257818
40271 : 257819 257820
40272 : 257821 257822
40273 : 257823 257824
40274 : 257825 257826
40275 : 257827 257828
40276 : 257829 257830
40277 : 257831 257832
40278 : 257833 257834
40279 : 257835 257836
40280 : 257837 257838
40281 : 257839 257840
40282 : 257841 257842
40283 : 257843 257844
40284 : 257845 257846
40285 : 257847 257848
40286 : 257849 257850
40287 : 257851 257852
40288 : 257853 257854
40289 : 257855 257856
40290 : 257857 257858
40291 : 257859 257860
40292 : 257861 257862
40293 : 257863 257864
40294 : 257865 257866
40295 : 257867 257868
40296 : 257869 257870
40297 : 257871 257872
40298 : 257873 257874
40299 : 257875 257876
40300 : 257877 257878
40301 : 257879 257880
40302 : 257881 257882
40303 : 257883 257884
40304 : 257885 257886
40305 : 257887 257888
40306 : 257889 257890
40307 : 257891 257892
40308 : 257893 257894
40309 : 257895 257896
40310 : 257897 257898
40311 : 257899 257900
40312 : 257901 257902
40313 : 257903 257904
40314 : 257905 257906
40315 : 257907 257908
40316 : 257909 257910
40317 : 257911 257912
40318 : 257913 257914
40319 : 257915 257916
40320 : 257917 257918
