47821 : 391573 391574
47822 : 391575 391576
47823 : 391577 391578
47824 : 391579 391580
47825 : 391581 391582
47826 : 391583 391584
47827 : 391585 391586
47828 : 391587 391588
47829 : 391589 391590
47830 : 391591 391592
47831 : 391593 391594
47832 : 391595 391596
47833 : 391597 391598
47834 : 391599 391600
47835 : 391601 391602
47836 : 391603 391604
47837 : 391605 391606
47838 : 391607 391608
47839 : 391609 391610
47840 : 391611 391612
47841 : 391613 391614
47842 : 391615 391616
47843 : 391617 391618
47844 : 391619 391620
47845 : 391621 391622
47846 : 391623 391624
47847 : 391625 391626
47848 : 391627 391628
47849 : 391629 391630
47850 : 391631 391632
47851 : 391633 391634
47852 : 391635 391636
47853 : 391637 391638
47854 : 391639 391640
47855 : 391641 391642
47856 : 391643 391644
47857 : 391645 391646
47858 : 391647 391648
47859 : 391649 391650
47860 : 391651 391652
47861 : 391653 391654
47862 : 391655 391656
